醫事機構代碼,醫事機構名稱,醫事機構地址,醫事機構電話,成人口罩總剩餘數,兒童口罩剩餘數,來源資料時間
0145080011,衛生福利部花蓮醫院豐濱原住民分院,花蓮縣豐濱鄉豐濱村光豐路４１號,(03)8358141,70,67,2020/02/08 03:50:05
0291010010,連江縣立醫院,連江縣南竿鄉復興村２１７號,(083)623995,204,48,2020/02/08 03:50:05
2331170017,新北市林口區衛生所,新北市林口區忠孝二路５５號,(02)26068760,200,50,2020/02/08 03:50:05
2331200010,新北市坪林區衛生所,新北市坪林區坪林街１０４號,(02)26656272,2,0,2020/02/08 03:50:05
2331210016,新北市三芝區衛生所,新北市三芝區中山路１段１２號,(02)26362007,200,50,2020/02/08 03:50:05
2331240014,新北市平溪區衛生所,新北市平溪區公園街１７號１樓,(02)24951015,0,64,2020/02/08 03:50:05
2331260016,新北市貢寮區衛生所,新北市貢寮區朝陽街７０巷１０號、新北市貢寮區仁愛路１２８號,(02)24901431,0,16,2020/02/08 03:50:05
2333070010,新竹縣橫山鄉衛生所,新竹縣橫山鄉大肚村３鄰新興街１４１巷１０號,(03)5932004,2,0,2020/02/08 03:50:05
2333080016,新竹縣新豐鄉衛生所,新竹縣新豐鄉重興村萃豐路２１號,(03)5591150,200,50,2020/02/08 03:50:05
2333120015,新竹縣峨眉鄉衛生所,新竹縣峨眉鄉峨眉村峨眉街２鄰５號,(03)5800314,0,36,2020/02/08 03:50:05
2333140017,新竹縣五峰鄉衛生所,新竹縣五峰鄉大隘村六鄰９９號,(03)5851005,104,44,2020/02/08 03:50:05
2334090016,宜蘭縣五結鄉衛生所,宜蘭縣五結鄉五結路２段３３７號,(03)9501564,200,50,2020/02/08 03:50:05
2334110013,宜蘭縣大同鄉衛生所,宜蘭縣大同鄉崙埤村朝陽４０號,(03)9801175,6,20,2020/02/08 03:50:05
2335110017,苗栗縣南庄鄉衛生所,苗栗縣南庄鄉東村大同路１７號,(037)822024,10,0,2020/02/08 03:50:05
2335150011,苗栗縣造橋鄉衛生所,苗栗縣造橋鄉造橋村１４鄰８－２號,(037)542755,0,2,2020/02/08 03:50:05
2335170013,苗栗縣獅潭鄉衛生所,苗栗縣獅潭鄉新店村１３０之６號,(037)931309,1,14,2020/02/08 03:50:05
2335180019,苗栗縣泰安鄉衛生所,苗栗縣泰安鄉清安村２鄰７２號,(037)941054,0,34,2020/02/08 03:50:05
2337160015,彰化縣埔鹽鄉衛生所,彰化縣埔鹽鄉好修村員鹿路二段５８號,(04)8653596,200,50,2020/02/08 03:50:05
2338050018,南投縣集集鎮衛生所,南投縣集集鎮民生路１０６號,(049)2762015,200,50,2020/02/08 03:50:05
2338120015,南投縣信義鄉衛生所,南投縣信義鄉明德村玉山路４５號,(049)2791148,0,8,2020/02/08 03:50:05
2341140012,臺南市官田區衛生所,臺南市官田區隆田里中山路一段１２８號,(06)5791493,400,100,2020/02/08 03:50:05
2341250013,台南市南化區衛生所,臺南市南化區南化里２２６－１號,(06)5771139,0,6,2020/02/08 03:50:05
2341300018,臺南市龍崎區衛生所,臺南市龍崎區崎頂里新市子１５８號,(06)5941397,0,58,2020/02/08 03:50:05
2342080015,高雄市仁武區衛生所,高雄市仁武區仁武里地政街２３號,(07)3711434,200,50,2020/02/08 03:50:05
2342130010,高雄市田寮區衛生所,高雄市田寮區南安里崗北路３２號,(07)6361504,0,42,2020/02/08 03:50:05
2342250017,高雄市茂林區衛生所,高雄市茂林區茂林里茂林巷８－４號,(07)6801046,70,40,2020/02/08 03:50:05
2342260013,高雄市桃源區衛生所,高雄市桃源區桃源里南進巷１８８－１號,(07)6861126,154,66,2020/02/08 03:50:05
2342270019,高雄市那瑪夏區衛生所,高雄市那瑪夏區瑪雅里６鄰平和巷２５２號,(07)6701142,212,64,2020/02/08 03:50:05
2343240015,屏東縣滿州鄉衛生所,屏東縣滿州鄉滿州村中山路３１號,(08)8801279,18,6,2020/02/08 03:50:05
2343260017,屏東縣三地門鄉衛生所,屏東縣三地門鄉三地村行政街４號,(08)7991284,172,66,2020/02/08 03:50:05
2343270013,屏東縣霧台鄉衛生所,屏東縣霧台鄉霧台村神山巷６８號,(08)7902232,468,131,2020/02/08 03:50:05
2343280019,屏東縣瑪家鄉衛生所,屏東縣瑪家鄉北葉村風景巷８６號,(08)7991164,2,16,2020/02/08 03:50:05
2343290015,屏東縣泰武鄉衛生所,屏東縣泰武鄉佳平村１７９號,(08)7832059,180,54,2020/02/08 03:50:05
2343300016,屏東縣來義鄉衛生所,屏東縣來義鄉古樓村中正路９０號,(08)7850103,300,66,2020/02/08 03:50:05
2343320018,屏東縣獅子鄉衛生所,屏東縣獅子鄉楓林村楓林二巷３１號,(08)8771324,158,66,2020/02/08 03:50:05
2343330014,屏東縣牡丹鄉衛生所,屏東縣牡丹鄉石門村１９號,(08)8831013,46,20,2020/02/08 03:50:05
2344011036,澎湖縣馬公市第三衛生所,澎湖縣馬公市西文里１１８之２號,(06)9211723,28,42,2020/02/08 03:50:05
2344030013,澎湖縣白沙鄉衛生所,澎湖縣白沙鄉赤崁村３５９號,(06)9931044,4,2,2020/02/08 03:50:05
2344030022,澎湖縣白沙鄉鳥嶼衛生所,澎湖縣白沙鄉鳥嶼村漁港新村３號,(06)9916092,0,20,2020/02/08 03:50:05
2344030031,澎湖縣白沙鄉吉貝衛生所,澎湖縣白沙鄉吉貝村８－１３號,(06)9911430,0,20,2020/02/08 03:50:05
2344050015,澎湖縣望安鄉衛生所,澎湖縣望安鄉西安村３６－７號,(06)9991036,2,84,2020/02/08 03:50:05
2344050024,澎湖縣望安鄉將軍衛生所,澎湖縣望安鄉將軍村１２鄰將軍澳１之３號,(06)9902066,110,80,2020/02/08 03:50:05
2344060011,澎湖縣七美鄉衛生所,澎湖縣七美鄉中和村埔內５４號,(06)9971005,0,38,2020/02/08 03:50:05
2345100014,花蓮縣富里鄉衛生所,花蓮縣富里鄉富里村中山路２０３號,(03)8831029,0,2,2020/02/08 03:50:05
2345120016,花蓮縣萬榮鄉衛生所,花蓮縣萬榮鄉萬榮村１２號,(03)8751651,2,54,2020/02/08 03:50:05
2346050013,台東縣大武鄉衛生所,台東縣大武鄉大武村濱海路１００號,(089)791325,4,20,2020/02/08 03:50:05
2346070015,臺東縣東河鄉衛生所,臺東縣東河鄉東河村南東河路１０鄰３００號,(089)896289,0,20,2020/02/08 03:50:05
2346110014,台東縣綠島鄉衛生所,台東縣綠島鄉中寮村１－１號,(089)672511,0,22,2020/02/08 03:50:05
2346120010,台東縣延平鄉衛生所,台東縣延平鄉桃源村昇平路１１號,(089)561040,22,34,2020/02/08 03:50:05
2346140012,台東縣達仁鄉衛生所,台東縣達仁鄉安朔村復興路１２２號,(089)702209,116,54,2020/02/08 03:50:05
2346150018,台東縣金峰鄉衛生所,台東縣金峰鄉賓茂村１鄰１４號,(089)772201,180,36,2020/02/08 03:50:05
2346160014,台東縣蘭嶼鄉衛生所,台東縣蘭嶼鄉紅頭村３６號,(089)732575,238,86,2020/02/08 03:50:05
2390050032,金門縣烈嶼鄉衛生所,金門縣烈嶼鄉西口村西方６－５號,(082)362078,0,2,2020/02/08 03:50:05
2391020010,連江縣北竿鄉衛生所,連江縣北竿鄉塘岐村２５號,(083)655592,200,56,2020/02/08 03:50:05
2391030016,連江縣莒光鄉西莒衛生所,連江縣莒光鄉青帆村１４－１號,(083)689122,252,88,2020/02/08 03:50:05
2391030026,連江縣莒光鄉東莒衛生所,連江縣莒光鄉大坪村３０－１號,(083)689038,273,92,2020/02/08 03:50:05
2391040012,連江縣東引鄉衛生所,連江縣東引鄉中柳村１２３號,(083)677206,98,80,2020/02/08 03:50:05
5901011662,上允藥局,台北市松山區民生東路５段７８號,(02)27696905,0,34,2020/02/08 03:50:05
5901011733,和諧藥局,台北市松山區民生東路５段１４８號２樓,(02)27568580,16,6,2020/02/08 03:50:05
5901011760,延壽藥局,台北市松山區延壽街３２７號,(02)27685159,0,12,2020/02/08 03:50:05
5901011975,萬泰藥局,台北市松山區敦化北路２２２巷３８號,(02)27135891,4,0,2020/02/08 03:50:05
5901012383,德川中西藥局,台北市松山區八德路４段９６號,(02)27683399,4,4,2020/02/08 03:50:05
5901012454,敦北藥局,台北市松山區民生東路４段８０巷５號,(02)27155691,2,0,2020/02/08 03:50:05
5901012490,中美藥局,台北市松山區富錦街５３１號,(02)27627468,0,3,2020/02/08 03:50:05
5901012507,康麗藥局,台北市松山區南京東路３段３０３巷２０號,(02)27174117,0,4,2020/02/08 03:50:05
5901012570,予志藥局,台北市松山區富錦街５２１號,(02)27623522,0,2,2020/02/08 03:50:05
5901012632,晨安藥局,台北市松山區八德路３段１５５巷２０弄２號,(02)25798460,0,2,2020/02/08 03:50:05
5901012669,政昇藥局,台北市松山區南京東路５段３５６號１３樓,(02)27560286,2,60,2020/02/08 03:50:05
5901012767,晨新藥局,台北市松山區八德路４段９１巷１－１號,(02)27422951,0,6,2020/02/08 03:50:05
5901013095,康采藥局,台北市松山區南京東路５段２９１巷１７－２號,(02)27670271,6,0,2020/02/08 03:50:05
5901013120,誠康中西藥局,台北市松山區南京東路５段５９巷３１弄４３號,(02)27619679,1,9,2020/02/08 03:50:05
5901013264,佑翔藥局,台北市松山區民生東路５段９５號,(02)87875050,2,6,2020/02/08 03:50:05
5901013344,健康活力藥師藥局,台北市松山區民生東路５段２１９號,(02)27455556,0,2,2020/02/08 03:50:05
5901013442,松山八德藥局,臺北市松山區八德路２段４００號,(02)27782773,0,30,2020/02/08 03:50:05
5901013451,新德大藥局,臺北市松山區饒河街２０４號,(02)27673402,0,4,2020/02/08 03:50:05
5901013460,光點延新藥局,台北市松山區延壽街１０１號,(02)27667795,0,8,2020/02/08 03:50:05
5901013488,欣生藥局,臺北市松山區民生東路５段１３８巷１號,(02)27567611,0,20,2020/02/08 03:50:05
5901013497,民生盛康藥局,臺北市松山區民生東路５段２０４號,(02)27460758,6,4,2020/02/08 03:50:05
5901013513,立赫民生藥局,臺北市松山區民生東路４段６８號,(02)27139200,0,8,2020/02/08 03:50:05
5901020296,百立藥局,台北市大安區和平東路３段２２８巷６６號１樓,(02)27327211,0,8,2020/02/08 03:50:05
5901020376,靜園藥局,台北市大安區和平東路２段１１８巷５７之１號,(02)27336390,4,0,2020/02/08 03:50:05
5901020554,師大藥局,台北市大安區師大路９９號１樓,(02)23623479,0,2,2020/02/08 03:50:05
5901020616,龍護大藥局,台北市大安區大安路１段２２４巷７號１Ｆ,(02)23250686,0,2,2020/02/08 03:50:05
5901020670,杏安堂藥局,台北市大安區忠孝東路４段７７巷３０號１樓,(02)27517636,0,11,2020/02/08 03:50:05
5901020689,四維藥局,台北市大安區復興南路２段１５１巷４３號１樓,(02)27094222,0,6,2020/02/08 03:50:05
5901020876,大興藥局,台北市大安區通化街３９巷５０弄１５號１樓,(02)27053369,2,0,2020/02/08 03:50:05
5901020901,辰安藥局,台北市大安區大安路１段３１巷２８號,(02)27119536,0,14,2020/02/08 03:50:05
5901021248,永誠藥局,台北市大安區忠孝東路４段２１６巷２５之１號,(02)27520273,0,22,2020/02/08 03:50:05
5901021382,建如藥局,台北市大安區和平東路３段２２８巷１１號１Ｆ,(02)27331456,4,0,2020/02/08 03:50:05
5901021408,生百藥局,台北市大安區臨江街１２４號,(02)27371011,2,24,2020/02/08 03:50:05
5901022521,台安藥局,台北市大安區和平東路２段３５３號１樓,(02)27549099,2,0,2020/02/08 03:50:05
5901022601,生光藥局,台北市大安區忠孝東路３段２４８巷２號,(02)27780862,7,0,2020/02/08 03:50:05
5901022898,永康藥局,台北市大安區麗水街６之２號,(02)23279362,0,10,2020/02/08 03:50:05
5901023073,世中欣藥局,台北市大安區永康街２巷８號,(02)23938947,2,0,2020/02/08 03:50:05
5901023091,加豐藥局,台北市大安區忠孝東路３段２１６巷３弄１號１樓,(02)27219678,124,62,2020/02/08 03:50:05
5901023153,崇光藥局,台北市大安區忠孝東路３段３０５號７樓之３,(02)27217958,0,34,2020/02/08 03:50:05
5901023215,大愛健康藥局,台北市大安區敦化南路２段６３巷６５號,(02)27092156,4,0,2020/02/08 03:50:05
5901023304,麗樺藥師藥局,台北市大安區麗水街３號,(02)23952628,6,2,2020/02/08 03:50:05
5901023313,安和藥局,台北市大安區安和路１段１０２巷３號,(02)27092349,0,10,2020/02/08 03:50:05
5901023331,佑安藥局,台北市大安區延吉街２３３巷９號,(02)27069339,0,26,2020/02/08 03:50:05
5901023591,一心藥局,台北市大安區和平東路３段２３８號,(02)27321818,0,6,2020/02/08 03:50:05
5901023653,信安健康藥局,台北市大安區仁愛路４段１２２巷５８號,(02)27084858,2,6,2020/02/08 03:50:05
5901023680,新富川藥局,台北市大安區大安路１段５１巷４號,(02)27114758,0,10,2020/02/08 03:50:05
5901023706,聖英藥局,台北市大安區仁愛路４段２６６巷１５弄１８號,(02)27055851,0,6,2020/02/08 03:50:05
5901023886,世康藥局,台北市大安區延吉街２４６號,(02)27015758,0,4,2020/02/08 03:50:05
5901024007,古亭健康人生藥局,台北市大安區羅斯福路２段８３號,(02)23660895,2,0,2020/02/08 03:50:05
5901024098,杏一瑞安藥局,台北市大安區瑞安街２０８巷１１弄１號,(02)27096710,0,8,2020/02/08 03:50:05
5901024212,中力信義藥局,台北市大安區信義路４段５１號,(02)23250266,0,20,2020/02/08 03:50:05
5901024221,安居藥局,台北市大安區安居街１９號,(02)23773537,0,10,2020/02/08 03:50:05
5901024347,博大藥局,台北市大安區安和路２段６５號,(02)27027858,0,4,2020/02/08 03:50:05
5901024481,微笑藥師藥局,台北市大安區信義路３段３１巷４號,(02)27009655,0,2,2020/02/08 03:50:05
5901024632,艾登安和藥局,台北市大安區安和路１段１２３號,(02)27015201,4,20,2020/02/08 03:50:05
5901024669,百岳藥局,台北市大安區和平東路２段３１１巷１１號,(02)27551037,0,22,2020/02/08 03:50:05
5901024856,杏一台北國泰藥局,台北市大安區仁愛路４段２６６巷１５弄４號,(02)27011785,0,2,2020/02/08 03:50:05
5901024865,沛林東區生活藥粧藥局,台北市大安區敦化南路１段１８７巷１７號,(02)27763759,0,4,2020/02/08 03:50:05
5901024874,奇異果大安藥局,台北市大安區大安路１段１９０號,(02)23250891,0,2,2020/02/08 03:50:05
5901024883,躍獅敦和藥局,台北市大安區和平東路３段１０號,(02)23785767,0,10,2020/02/08 03:50:05
5901024892,太醫藥局,台北市大安區師大路１２號,(02)23685125,2,0,2020/02/08 03:50:05
5901024918,康祥藥局,台北市大安區忠孝東路４段２１６巷２１號,(02)27817891,0,8,2020/02/08 03:50:05
5901024927,高特敦南藥局,台北市大安區信義路４段１１５號,(092)0318305,200,50,2020/02/08 03:50:05
5901090074,慈仁藥局,台北市大同區歸綏街２６１號１樓,(02)25572733,0,6,2020/02/08 03:50:05
5901090154,柯藥局,台北市大同區重慶北路３段３３５巷６號,(02)25948515,0,2,2020/02/08 03:50:05
5901090181,時春藥局,台北市大同區赤峰街４號,(02)25597918,0,4,2020/02/08 03:50:05
5901090216,裕仁藥局,台北市大同區迪化街２段２７０號－１,(02)25910064,0,22,2020/02/08 03:50:05
5901090243,建祥藥局,台北市大同區寧夏路１７號、１７－１號,(02)25556476,0,2,2020/02/08 03:50:05
5901090323,泰元藥局,台北市大同區哈密街９１號,(02)25914592,0,2,2020/02/08 03:50:05
5901091473,快安藥局,台北市大同區南京西路２８２、２８４號,(02)25561925,4,0,2020/02/08 03:50:05
5901091857,佳禾藥局,台北市大同區大龍街２６２號,(02)25953806,0,2,2020/02/08 03:50:05
5901091884,躍獅雙蓮藥局,台北市大同區涼州街４號,(02)25537551,0,2,2020/02/08 03:50:05
5901091973,延平新聖安藥局,台北市大同區延平北路３段３５號,(02)25923399,0,4,2020/02/08 03:50:05
5901091991,德芳藥局,台北市大同區民生西路９１號,(02)25576869,12,0,2020/02/08 03:50:05
5901092069,躍獅遠東藥局,台北市大同區南京西路３７４號（實際營業地址：１樓）,(02)25594835,0,4,2020/02/08 03:50:05
5901100333,明美藥局,台北市中山區長春路６９號,(02)25365419,2,6,2020/02/08 03:50:05
5901100422,滿順藥局,台北市中山區伊通街５４號１樓,(02)25075283,4,0,2020/02/08 03:50:05
5901100431,長生藥局,台北市中山區松江路３６２巷５５號１樓,(02)25816210,0,8,2020/02/08 03:50:05
5901100440,優豐藥局,台北市中山區民生東路１段３２號,(02)25602565,0,10,2020/02/08 03:50:05
5901100495,能康藥局,台北市中山區長春路４６號,(02)25429426,4,2,2020/02/08 03:50:05
5901100664,阿里藥局,台北市中山區錦州街２５１號,(02)25020638,0,14,2020/02/08 03:50:05
5901100959,武璋大藥局,台北市中山區伊通街９７號之２,(02)25072026,2,0,2020/02/08 03:50:05
5901101072,長青藥局,台北市中山區興安街５５號１樓,(02)25053160,0,6,2020/02/08 03:50:05
5901101205,大直藥局,台北市中山區北安路６１７號１樓,(02)25320522,0,2,2020/02/08 03:50:05
5901101536,展佑藥局,台北市中山區長春路１４６－１號,(02)25232803,2,0,2020/02/08 03:50:05
5901101625,中崙藥局,台北市中山區八德路２段３０７號,(02)27114971,2,0,2020/02/08 03:50:05
5901102015,久大藥局,台北市中山區林森北路４８０號,(02)25111594,4,4,2020/02/08 03:50:05
5901102417,民生興安藥局,台北市中山區民生東路３段９０－１號,(02)25018310,2,4,2020/02/08 03:50:05
5901102515,華康藥局,台北市中山區民生西路３巷２之１號,(02)25211772,2,0,2020/02/08 03:50:05
5901102579,晴光藥局,台北市中山區農安街２３之２號,(02)25951393,12,2,2020/02/08 03:50:05
5901102677,興康源藥局,台北市中山區中山北路１段１４０巷８號,(02)25311248,0,8,2020/02/08 03:50:05
5901102748,淮濟藥師藥局,台北市中山區北安路５７０號〈實際營業地址：１樓及地下１樓〉,(02)85098636,0,2,2020/02/08 03:50:05
5901102828,逸帆藥局,台北市中山區錦州街１８９號,(02)25222323,2,0,2020/02/08 03:50:05
5901103147,娸淇藥局,台北市中山區伊通街９５號,(02)25082762,4,40,2020/02/08 03:50:05
5901103183,OK藥師藥局,台北市中山區興安街９５號,(02)25170068,0,2,2020/02/08 03:50:05
5901103423,農安藥局,台北市中山區農安街１８之１號,(02)25959293,12,0,2020/02/08 03:50:05
5901103469,聖晨藥局,台北市中山區農安街１４０號,(02)25960359,0,2,2020/02/08 03:50:05
5901103496,杏一龍錦藥局,台北市中山區龍江路２６４號,(02)25174618,0,8,2020/02/08 03:50:05
5901103512,大樹龍江藥局,台北市中山區龍江路２４２號,(02)25035666,0,6,2020/02/08 03:50:05
5901103521,中華藥局,台北市中山區農安街４５之１號,(02)25997888,0,2,2020/02/08 03:50:05
5901110080,葛蘭素藥局,台北市內湖區內湖路２段１０３巷１２８號１樓,(02)27997824,6,0,2020/02/08 03:50:05
5901110624,宏光藥局,台北市內湖區成功路２段２２１號１樓,(02)27919068,0,4,2020/02/08 03:50:05
5901111890,安康藥局,台北市內湖區安康路４８２號,(02)26327675,4,0,2020/02/08 03:50:05
5901112600,匯安藥局,台北市內湖區內湖路１段７０３之１號,(02)26579255,6,0,2020/02/08 03:50:05
5901112682,富康東湖藥局,台北市內湖區東湖路１１９巷４９弄１６號,(02)26323222,2,2,2020/02/08 03:50:05
5901112726,高昱藥局,台北市內湖區陽光街３２１巷２６號２樓之１５,(02)87519962,1,0,2020/02/08 03:50:05
5901112762,樂活藥師藥局,台北市內湖區內湖路２段３６８號,(02)27968052,1,0,2020/02/08 03:50:05
5901112780,樂康藥妝藥局,台北市內湖區文德路１１７號,(02)26562110,0,4,2020/02/08 03:50:05
5901112824,思恩藥局,台北市內湖區成功路４段６１巷２６號,(02)27965808,8,0,2020/02/08 03:50:05
5901112842,早安元氣藥局,台北市內湖區成功路４段５３號１樓,(02)27925994,0,2,2020/02/08 03:50:05
5901112995,昇龍藥局,台北市內湖區東湖路１５１號,(02)26316783,0,6,2020/02/08 03:50:05
5901113027,晟安藥局,台北市內湖區金龍路１３５號,(02)87919320,0,16,2020/02/08 03:50:05
5901113045,西湖藥局,台北市內湖區內湖路１段３５５號,(02)26279291,0,4,2020/02/08 03:50:05
5901113296,喜越藥局,台北市內湖區內湖路１段２８５巷５９弄７號,(02)26271955,0,2,2020/02/08 03:50:05
5901113330,躍獅大湖藥局,台北市內湖區成功路４段３２９號,(02)27945376,0,2,2020/02/08 03:50:05
5901113376,內湖藥局,台北市內湖區康寧路１段１１６號,(02)27940545,0,24,2020/02/08 03:50:05
5901113385,躍獅康成藥局,台北市內湖區成功路４段６１巷１１號,(02)87922031,2,18,2020/02/08 03:50:05
5901113438,晶龍藥局,台北市內湖區成功路４段２１８號,(02)27956255,0,2,2020/02/08 03:50:05
5901113545,和康健保藥局,台北市內湖區文德路６６巷４１號,(02)27997202,200,50,2020/02/08 03:50:05
5901113554,葫光藥局,台北市內湖區康寧路３段５４巷６號,(02)26336611,2,0,2020/02/08 03:50:05
5901120022,旭村藥局,台北市南港區興華路１１２號,(02)27820948,0,2,2020/02/08 03:50:05
5901120139,裕成藥局,台北市南港區玉成街１６６巷１３號,(02)27851227,0,2,2020/02/08 03:50:05
5901120175,新錦安藥局,台北市南港區南港路３段３４號,(02)27825218,2,0,2020/02/08 03:50:05
5901120184,仁泰藥局,台北市南港區同德路２８號,(02)27855464,0,16,2020/02/08 03:50:05
5901121421,祥安藥局,台北市南港區中坡南路２５號,(02)26547322,6,18,2020/02/08 03:50:05
5901121449,麗康藥局,台北市南港區同德路５１號,(02)26515236,1,1,2020/02/08 03:50:05
5901121574,上丞藥師藥局,台北市南港區成福路１０號１樓,(02)26535589,0,30,2020/02/08 03:50:05
5901121592,忠孝藥局,台北市南港區成福路１６號,(02)27862829,0,6,2020/02/08 03:50:05
5901121618,新東發藥局,台北市南港區成福路１９８號,(02)27855190,0,4,2020/02/08 03:50:05
5901121672,亞博藥師藥局,台北市南港區興華路８１號,(02)27838090,0,2,2020/02/08 03:50:05
5901121869,南港藥局,台北市南港區南港路一段１６６號,(02)27829137,0,4,2020/02/08 03:50:05
5901121896,順翔藥局,台北市南港區研究院路２段１７０號,(02)27824332,1,0,2020/02/08 03:50:05
5901121912,成恩藥局,台北市南港區成福路２３號,(02)27856602,2,12,2020/02/08 03:50:05
5901121930,小藥師健保藥局,台北市南港區福德街３２０之１號,(02)27867002,0,2,2020/02/08 03:50:05
5901121985,勝安藥局,台北市南港區舊莊街１段１６５號,(02)27828450,0,46,2020/02/08 03:50:05
5901122026,杏一中坡藥局,台北市南港區中坡南路３３號、３５號,(02)27827418,0,18,2020/02/08 03:50:05
5901122035,成福大藥局,臺北市南港區成福路８號,(02)27859221,4,0,2020/02/08 03:50:05
5901150146,坤成泰藥局,台北市士林區大南路４１２號,(02)28813903,0,1,2020/02/08 03:50:05
5901150235,杏城藥局,台北市士林區天母東路２４號,(02)28725144,0,18,2020/02/08 03:50:05
5901150271,建芳藥局,台北市士林區德行東路１４８號,(02)28357172,2,0,2020/02/08 03:50:05
5901150342,士林三安藥局,台北市士林區大南路１１號,(02)28812631,0,18,2020/02/08 03:50:05
5901150459,有德堂大藥局,台北市士林區中山北路６段２２７號,(02)28318387,176,50,2020/02/08 03:50:05
5901150468,太安藥局,台北市士林區延平北路５段１５７號,(02)28111468,0,2,2020/02/08 03:50:05
5901150548,田倉藥局,台北市士林區士東路１２４號,(02)88662188,0,2,2020/02/08 03:50:05
5901150593,安寧藥局,台北市士林區劍潭路９１號,(02)28803319,0,6,2020/02/08 03:50:05
5901150682,加赫藥局,台北市士林區文昌路７６號,(02)28336362,0,2,2020/02/08 03:50:05
5901150815,陽明藥局,台北市士林區菁山路１０號１樓,(02)28612863,162,56,2020/02/08 03:50:05
5901151956,康鈺藥局,台北市士林區德行東路１３３號１樓,(02)28313915,2,0,2020/02/08 03:50:05
5901152471,得安藥局,台北市士林區文林路１４０號,(02)28836336,0,12,2020/02/08 03:50:05
5901152604,達揚藥局,台北市士林區社正路３６號１樓,(02)88115559,0,3,2020/02/08 03:50:05
5901152640,仁大藥局,台北市士林區社子街１３號１樓,(02)88113793,0,4,2020/02/08 03:50:05
5901152686,三光藥局,台北市士林區延平北路５段３２０號１樓,(02)28123786,0,4,2020/02/08 03:50:05
5901152793,信光藥局,台北市士林區文昌路６８號,(02)28366277,0,2,2020/02/08 03:50:05
5901152837,文昌大藥局,台北市士林區文昌路７２號,(02)28376196,0,8,2020/02/08 03:50:05
5901152882,天爵藥局,台北市士林區中山北路６段４５０巷１號,(02)28733759,0,14,2020/02/08 03:50:05
5901153110,美麗田藥局,台北市士林區通河街７８號,(02)28855990,0,4,2020/02/08 03:50:05
5901153245,大東健保藥局,臺北市士林區大東路８６－４號,(02)28834672,0,2,2020/02/08 03:50:05
5901153263,健揚藥局,台北市士林區延平北路５段２５１號,(02)28163698,0,3,2020/02/08 03:50:05
5901153325,天母康甯健保藥局,台北市士林區克強路８號,(02)28366631,0,8,2020/02/08 03:50:05
5901153432,大南春天生活藥局,台北市士林區大南路３１７、３１９號,(02)28882196,0,4,2020/02/08 03:50:05
5901153496,躍獅忠誠藥局,台北市士林區忠義街７０號,(02)28387948,0,2,2020/02/08 03:50:05
5901153503,祥新藥局,台北市士林區社子街６５號,(02)28110906,2,0,2020/02/08 03:50:05
5901153521,天母台安藥局,台北市士林區天母西路３４號,(02)28728017,0,12,2020/02/08 03:50:05
5901153656,德行盛康藥局,台北市士林區德行東路２０６之１號,(02)28348756,0,4,2020/02/08 03:50:05
5901153674,愛佳藥局,台北市士林區承德路４段２２２之１號,(02)28811199,2,0,2020/02/08 03:50:05
5901153683,安奕藥局,台北市士林區葫蘆街３０巷１２號,(02)28133289,0,12,2020/02/08 03:50:05
5901153727,前港盛康藥局,台北市士林區前港街２８號,(02)28831079,0,6,2020/02/08 03:50:05
5901153781,文林生活健保藥局,台北市士林區文林路５６２號（實際使用：１樓）,(02)28381971,162,48,2020/02/08 03:50:05
5901153790,天母盛康藥局,台北市士林區天母東路８巷８４號,(02)28720208,0,14,2020/02/08 03:50:05
5901153852,躍獅芝山藥局,台北市士林區福華路１５４號（實際使用：１樓）,(02)28365822,2,16,2020/02/08 03:50:05
5901153870,容育藥局,台北市士林區延平北路６段８號（實際使用：１樓）,(02)28113680,4,0,2020/02/08 03:50:05
5901160277,建民藥局,台北市北投區光明路１６１號,(02)28912339,0,2,2020/02/08 03:50:05
5901160286,昌源藥局,台北市北投區中央北路４段４８５號,(02)28928695,10,0,2020/02/08 03:50:05
5901160320,益元藥局,台北市北投區光明路１０６號,(02)28912675,0,4,2020/02/08 03:50:05
5901160400,世全藥局,台北市北投區知行路２７３號,(02)28585378,4,10,2020/02/08 03:50:05
5901160428,九福藥局,台北市北投區公館路２３６號,(02)28953009,4,0,2020/02/08 03:50:05
5901160544,黎明藥局,台北市北投區尊賢街２５３－１號,(02)28223795,0,2,2020/02/08 03:50:05
5901160802,美康藥局,台北市北投區明德路９０號１樓,(02)28281176,0,4,2020/02/08 03:50:05
5901161890,良興藥局,台北市北投區中和街２８６號,(02)28933360,0,3,2020/02/08 03:50:05
5901161998,玉山藥局,台北市北投區光明路１４５號,(02)28956236,4,0,2020/02/08 03:50:05
5901162002,實踐藥局,台北市北投區實踐街１３號,(02)28276616,0,10,2020/02/08 03:50:05
5901162119,祐鄰藥局,台北市北投區尊賢街２５０號,(02)28281232,0,10,2020/02/08 03:50:05
5901162306,上頤藥局,台北市北投區中和街３２７號１樓,(02)28981230,0,2,2020/02/08 03:50:05
5901162459,國泰藥師藥局,台北市北投區自強街１３９－１號,(02)28223995,0,2,2020/02/08 03:50:05
5901162879,杏嘉藥局,台北市北投區清江路６８號,(02)28982340,0,2,2020/02/08 03:50:05
5901163027,躍獅光明藥局,台北市北投區光明路５１、５３號,(02)28915993,16,24,2020/02/08 03:50:05
5901163107,小豬藥局,台北市北投區石牌路１段１６６巷８３號,(02)28217099,0,2,2020/02/08 03:50:05
5901163241,昱仁藥局,台北市北投區光明路１０２號２樓,(02)28979050,4,30,2020/02/08 03:50:05
5901163250,關渡松藥局,台北市北投區知行路２４７號,(02)28584824,0,2,2020/02/08 03:50:05
5901163296,天禧大藥局,台北市北投區實踐街３５號,(02)28213558,0,10,2020/02/08 03:50:05
5901163312,秝安藥局,台北市北投區石牌路１段６９號（實際使用：１樓）,(02)28215399,0,13,2020/02/08 03:50:05
5901163394,致遠春天藥局,臺北市北投區致遠一路１段１３２號１、２樓,(02)28253258,0,2,2020/02/08 03:50:05
5901163410,尊賢藥局,台北市北投區尊賢街２１２號,(02)28270505,0,6,2020/02/08 03:50:05
5901163429,致遠盛康藥局,台北市北投區致遠二路１４１號,(02)28263580,200,50,2020/02/08 03:50:05
5901163474,怡人藥局,台北市北投區自強街１６８號,(02)28211598,0,22,2020/02/08 03:50:05
5901163483,天富大藥局,台北市北投區石牌路２段１７１號１、２樓,(02)28225812,0,2,2020/02/08 03:50:05
5901163509,吉利春天生活藥局,台北市北投區吉利街１２０號,(02)28253256,0,2,2020/02/08 03:50:05
5901170040,惠群藥局,台北市信義區忠孝東路４段５５９巷３８號,(02)27679234,0,2,2020/02/08 03:50:05
5901170139,福華藥局,台北市信義區吳興街２８１巷３號１樓,(02)27208527,0,6,2020/02/08 03:50:05
5901170255,松隆藥局,台北市信義區虎林街６５號,(02)27684033,2,2,2020/02/08 03:50:05
5901170264,杏康藥局,台北市信義區忠孝東路５段３７２巷２７弄６８－２號１Ｆ,(02)23457422,0,13,2020/02/08 03:50:05
5901170335,慧生藥局,台北市信義區松山路３１０號,(02)27647138,0,32,2020/02/08 03:50:05
5901170399,文豐藥局,台北市信義區松山路５４３號－１,(02)27272709,0,2,2020/02/08 03:50:05
5901170648,立信藥局,台北市信義區松山路４０３號,(02)27687754,2,0,2020/02/08 03:50:05
5901170906,吳興藥局,台北市信義區吳興街２７９號１樓,(02)27208328,0,22,2020/02/08 03:50:05
5901170915,杏仁藥局,台北市信義區大道路１３５號,(02)27262541,4,0,2020/02/08 03:50:05
5901172160,佑華藥局,台北市信義區忠孝東路５段５０８－４號１樓,(02)27595719,2,10,2020/02/08 03:50:05
5901172197,得揚藥局,台北市信義區忠孝東路５段４５２號１樓,(02)87884667,2,0,2020/02/08 03:50:05
5901172213,華泰藥局,台北市信義區虎林街８２巷５號,(02)27601992,0,28,2020/02/08 03:50:05
5901172240,德康大藥局,台北市信義區松山路５４１巷２１號,(02)27272502,4,2,2020/02/08 03:50:05
5901172268,皇佳大藥局,台北市信義區松山路５４１巷１９號,(02)27269868,2,14,2020/02/08 03:50:05
5901172508,好康藥局,台北市信義區莊敬路４１４號,(02)27232979,0,2,2020/02/08 03:50:05
5901172544,麗中藥局,台北市信義區福德街２１７號,(02)27594416,2,0,2020/02/08 03:50:05
5901172651,康杏藥局,台北市信義區福德街３０６號１樓,(02)27591510,0,2,2020/02/08 03:50:05
5901172740,信桉藥局,台北市信義區莊敬路２３６號,(02)87860005,0,2,2020/02/08 03:50:05
5901172786,安佑藥局,台北市信義區吳興街２４７號１樓,(02)27222236,0,4,2020/02/08 03:50:05
5901172924,松仁藥局,台北市信義區松仁路２３３號,(02)27238626,34,30,2020/02/08 03:50:05
5901173050,貴臨藥局,台北市信義區永吉路３２６巷１９號,(02)27493768,0,2,2020/02/08 03:50:05
5901173283,上禾藥師藥局,台北市信義區林口街２７號,(02)27592686,0,14,2020/02/08 03:50:05
5901173292,荐荃藥師藥局,台北市信義區虎林街６８之３號,(02)27492866,0,8,2020/02/08 03:50:05
5901173390,馨馨藥局,台北市信義區虎林街８２巷１９號,(02)27491208,0,6,2020/02/08 03:50:05
5901173407,康怡健保藥局,台北市信義區吳興街４６７巷２弄１２號,(02)27206193,2,8,2020/02/08 03:50:05
5901173658,杏一永春藥局,台北市信義區松山路２９２巷１７號,(02)27495938,0,28,2020/02/08 03:50:05
5901173701,壹間藥師藥局,台北市信義區虎林街１２０巷１４８號,(02)27672833,2,0,2020/02/08 03:50:05
5901173710,專品光復藥局,台北市信義區光復南路４６７之１號,(02)27586682,2,0,2020/02/08 03:50:05
5901173738,尚頤中西藥局,台北市信義區虎林街１４５號,(02)27253818,0,10,2020/02/08 03:50:05
5901173756,信義盛康藥局,台北市信義區永吉路２８６號,(02)23460521,1,0,2020/02/08 03:50:05
5901173765,上好藥師藥局,台北市信義區永吉路３０巷１０１弄４８號,(02)27677088,2,8,2020/02/08 03:50:05
5901180037,崇信藥局,台北市中正區齊東街８８號,(02)23417557,0,4,2020/02/08 03:50:05
5901180055,日生大藥局,台北市中正區汀州路１段５３號１樓,(02)23031393,0,2,2020/02/08 03:50:05
5901180304,祥全藥局,台北市中正區信義路２段７９巷１５－８號１Ｆ,(02)23939339,0,20,2020/02/08 03:50:05
5901182068,永興藥局,台北市中正區汀州路１段９２巷２８號,(02)23050986,0,20,2020/02/08 03:50:05
5901182086,國杏藥師示範藥局,台北市中正區延平南路１７１巷３號,(02)23811322,0,30,2020/02/08 03:50:05
5901182219,連雲藥局,台北市中正區連雲街７９號,(02)23410504,16,0,2020/02/08 03:50:05
5901182255,全民藥局,台北市中正區廈門街８７號,(02)23695759,4,2,2020/02/08 03:50:05
5901183323,和平藥局,台北市中正區中華路２段４３號,(02)23755303,0,22,2020/02/08 03:50:05
5901183510,怡誠藥局,台北市中正區汀州路２段２１２號,(02)23626905,0,12,2020/02/08 03:50:05
5901183716,台醫藥局,台北市中正區公園路３０巷４號,(02)23141202,2,24,2020/02/08 03:50:05
5901183823,南昌健康人生藥局,台北市中正區南昌路１段１５３號,(02)23969382,0,4,2020/02/08 03:50:05
5901183887,中英大藥局,台北市中正區永綏街６號,(02)23615654,4,0,2020/02/08 03:50:05
5901184080,活力健康藥妝藥局,台北市中正區中華路２段３１５巷１號,(02)23392625,0,4,2020/02/08 03:50:05
5901184106,信康藥局,臺北市中正區南昌路１段１４３號,(02)23961979,2,0,2020/02/08 03:50:05
5901184142,新三醫藥局,台北市中正區汀州路３段１２５號,(02)23648180,0,30,2020/02/08 03:50:05
5901184213,71恩典藥局,台北市中正區信義路２段７１號,(02)23223371,0,8,2020/02/08 03:50:05
5901184437,安藤健保調劑藥局,台北市中正區南昌路１段１３０號、１３２號,(02)23962120,0,4,2020/02/08 03:50:05
5901184446,北車維康藥局,台北市中正區青島西路７號,(02)23613623,4,0,2020/02/08 03:50:05
5901184464,和眾藥局,台北市中正區忠孝西路１段６號,(07)010119100,0,10,2020/02/08 03:50:05
5901184491,躍獅南門藥局,台北市中正區中華路２段３９巷１０號,(02)23141111,0,2,2020/02/08 03:50:05
5901184508,康呈安藥局,台北市中正區汀州路２段１８７號,(02)23672215,2,0,2020/02/08 03:50:05
5901184517,躍獅東門藥局,台北市中正區金山南路１段１０８之１號,(02)23920339,4,4,2020/02/08 03:50:05
5901190033,世欣藥局,台北市萬華區東園街１７３號１Ｆ,(02)23074263,0,8,2020/02/08 03:50:05
5901190060,秀全藥局,台北市萬華區開封街２段６６－３號,(02)23811357,0,6,2020/02/08 03:50:05
5901190079,建和藥局,台北市萬華區青年路１６８巷４４號,(02)23010838,0,24,2020/02/08 03:50:05
5901190104,大嘉藥局,台北市萬華區梧州街６０號,(02)23084402,0,20,2020/02/08 03:50:05
5901190408,您永安藥局,台北市萬華區昆明街１６２號,(02)23317119,0,2,2020/02/08 03:50:05
5901190515,日昇藥局,台北市萬華區廣州街１２４號,(02)23062975,0,7,2020/02/08 03:50:05
5901192126,恩達藥局,台北市萬華區梧州街６４號,(02)23024467,0,30,2020/02/08 03:50:05
5901192233,仁仁藥局,台北市萬華區康定路２１９號,(02)23365545,2,8,2020/02/08 03:50:05
5901192653,吉安藥局,台北市萬華區廣州街１８２號,(02)23085268,0,4,2020/02/08 03:50:05
5901192751,好視多藥局,台北市萬華區萬大路２８５號,(02)23018100,0,2,2020/02/08 03:50:05
5901192831,偉安藥局,台北市萬華區西藏路１０９號,(02)23037186,0,18,2020/02/08 03:50:05
5901192877,瑞生藥局,台北市萬華區西園路２段２５２號,(02)23012159,2,0,2020/02/08 03:50:05
5901193070,榮勝藥局,台北市萬華區萬大路２３３號,(02)23331121,0,4,2020/02/08 03:50:05
5901193105,安誠貴陽藥局,台北市萬華區貴陽街２段１４８號,(02)23812190,2,0,2020/02/08 03:50:05
5901193123,千誠北護藥局,台北市萬華區內江街１１４號,(02)23123530,2,2,2020/02/08 03:50:05
5901193132,松本藥局,台北市萬華區西昌街２３３號,(02)23029559,0,2,2020/02/08 03:50:05
5901193187,富安藥局,台北市萬華區萬大路４２６號,(02)23377878,0,8,2020/02/08 03:50:05
5901193196,青年宏越藥局,台北市萬華區青年路４４號,(02)23011037,0,2,2020/02/08 03:50:05
5901193230,啟仁藥局,台北市萬華區環河南路２段１７７號,(02)23362771,0,8,2020/02/08 03:50:05
5901193249,光華藥局,台北市萬華區華西街１９－５號,(02)23613609,0,16,2020/02/08 03:50:05
5901200105,建興藥局,台北市文山區木柵路２段８１號１樓,(02)29399993,4,0,2020/02/08 03:50:05
5901200123,瑞安藥局,台北市文山區溪口街６９－１號１樓,(02)29312888,0,8,2020/02/08 03:50:05
5901201540,逸仙藥師藥局,台北市文山區興隆路２段２１８－１號１樓,(02)29312597,0,6,2020/02/08 03:50:05
5901201755,銘依藥局,台北市文山區興隆路２段３０１巷４－１號,(02)29308538,0,4,2020/02/08 03:50:05
5901201826,舒博威藥局,台北市文山區興隆路２段９５巷３號,(02)29306805,0,4,2020/02/08 03:50:05
5901201951,慶豐好藥局,台北市文山區興隆路４段１３５號１樓,(02)29384775,2,0,2020/02/08 03:50:05
5901202047,華君藥局,台北市文山區興隆路２段６０號,(02)29319510,6,0,2020/02/08 03:50:05
5901202592,人人健保藥局,台北市文山區保儀路３９號,(02)86610761,0,3,2020/02/08 03:50:05
5901202627,杏隆藥局,台北市文山區羅斯福路５段２６１號,(02)29313151,0,4,2020/02/08 03:50:05
5901202672,美迦藥局,台北市文山區保儀路２３號,(02)29362815,0,2,2020/02/08 03:50:05
5901202681,振大藥局,台北市文山區永安街２２巷１６號,(02)29393385,0,2,2020/02/08 03:50:05
5901202789,宜康藥局,台北市文山區保儀路７號,(02)86619862,0,2,2020/02/08 03:50:05
5901202850,北一藥師藥局,台北市文山區木新路３段４７號,(02)22348686,0,1,2020/02/08 03:50:05
5901202949,萬隆大藥局,台北市文山區羅斯福路５段２１８巷１５號,(02)29334580,0,3,2020/02/08 03:50:05
5901202958,杏一萬安藥局,台北市文山區萬安街１５號,(02)22302126,0,8,2020/02/08 03:50:05
5901202976,健康家藥局,台北市文山區興隆路２段１３３號,(02)29330858,0,2,2020/02/08 03:50:05
5901203044,木新健康人生藥局,台北市文山區木新路３段２０３號,(02)86611465,4,0,2020/02/08 03:50:05
5901203106,光明大藥局,台北市文山區忠順街１段６６號,(02)29390275,5,4,2020/02/08 03:50:05
5901203222,躍獅景新藥局,台北市文山區羅斯福路６段３０號,(02)29356221,8,4,2020/02/08 03:50:05
5901203277,大樹景美藥局,台北市文山區羅斯福路６段２３４之１號,(02)29322951,0,4,2020/02/08 03:50:05
5901203302,大樹木柵藥局,台北市文山區木柵路３段１０８號、１１０號（１樓、２樓、３樓）,(02)22340110,2,0,2020/02/08 03:50:05
5902010025,南京藥局,高雄市鹽埕區建國四路３８７號,(07)5514652,212,36,2020/02/08 03:50:05
5902010132,宏恩藥局,高雄市鹽埕區教仁里瀨南街１３３號,(07)5211318,0,30,2020/02/08 03:50:05
5902011326,和生藥局,高雄市鹽埕區建國四路１７８－２號,(07)5315739,8,4,2020/02/08 03:50:05
5902011335,利百加藥局,高雄市鹽埕區大公路９６號,(07)5511098,0,46,2020/02/08 03:50:05
5902020012,永松藥局,高雄市鼓山區鼓山三路１３０－１５號,(07)5810657,2,0,2020/02/08 03:50:05
5902022669,惠民藥局,高雄市鼓山區九如四路１４２６號,(07)5833228,6,0,2020/02/08 03:50:05
5902022721,永瑞藥局,高雄市鼓山區華榮路２９８號２樓,(07)5521376,200,50,2020/02/08 03:50:05
5902022749,安康藥局,高雄市鼓山區裕誠路１１５５號,(07)5536828,0,30,2020/02/08 03:50:05
5902022794,定國藥局,高雄市鼓山區九如四路１１３５號,(07)5815858,0,4,2020/02/08 03:50:05
5902022801,裕康中西大藥局,高雄市鼓山區裕誠路１５１９號,(07)5555352,8,2,2020/02/08 03:50:05
5902022829,弘興藥局,高雄市鼓山區鼓山三路４８－１１號,(07)5612677,200,48,2020/02/08 03:50:05
5902022972,高雄藥局,高雄市鼓山區九如四路９２４號,(07)5610031,0,20,2020/02/08 03:50:05
5902030063,紅心藥局,高雄市左營區崇德路２５５號,(07)3416697,0,6,2020/02/08 03:50:05
5902030205,果貿藥局,高雄市左營區果峰街２２號,(07)5852825,0,50,2020/02/08 03:50:05
5902030269,立文藥局,高雄市左營區立文路５４號,(07)5572899,0,6,2020/02/08 03:50:05
5902030287,慈德藥局,高雄市左營重愛路５３號,(07)3416212,2,24,2020/02/08 03:50:05
5902030410,重仁藥局,高雄市左營區左營大路４０８號,(07)5824083,0,10,2020/02/08 03:50:05
5902030634,有機藥局,高雄市左營區榮耀街３號,(07)3596429,0,2,2020/02/08 03:50:05
5902030643,新高橋藥局,高雄市左營區民族一路１０２８號,(07)3100696,0,10,2020/02/08 03:50:05
5902031882,崇光藥局,高雄市左營區華夏路７５５號,(07)3452211,6,0,2020/02/08 03:50:05
5902031999,平安藥局,高雄市左營區中華一路５之１號,(07)5833688,0,46,2020/02/08 03:50:05
5902032174,光明健保藥局,高雄市左營區翠華路６０１巷８３號,(07)5812499,0,56,2020/02/08 03:50:05
5902032370,好幸福專業藥局,高雄市左營區明華一路２２０號,(07)5506816,4,0,2020/02/08 03:50:05
5902032432,威林藥局,高雄市左營區華夏路７２１號,(07)3414243,2,0,2020/02/08 03:50:05
5902032441,健怡藥局,高雄市左營區翠峰路４０號,(07)5821891,0,62,2020/02/08 03:50:05
5902032487,必健藥局,高雄市左營區自由二路９０號,(07)5584259,4,0,2020/02/08 03:50:05
5902032521,合康健保藥局,高雄市左營區裕誠路１８８號,(07)5509667,0,2,2020/02/08 03:50:05
5902032530,杏光藥局,高雄市左營區果峰街４７巷１號１樓,(07)3454432,0,8,2020/02/08 03:50:05
5902032647,健智美藥局,高雄市左營區富國路９８號,(07)5580888,4,0,2020/02/08 03:50:05
5902032665,安欣藥師藥局,高雄市左營區大順一路５５２號１樓,(07)5506620,0,42,2020/02/08 03:50:05
5902040014,成吉藥局,高雄市楠梓區楠梓東街７４號,(07)3513339,2,0,2020/02/08 03:50:05
5902040041,橘井藥局,高雄市楠梓區楠梓路１２９號,(07)3511869,7,0,2020/02/08 03:50:05
5902040069,新友藥局,高雄市楠梓區萬昌路１１１號,(07)3653534,0,4,2020/02/08 03:50:05
5902040096,宗隆藥局,高雄市楠梓區右昌街２２０號,(07)3622203,1,0,2020/02/08 03:50:05
5902040185,東初藥局,高雄市楠梓區楠梓路３２號,(07)3511261,160,40,2020/02/08 03:50:05
5902040229,進昇藥局,高雄市楠梓區德賢路２０２號,(07)3652334,2,4,2020/02/08 03:50:05
5902040238,筆秀藥局,高雄市楠梓區青埔街１５２號,(07)3622412,8,0,2020/02/08 03:50:05
5902040274,千惠藥局,高雄市楠梓區和光街１８１號,(07)3631268,6,6,2020/02/08 03:50:05
5902040532,聯亞藥局,高雄市揇梓區軍校路７１０號,(07)3638387,2,10,2020/02/08 03:50:05
5902042447,建佑藥局,高雄市楠梓區右昌街１９１號,(07)3626893,0,2,2020/02/08 03:50:05
5902042474,誠群藥局,高雄市楠梓區樂群路１８２號１樓,(07)3661733,2,0,2020/02/08 03:50:05
5902042492,合德中西藥師藥局,高雄市楠梓區楠梓路４８６號,(07)3581291,4,0,2020/02/08 03:50:05
5902042590,德賢藥師藥局,高雄市楠梓區德賢路５５１號,(07)3606056,6,2,2020/02/08 03:50:05
5902042657,皇慶藥局,高雄市楠梓區和光街１９１號,(07)3643352,28,56,2020/02/08 03:50:05
5902050092,明曜藥局,高雄市三民區澄和路９６號,(07)3803807,0,4,2020/02/08 03:50:05
5902050298,瑞鶴藥局,高雄市三民區寶德里義德路２５號,(07)3862757,0,20,2020/02/08 03:50:05
5902050350,日星藥局,高雄市三民區寶龍里惠德街３８號,(07)3845188,2,2,2020/02/08 03:50:05
5902050387,合祥藥局,高雄市三民區本元里昭良街６８號,(07)3830180,0,22,2020/02/08 03:50:05
5902050467,人禾藥局,高雄市三民區達仁里九如二路３２４號,(07)3215681,0,36,2020/02/08 03:50:05
5902050592,建昌藥局,高雄市三民區十全一路１０５號１樓,(07)3232356,0,22,2020/02/08 03:50:05
5902050636,嘉益藥局,高雄市三民區重慶街３０號,(07)3110157,0,26,2020/02/08 03:50:05
5902050798,友泰藥局,高雄市三民區中和街１６９號,(07)3125236,0,18,2020/02/08 03:50:05
5902050903,皇安藥局,高雄市三民區九如一路４６１號,(07)3866779,198,54,2020/02/08 03:50:05
5902050912,雅信藥局,高雄市三民區鼎山街３２６號,(07)3830821,0,2,2020/02/08 03:50:05
5902051240,明皇藥局,高雄市三民區寶國里義華路１８１號,(07)3860121,0,14,2020/02/08 03:50:05
5902051786,億生藥局,高雄市三民區南台路２００號,(07)2873436,0,52,2020/02/08 03:50:05
5902051866,久大藥局,高雄市三民區本文里立忠路３２號１Ｆ,(07)3858116,0,10,2020/02/08 03:50:05
5902053833,建銘藥局,高雄市三民區吉林街２６２號,(07)3133460,2,2,2020/02/08 03:50:05
5902054689,善全藥局,高雄市三民區義華路３９１號,(07)3960269,0,34,2020/02/08 03:50:05
5902055480,建保藥局,高雄市三民區陽明路４１３號,(07)3920433,6,0,2020/02/08 03:50:05
5902056638,柏仁藥局,高雄市三民區覺民路５０４號,(07)3976016,2,2,2020/02/08 03:50:05
5902056692,大樂藥局,高雄市三民區明誠二路１６號一樓,(07)3501052,0,47,2020/02/08 03:50:05
5902056718,岱安藥局,高雄市三民區熱河二街２３號,(07)3219946,0,86,2020/02/08 03:50:05
5902056754,大家藥局,高雄市三民區鼎中路２２９號１樓,(07)3107632,0,4,2020/02/08 03:50:05
5902056825,新正興藥局,高雄市三民區正興路１００號,(07)3892646,0,28,2020/02/08 03:50:05
5902056923,鴻慶藥局,高雄市三民區裕誠路７０號,(07)9536166,2,4,2020/02/08 03:50:05
5902057126,民安藥局,高雄市三民區嫩江街７０號,(07)3121381,0,2,2020/02/08 03:50:05
5902057144,欣仁惠藥局,高雄市三民區大昌二路２４８號,(07)3837833,0,2,2020/02/08 03:50:05
5902057162,台安藥局,高雄市三民區華德街１４９號１樓,(07)3972340,0,8,2020/02/08 03:50:05
5902057288,育英藥局,高雄市三民區灣子里和順街３９號,(07)3824467,4,18,2020/02/08 03:50:05
5902057500,陽明藥局,高雄市三民區陽明路２８７號,(07)3960376,2,4,2020/02/08 03:50:05
5902057831,愛橋藥局,高雄市三民區陽明路１９２號,(07)3945146,16,20,2020/02/08 03:50:05
5902057948,振源藥局,高雄市三民區熱河一街３５５號１樓,(07)3112541,0,2,2020/02/08 03:50:05
5902060150,永明藥局,高雄市新興區仁智街２２３號,(07)2619832,0,2,2020/02/08 03:50:05
5902061540,長青藥局,高雄市新興區六合路１１４號,(07)2229220,0,2,2020/02/08 03:50:05
5902061577,銘泰藥局,高雄市新興區自立二路１６６號,(07)2855165,0,2,2020/02/08 03:50:05
5902061899,元盛藥局,高雄市新興區六合路１５３號,(07)2228183,0,6,2020/02/08 03:50:05
5902071528,岩生藥局,高雄市前金區自立一路１５－１號,(07)2863608,0,18,2020/02/08 03:50:05
5902080287,佳鴻中西藥局,高雄市苓雅區文昌路１１號,(07)7497103,0,4,2020/02/08 03:50:05
5902080312,正和藥局,高雄市苓雅區福建街３６２號,(07)2265377,0,12,2020/02/08 03:50:05
5902080376,政德藥局,高雄市苓雅區正大里武廟路２９號,(07)7114371,0,10,2020/02/08 03:50:05
5902080465,廣德泰藥局,高雄市苓雅區苓雅二路７６號,(07)3340769,0,10,2020/02/08 03:50:05
5902080527,三和藥局,高雄市苓雅區廣州二街１１７號,(07)7220808,0,4,2020/02/08 03:50:05
5902080803,功安中西大藥局,高雄市苓雅區三多二路２９１號,(07)7215949,2,58,2020/02/08 03:50:05
5902080858,福興藥局,高雄市苓雅區成功一路５２號,(07)3331862,0,24,2020/02/08 03:50:05
5902081186,寶麒藥局,高雄市苓雅區三多一路１４４號,(07)7610355,0,4,2020/02/08 03:50:05
5902083457,順一藥局,高雄市苓雅區田西里成功一路２１０號,(07)3330011,4,2,2020/02/08 03:50:05
5902083582,健智藥局,高雄市苓雅區四維二路９６之２號,(07)7249153,6,4,2020/02/08 03:50:05
5902083591,晨安藥局,高雄市苓雅區興中一路１６０號,(07)3365463,0,22,2020/02/08 03:50:05
5902084749,琉璃光藥師藥局,高雄市苓雅區四維一路２９２號之一樓,(07)7160930,0,54,2020/02/08 03:50:05
5902084776,杏合藥局,高雄市苓雅區福德二路２１６號,(07)7268966,0,18,2020/02/08 03:50:05
5902084801,邱吉祥藥局,高雄市苓雅區凱旋二路１３５號,(07)2226055,0,20,2020/02/08 03:50:05
5902085139,健福藥局,高雄市苓雅區永富街１０號,(07)3381746,0,20,2020/02/08 03:50:05
5902085166,景福藥局,高雄市苓雅區和平一路１４７之５號,(07)7719152,0,2,2020/02/08 03:50:05
5902085184,惠春藥局,高雄市苓雅區武慶三路９６號,(07)7611358,0,14,2020/02/08 03:50:05
5902085228,永森藥局,高雄市苓雅區建國一路２９０號,(07)7163087,0,34,2020/02/08 03:50:05
5902085344,意祥藥局,高雄市苓雅區武廟路１４２之１號,(07)7224835,0,4,2020/02/08 03:50:05
5902085371,加和藥局,高雄市苓雅區和平一路１４３之７號,(07)7219332,0,2,2020/02/08 03:50:05
5902090121,意文藥局,高雄市前鎮區瑞華里武營路１８３號,(07)7226570,0,2,2020/02/08 03:50:05
5902090167,勝惠藥局,高雄市前鎮區忠孝里三多三路７１號,(07)3354766,0,34,2020/02/08 03:50:05
5902090765,家安大藥局,高雄市前鎮區崗山南街３４２巷２１號,(07)7137711,0,2,2020/02/08 03:50:05
5902090970,民光藥局,高雄市前鎮區林森三路４８號,(07)3335362,0,16,2020/02/08 03:50:05
5902091128,北京藥局,高雄市前鎮區公正路３１號,(07)7113100,2,0,2020/02/08 03:50:05
5902092205,百宏中西大藥局,高雄市前鎮區復興三路１９４號,(07)3386719,0,2,2020/02/08 03:50:05
5902092296,迎廣藥局,高雄市前鎮區林森三路１５０號２樓,(07)3321466,4,42,2020/02/08 03:50:05
5902092358,惠芳藥局,高雄市前鎮區一心一路４８６號,(07)5370650,0,14,2020/02/08 03:50:05
5902092410,旺盛藥局,高雄市前鎮區永豐路１０８號,(07)7512899,0,12,2020/02/08 03:50:05
5902092572,羿昇藥局,高雄市前鎮區一心一路４９２號,(07)3387737,0,30,2020/02/08 03:50:05
5902092787,吉昌藥局,高雄市前鎮區正勤路１００號,(07)3368782,10,6,2020/02/08 03:50:05
5902092887,民權丁丁藥局,高雄市前鎮區民權二路３４５號,(07)9650177,0,8,2020/02/08 03:50:05
5902092910,健家藥局,高雄市前鎮區二聖二路４５號,(07)3389986,2,0,2020/02/08 03:50:05
5902092956,慈濟健保藥局,高雄市前鎮區鎮州路２１１號,(07)8159788,5,0,2020/02/08 03:50:05
5902100033,旗后藥局,高雄市旗津區中洲三路７１５號,(07)5715838,2,10,2020/02/08 03:50:05
5902100042,千佑藥局,高雄市旗津區復興里中洲三路５１３號,(07)5712619,0,4,2020/02/08 03:50:05
5902101094,康富藥局,高雄市旗津區旗津二路２２０號,(07)5710567,0,2,2020/02/08 03:50:05
5902110244,億大藥局,高雄市小港區三苓里永義街１７１號,(07)8014958,0,30,2020/02/08 03:50:05
5902110422,臨生藥局,高雄市小港區鳳鳴路１４６－４號,(07)8711290,0,2,2020/02/08 03:50:05
5902110431,龍祺藥局,高雄市小港區平和路１１１號,(07)8315352,0,6,2020/02/08 03:50:05
5902111661,康乃爾藥局,高雄市小港區漢民路４１３號２樓,(07)8026291,2,0,2020/02/08 03:50:05
5902111698,康莊藥局,高雄市小港區康莊路６９號一樓,(07)8063384,8,0,2020/02/08 03:50:05
5903010118,理妍藥局,臺中市豐原區中正路３７９號,(04)25270140,8,0,2020/02/08 03:50:05
5903010127,友誠藥局,臺中市豐原區豐東路４０１號１樓,(04)25132371,0,1,2020/02/08 03:50:05
5903010181,永豐藥局,臺中市豐原區中山路４２２號１樓,(04)25280088,0,2,2020/02/08 03:50:05
5903010305,大樹圓環藥局,臺中市豐原區圓環東路６１７號１樓,(04)25122212,200,50,2020/02/08 03:50:05
5903010314,豐原百宏中西藥局,臺中市豐原區水源路５９５號１樓,(04)25242185,0,4,2020/02/08 03:50:05
5903010332,富田藥局,臺中市豐原區文昌街１５２號１樓,(04)25225453,197,58,2020/02/08 03:50:05
5903010387,信宜藥局,臺中市豐原區中山路３９５號,(04)25229912,0,14,2020/02/08 03:50:05
5903010403,品安藥局,臺中市豐原區中山路４０５號,(04)25270138,0,10,2020/02/08 03:50:05
5903010421,長庚健保大藥局,臺中市豐原區中正路１３２號１樓,(04)25151867,2,2,2020/02/08 03:50:05
5903010449,豐原藥局,臺中市豐原區新生北路２０６號之１（１樓）,(04)25260119,0,30,2020/02/08 03:50:05
5903010467,阜康藥局,臺中市豐原區中山路２９５號１樓,(04)25155977,0,14,2020/02/08 03:50:05
5903010485,大樹圓環藥局,臺中市豐原區圓環東路６１７號１樓,(04)25122212,2,0,2020/02/08 03:50:05
5903010494,百宏大藥局,臺中市豐原區中正路８６０號１樓,(04)25131538,6,4,2020/02/08 03:50:05
5903020052,東勢福倫藥局,臺中市東勢區豐勢路４３８號,(04)25876118,2,0,2020/02/08 03:50:05
5903030012,康好藥局,臺中市大甲區三民路１３２－２號,(04)26802149,2,0,2020/02/08 03:50:05
5903030076,百禾藥局,臺中市大甲區仁愛街５８號,(04)26872538,0,8,2020/02/08 03:50:05
5903030110,大甲啄木鳥藥局,臺中市大甲區中山路１段９０５號,(04)26804502,6,0,2020/02/08 03:50:05
5903030138,聖佑藥局,臺中市大甲區中山路１段５７６號１樓,(04)26760156,2,2,2020/02/08 03:50:05
5903030147,能德藥局,臺中市大甲區復興路２２之１號,(04)26873549,0,18,2020/02/08 03:50:05
5903030174,慶安藥局,臺中市大甲區文武路１７８之３號,(04)26802933,0,2,2020/02/08 03:50:05
5903030192,大甲合和藥局,臺中市大甲區甲后路５段２６９號１樓,(04)26802310,0,2,2020/02/08 03:50:05
5903040036,得康藥局,臺中市清水區高美路１１７號,(04)26260622,0,2,2020/02/08 03:50:05
5903050087,仁暉健保處方藥局,臺中市沙鹿區向上路７段１３０號,(04)26365626,0,2,2020/02/08 03:50:05
5903050103,北勢進騰藥局,臺中市沙鹿區北勢東路５０９之７號１樓,(04)26330893,0,2,2020/02/08 03:50:05
5903050176,全國藥局,臺中市沙鹿區臺灣大道７段９９２號,(04)26627097,212,52,2020/02/08 03:50:05
5903050185,好利藥局,臺中市沙鹿區中山路４８７－１號,(04)26630087,14,8,2020/02/08 03:50:05
5903050229,維康藥局,臺中市沙鹿區鎮南路２段４１２號１樓,(04)26524787,0,10,2020/02/08 03:50:05
5903050238,百岳大藥局,臺中市沙鹿區鎮南路二段７７號１樓,(04)26359825,8,0,2020/02/08 03:50:05
5903070043,后禮藥局,臺中市后里區甲后路一段１６３號１樓,(04)25582413,0,8,2020/02/08 03:50:05
5903070052,后里宏安藥局,臺中市后里區福音路２８號１樓,(04)25581036,4,0,2020/02/08 03:50:05
5903070098,祐恩藥局,臺中市后里區甲后路一段４７８號１樓,(04)25587518,200,50,2020/02/08 03:50:05
5903070141,甲后藥局,臺中市后里區甲后路一段２５３號１樓,(04)25577378,0,8,2020/02/08 03:50:05
5903080030,捷達藥局,臺中市神岡區大漢街２５號,(04)25225207,2,6,2020/02/08 03:50:05
5903090072,元康健保藥局,臺中市潭子區圓通南路１９６號１樓,(04)25353893,2,4,2020/02/08 03:50:05
5903090134,光陽藥局,臺中市潭子區福潭路５０５號１樓,(04)25365607,0,6,2020/02/08 03:50:05
5903090223,均安藥局,臺中市潭子區興華一路５０３號１樓,(04)25310998,2,0,2020/02/08 03:50:05
5903090349,久揚藥局,臺中市潭子區頭張路一段７號１樓,(04)25356103,2,0,2020/02/08 03:50:05
5903100037,大雅東亞藥師大藥局,臺中市大雅區民生路１段２２、２２－１號,(04)25605233,4,0,2020/02/08 03:50:05
5903110051,新社千百岳大藥局,臺中市新社區興安路２４、２６號,(04)25821798,200,50,2020/02/08 03:50:05
5903130035,政修藥局,臺中市外埔區中山路２９０號,(04)26831881,4,0,2020/02/08 03:50:05
5903150028,全成烏日藥局,臺中市烏日區溪南路１段７７６號,(04)23352656,4,0,2020/02/08 03:50:05
5903150055,明康藥局,臺中市烏日區中山路１段５４８－１號,(04)23386157,0,14,2020/02/08 03:50:05
5903150108,仁厚藥局,臺中市烏日區一心街１號,(04)23382375,12,0,2020/02/08 03:50:05
5903150126,烏日安德藥局,臺中市烏日區榮和路１５１號、１５３號１樓,(04)23386925,0,2,2020/02/08 03:50:05
5903160015,追分藥局,臺中市大肚區沙田路一段４０２號１樓,(04)26931439,1,0,2020/02/08 03:50:05
5903160079,同利藥局,臺中市大肚區沙田路一段５０４號,(04)26935492,1,0,2020/02/08 03:50:05
5903160097,安昌藥局,臺中市大肚區遊園路二段１７６號１樓,(04)26913890,0,6,2020/02/08 03:50:05
5903170039,大佶安藥局龍井店,臺中市龍井區沙田路６段１９７號１樓,(04)26361410,0,6,2020/02/08 03:50:05
5903170048,龍井新庄藥局,臺中市龍井區遊園南路１７９號１樓,(04)26322169,0,2,2020/02/08 03:50:05
5903170057,林大藥局,臺中市龍井區中央路３段６０號,(04)26397088,2,0,2020/02/08 03:50:05
5903170093,杏嘉藥局,臺中市龍井區龍山街１４８號１樓,(04)26357889,1,0,2020/02/08 03:50:05
5903170100,全安堂藥局,臺中市龍井區中央路一段２２０號,(04)26394332,14,0,2020/02/08 03:50:05
5903180062,霧峰安德藥局,臺中市霧峰區中正路１１３５號１樓,(04)23300365,1,0,2020/02/08 03:50:05
5903190022,藥源藥局,臺中市太平區中山路４段２２０號,(04)23955108,2,0,2020/02/08 03:50:05
5903190077,八醫健保藥局,臺中市太平區中山路２段３５７號,(04)23935050,200,68,2020/02/08 03:50:05
5903190139,劍橋藥局,臺中市太平區宜昌路５５２號１樓,(04)22776619,6,2,2020/02/08 03:50:05
5903190148,亞洲藥師連鎖大藥局,臺中市太平區中山路２段４５８號,(04)23921681,0,4,2020/02/08 03:50:05
5903190157,春長藥局,臺中市太平區太平路１４７號,(04)22799286,1,0,2020/02/08 03:50:05
5903190228,中山德侑藥局,臺中市太平區中山路３段２之２號１樓,(04)23920682,0,10,2020/02/08 03:50:05
5903190264,安心藥局,臺中市太平區中山路３段２８號１樓,(04)23912042,4,2,2020/02/08 03:50:05
5903190291,新平和藥局,臺中市太平區光興路８２７號１樓,(04)22771262,6,0,2020/02/08 03:50:05
5903190308,達安藥局,臺中市太平區樹德路６９巷６號１樓,(04)23950982,2,18,2020/02/08 03:50:05
5903190353,信康藥局,臺中市太平區樹德路９８－１號,(04)23960697,5,26,2020/02/08 03:50:05
5903190362,太平中山藥局,臺中市太平區中山路４段１１號,(04)23959200,0,10,2020/02/08 03:50:05
5903190433,太平瑞昌藥局,臺中市太平區新興路２８號,(04)23956319,4,0,2020/02/08 03:50:05
5903190522,聖康佳禾藥局,臺中市太平區光興路８３１號,(04)22772065,2,0,2020/02/08 03:50:05
5903190559,惠欣藥師藥局,臺中市太平區樹孝路２－１２號１樓,(04)23928881,12,4,2020/02/08 03:50:05
5903190577,勤益藥局,臺中市太平區中山路一段３２１號１樓,(04)24923540,0,4,2020/02/08 03:50:05
5903200023,樂明藥局,臺中市大里區中興路１段２６１號,(04)24920763,4,46,2020/02/08 03:50:05
5903200130,新家祐健保藥局,臺中市大里區中興路１段３７６號,(04)24918929,2,0,2020/02/08 03:50:05
5903200149,祥佑健保特約藥局,臺中市大里區中興路２段４０６號,(04)24866398,4,0,2020/02/08 03:50:05
5903200158,世穎藥局,臺中市大里區中興路１段１６７－６號１樓,(04)24937265,12,8,2020/02/08 03:50:05
5903200210,益民藥局,臺中市大里區益民路２段７１號１樓,(04)24836083,0,2,2020/02/08 03:50:05
5903200229,信元藥局,臺中市大里區益民路２段３７２號１樓,(04)24876051,0,2,2020/02/08 03:50:05
5903200318,廣信藥局,臺中市大里區益民路１段１６４號１樓,(04)24829981,0,2,2020/02/08 03:50:05
5903200372,國光丁丁藥局,臺中市大里區國光路２段５５１－１號１樓,(04)24069711,0,2,2020/02/08 03:50:05
5903200461,合康藥局,臺中市大里區中投西路３段２２３號１樓,(04)24078383,1,36,2020/02/08 03:50:05
5903200514,大明永欣藥局,臺中市大里區大明路５３９號１樓、５４１號１樓,(04)24068864,1,1,2020/02/08 03:50:05
5903200550,康福藥局,臺中市大里區大新街５１號,(04)24070808,0,1,2020/02/08 03:50:05
5903200578,大里慈輝藥局,臺中市大里區中興路二段６８３號,(04)24835507,4,0,2020/02/08 03:50:05
5903200587,大里安德健保藥局,臺中市大里區大明路１１７號,(04)24875607,0,2,2020/02/08 03:50:05
5903200603,全家藥局,臺中市大里區中興路一段１０９之６號,(04)24929976,204,44,2020/02/08 03:50:05
5903200630,東裕藥局,臺中市大里區中興路二段１５３－３號１樓,(04)24850728,0,14,2020/02/08 03:50:05
5903220105,平等安德藥局,臺中市中區平等街１１６號,(04)22222889,0,16,2020/02/08 03:50:05
5903220141,雙十小林健保藥局,臺中市中區雙十路一段３５號,(04)22253662,0,32,2020/02/08 03:50:05
5903220150,老順安大藥局,臺中市中區中華路二段６３號、６５號１樓,(04)22016306,0,2,2020/02/08 03:50:05
5903220169,公園大藥局,臺中市中區公園路９５號１樓,(04)22060858,0,34,2020/02/08 03:50:05
5903230030,十甲東亞藥師大藥局,臺中市東區十甲路４２３號１樓,(04)22118879,0,2,2020/02/08 03:50:05
5903230085,翔新藥局,臺中市東區東英１７街１６７－３號,(04)22131269,4,2,2020/02/08 03:50:05
5903230094,平祐健保藥局,臺中市東區旱溪東路１段２９７號１樓,(04)22113898,2,0,2020/02/08 03:50:05
5903230165,快安堂藥局,臺中市東區旱溪街８０之１１號,(04)22115983,0,1,2020/02/08 03:50:05
5903240143,利民藥局,臺中市西區四維街２３號１樓,(04)22292931,0,12,2020/02/08 03:50:05
5903240152,陽光藥局,臺中市西區中美街３０５號１樓,(04)23020711,0,6,2020/02/08 03:50:05
5903240170,美村全成藥局,臺中市西區美村路１段２２２號１樓,(04)23014006,0,12,2020/02/08 03:50:05
5903240330,大樹五權藥局,臺中市西區五權路９７之１號１樓,(04)22022910,0,32,2020/02/08 03:50:05
5903240358,早齋藥局,臺中市西區美村路一段３４２號１樓,(04)23029168,0,14,2020/02/08 03:50:05
5903240394,好好誠美藥局,臺中市西區向上北路１８６號１樓,(04)23022838,0,4,2020/02/08 03:50:05
5903240410,德芳美村藥局,臺中市西區美村路一段６８１、６８３號１樓,(04)23782848,0,2,2020/02/08 03:50:05
5903250103,忠孝德侑健保藥局,臺中市南區正義街１５９號,(04)22851400,0,4,2020/02/08 03:50:05
5903250176,弘大美妝藥局,臺中市南區南門路１１５號１樓,(04)22859180,0,2,2020/02/08 03:50:05
5903250309,台杏藥局,臺中市南區復興路三段３３７號,(04)22218087,8,0,2020/02/08 03:50:05
5903250381,大樹美村藥局,臺中市南區美村南路１２４號,(04)22621113,0,2,2020/02/08 03:50:05
5903250443,千美台安藥局,臺中市南區美村南路２６３號,(04)22602101,0,6,2020/02/08 03:50:05
5903250505,心安藥局,臺中市南區國光路２４１號１樓,(04)22858773,0,2,2020/02/08 03:50:05
5903250514,泰友藥局,臺中市南區復興路二段９９巷１３號１樓,(04)22615701,2,0,2020/02/08 03:50:05
5903260163,康甫藥師藥局,臺中市北區進化北路３６６號１樓,(04)22366682,0,2,2020/02/08 03:50:05
5903260421,忠明小林健保藥局,臺中市北區忠明路１６１號,(04)22013666,0,22,2020/02/08 03:50:05
5903260449,喜樂藥局,臺中市北區中清路１段３１號,(04)22060423,2,4,2020/02/08 03:50:05
5903260501,瑞鋒藥師藥局,臺中市北區育德路１６號,(04)22020786,0,2,2020/02/08 03:50:05
5903260547,源順大藥局,臺中市北區健行路４８４號,(04)22072651,0,2,2020/02/08 03:50:05
5903260592,台中丁丁藥局,臺中市北區漢口路４段２５５號,(04)22374596,0,4,2020/02/08 03:50:05
5903260618,中清小林健保藥局,臺中市北區中清路一段８６、８８號１樓,(04)22034197,4,18,2020/02/08 03:50:05
5903260636,進化瑞昌藥局,臺中市北區進化路３３２號,(04)23608199,1,22,2020/02/08 03:50:05
5903260654,康新藥局,臺中市北區五權路２３２號,(04)22020008,0,48,2020/02/08 03:50:05
5903260707,新藥林藥局,臺中市北區健行路４４５－５號１樓,(04)22053458,4,0,2020/02/08 03:50:05
5903260743,黎明安德藥局,臺中市北區中清路１段８５２號１樓,(04)22956098,0,14,2020/02/08 03:50:05
5903260798,光恒藥局,臺中市北區五權路２６１號１樓,(04)22068638,0,10,2020/02/08 03:50:05
5903260805,鐘藥局,臺中市北區梅豐街７９號１樓,(04)22334187,0,52,2020/02/08 03:50:05
5903270025,祐生藥局,臺中市西屯區文華路３之１號１樓,(04)24517169,4,0,2020/02/08 03:50:05
5903270089,信心藥局,臺中市西屯區四川路１９０號,(04)23163430,0,2,2020/02/08 03:50:05
5903270105,樂得好大藥局,臺中市西屯區上石路２號１樓,(04)24521173,0,4,2020/02/08 03:50:05
5903270301,宥承藥局,臺中市西屯區西屯路３段１４８－１６號,(04)24626559,2,0,2020/02/08 03:50:05
5903270310,弘福藥師藥局,臺中市西屯區西屯路３段１６６－２１號１樓,(04)24611916,8,0,2020/02/08 03:50:05
5903270365,麒霖藥局,臺中市西屯區福順路３０７號１樓,(04)24638978,0,2,2020/02/08 03:50:05
5903270374,富康家健保藥局,臺中市西屯區漢成四街８號,(04)23174741,0,2,2020/02/08 03:50:05
5903270392,瑞德大藥局,臺中市西屯區中清西二街８４號,(04)22939820,4,0,2020/02/08 03:50:05
5903270570,百富藥局,臺中市西屯區福上巷１６號,(04)22970708,154,50,2020/02/08 03:50:05
5903270598,瑞晟中西藥局,臺中市西屯區大信街５０－１號,(04)23157228,203,76,2020/02/08 03:50:05
5903270712,漢諾威藥局,臺中市西屯區青海路一段１１４號１樓,(04)23174323,0,4,2020/02/08 03:50:05
5903270721,舒健藥局,臺中市西屯區西屯路二段２５５號２樓,(04)27077858,8,20,2020/02/08 03:50:05
5903270730,台榮藥局,臺中市西屯區東大路１段１９號,(04)23581786,0,56,2020/02/08 03:50:05
5903270749,大墩藥局,臺中市西屯區大墩１９街６８號１樓,(04)23209602,6,0,2020/02/08 03:50:05
5903270801,榮友藥局,臺中市西屯區臺灣大道四段１７４２號,(04)23508392,2,28,2020/02/08 03:50:05
5903270838,西屯長安藥局,臺中市西屯區成都路３６８號,(04)23219991,0,20,2020/02/08 03:50:05
5903270874,熊健康藥局,臺中市西屯區太原路一段２３２號,(04)23163505,1,0,2020/02/08 03:50:05
5903270918,全成西屯藥局,臺中市西屯區黎明路三段２２１、２２３號1樓,(04)24512290,6,0,2020/02/08 03:50:05
5903270927,河南小林健保藥局,臺中市西屯區河南路二段２９８號１樓,(04)24512830,6,0,2020/02/08 03:50:05
5903270936,新元藥局,臺中市西屯區文心路三段５３２號１樓,(04)23121383,1,10,2020/02/08 03:50:05
5903270963,源興大藥局,臺中市西屯區西屯路二段１２號,(04)23143045,1,1,2020/02/08 03:50:05
5903271004,西屯青育藥師藥局,臺中市西屯區西屯路二段２９５－３號１樓,(04)27077898,0,4,2020/02/08 03:50:05
5903271022,西屯藥局,臺中市西屯區西屯路三段１５０－４５號１樓,(04)24621822,0,2,2020/02/08 03:50:05
5903271031,美十樂中科藥局,臺中市西屯區西屯路三段１６６－６５號１樓,(04)24733646,0,2,2020/02/08 03:50:05
5903271040,美康逢甲健保藥局,臺中市西屯區福星路４３１號１樓、４３１－１號２樓,(04)24528707,2,12,2020/02/08 03:50:05
5903271068,西墩藥局,臺中市西屯區黎明路三段２７５、２７７號１樓,(04)24510770,0,30,2020/02/08 03:50:05
5903271086,常春藤藥局,臺中市西屯區福康路８０號１樓,(04)24619296,6,2,2020/02/08 03:50:05
5903280245,大墩何藥局,臺中市南屯區大敦南路４３１號１．２樓,(04)24710655,4,0,2020/02/08 03:50:05
5903280334,長益藥局,臺中市南屯區忠勇路９９號,(04)23899383,0,2,2020/02/08 03:50:05
5903280487,康詮藥師藥局,臺中市南屯區大墩路７３２號,(04)23286688,4,40,2020/02/08 03:50:05
5903280576,佑全黎明藥局,臺中市南屯區黎明路２段２６６號,(04)23805560,2,0,2020/02/08 03:50:05
5903280585,康得藥局,臺中市南屯區向上路三段４５號,(04)23820981,4,0,2020/02/08 03:50:05
5903280594,東林藥局,臺中市南屯區黎明路二段１４０號,(04)23810567,14,0,2020/02/08 03:50:05
5903280647,澄光人文藥局,臺中市南屯區干城街３０５號,(04)22530303,0,2,2020/02/08 03:50:05
5903280665,和平藥師藥局,臺中市南屯區大墩十街１９２號,(04)23260008,0,12,2020/02/08 03:50:05
5903280718,樂活藥局,臺中市南屯區大聖街３３２號１樓,(04)23106301,0,2,2020/02/08 03:50:05
5903280763,全順藥局,臺中市南屯區永春東路３３９號１樓,(04)24730983,0,2,2020/02/08 03:50:05
5903290063,承恩藥局,臺中市北屯區北屯路４４１－１號１樓,(04)22467857,0,20,2020/02/08 03:50:05
5903290090,瑞士藥局,臺中市北屯區北屯路１９２－３號１樓,(04)22344853,0,20,2020/02/08 03:50:05
5903290198,健康達人藥局,臺中市北屯區遼寧路１段６３號,(04)22471172,0,6,2020/02/08 03:50:05
5903290312,大連大愛藥局,臺中市北屯區大連路２段２２１號,(04)22428899,0,8,2020/02/08 03:50:05
5903290385,元復藥局,臺中市北屯區東山路１段２２５－７號,(04)24362075,4,0,2020/02/08 03:50:05
5903290456,百禾藥局中清店,臺中市北屯區中清路２段６００號１樓,(04)22980980,2,0,2020/02/08 03:50:05
5903290518,佳美藥局,臺中市北屯區東山路１段２６５號１樓,(04)24363658,0,2,2020/02/08 03:50:05
5903290689,大德安藥局,臺中市北屯區景賢路２３６號,(04)24378351,0,6,2020/02/08 03:50:05
5903290714,寶昇藥局,臺中市北屯區東山路一段２１６－２４號１樓,(04)24371393,0,8,2020/02/08 03:50:05
5903290723,崙湞藥局,臺中市北屯區進化北路４５號,(04)22370189,0,22,2020/02/08 03:50:05
5903290787,新一代何藥局,臺中市北屯區環中東路二段２６６、２６８號１樓,(04)24364366,0,2,2020/02/08 03:50:05
5903290796,大樹北屯藥局,臺中市北屯區松竹路二段４１１號,(04)22422262,192,30,2020/02/08 03:50:05
5903290803,英全藥局,臺中市北屯區北平路三段３４號,(04)22345179,2,0,2020/02/08 03:50:05
5903290867,軍功啄木鳥藥局,臺中市北屯區軍功路二段１７５號,(04)22390160,2,0,2020/02/08 03:50:05
5903290876,北屯軍功藥局,臺中市北屯區軍功路一段７５２號,(04)24375111,2,0,2020/02/08 03:50:05
5903290885,全成北屯藥局,臺中市北屯區北屯路４３９－１１號１樓,(04)22463518,0,4,2020/02/08 03:50:05
5903290938,中清崙湞藥局,臺中市北屯區中清路二段２９６號１樓,(04)22990409,0,14,2020/02/08 03:50:05
5905010018,永麗藥師藥局,臺南市新營區三民路７６之１０號,(06)6377898,8,24,2020/02/08 03:50:05
5905010045,台新藥局,臺南市新營區中正路８６號,(06)6350048,0,32,2020/02/08 03:50:05
5905010072,長壽藥局,臺南市新營區中山路２１９號,(06)6324001,0,38,2020/02/08 03:50:05
5905010090,菁安連鎖健保藥局民治店,臺南市新營區民治路１０之１號１樓,(06)6351678,6,2,2020/02/08 03:50:05
5905010107,李藥師健康藥局,臺南市新營區大宏里民族路２１號,(06)6328359,0,2,2020/02/08 03:50:05
5905010116,安全藥局,臺南市新營區民治路６之４４號１樓,(06)6321706,116,30,2020/02/08 03:50:05
5905010125,宏泰大藥局,臺南市新營區新東里東興８街２７號,(06)6327801,0,4,2020/02/08 03:50:05
5905010134,聖佳藥局,臺南市新營區大宏里民治路２９巷２６－１３號１樓,(06)6330623,0,70,2020/02/08 03:50:05
5905010152,謙和藥師藥局,臺南市新營區延平路１０１之２號,(06)6322957,0,28,2020/02/08 03:50:05
5905010161,安佳藥局,臺南市新營區民治路３７４號１樓,(06)6560535,0,14,2020/02/08 03:50:05
5905010189,華陞藥局,臺南市新營區三民路１０６號１樓,(06)6329777,2,0,2020/02/08 03:50:05
5905010214,大樹新營藥局,臺南市新營區民權路７４、７６、７８號１樓,(06)6328300,0,62,2020/02/08 03:50:05
5905030010,美恩健保藥局,臺南市白河區永安里中山路８１號１樓,(06)6858865,2,0,2020/02/08 03:50:05
5905030038,美尚藥局,臺南市白河區白河里康樂路４３號,(06)6853538,4,0,2020/02/08 03:50:05
5905030074,優生藥局,臺南市白河區新起街２－１９號,(06)6831583,34,56,2020/02/08 03:50:05
5905040070,華笙藥局,臺南市麻豆區中山路１５０－１０號,(06)5715568,212,66,2020/02/08 03:50:05
5905040089,徠德藥局,臺南市麻豆區文昌路１４－２號,(06)5711393,0,30,2020/02/08 03:50:05
5905040105,幸福藥局,臺南市麻豆區光復路１２７號１樓,(06)5720977,6,30,2020/02/08 03:50:05
5905040114,禾泰藥局,臺南市麻豆區中正路５９－３號１樓,(06)5720389,1,4,2020/02/08 03:50:05
5905040132,大樹麻豆藥局,臺南市麻豆區中山路４８、５０號１樓,(06)5716556,0,8,2020/02/08 03:50:05
5905050012,延平藥局,臺南市佳里區延平路４５號,(06)7236185,0,32,2020/02/08 03:50:05
5905050156,延興藥局,臺南市佳里區鎮山里延平路７６號１樓,(06)7238544,2,2,2020/02/08 03:50:05
5905050165,德昌藥局佳里店,臺南市佳里區光復路２３３號,(06)7232388,2,0,2020/02/08 03:50:05
5905050209,大樹佳里藥局,臺南市佳里區延平路２３７號１樓,(06)7231323,202,56,2020/02/08 03:50:05
5905060054,全家康藥師藥局,臺南市新化區北勢里中正路１２０７號,(06)5980866,2,0,2020/02/08 03:50:05
5905060116,美華健保藥局,臺南市新化區中山路４８７號１樓,(06)5907859,6,0,2020/02/08 03:50:05
5905060125,美麗安藥局,臺南市新化區護國里中山路１５０－１號１樓,(06)5909509,0,19,2020/02/08 03:50:05
5905060134,得安藥局,臺南市新化區忠孝路１１８號１樓,(06)5981333,0,8,2020/02/08 03:50:05
5905060143,來德藥局,臺南市新化區護國里中山路２３２號,(06)5800193,0,28,2020/02/08 03:50:05
5905060161,和德藥局新化店,臺南市新化區清水里中山路４２０號１樓,(06)5802518,0,2,2020/02/08 03:50:05
5905070121,大樹善化藥局,臺南市善化區民權路５４、５６、５８號１樓,(06)5830550,2,0,2020/02/08 03:50:05
5905080038,大樹學甲藥局,臺南市學甲區中正路１３５號１樓,(06)7820001,200,92,2020/02/08 03:50:05
5905090034,維康藥局柳營店,臺南市柳營區太康里２０１－１０號,(06)6226228,2,42,2020/02/08 03:50:05
5905100035,華恩藥局,臺南市後壁區墨林里１９８號,(06)6623491,0,36,2020/02/08 03:50:05
5905100062,美尚藥局後壁店,臺南市後壁區後壁里１６８－８號,(06)6871138,6,0,2020/02/08 03:50:05
5905120019,復興藥局,臺南市下營區營前里復興街８７號１樓,(06)6898472,0,24,2020/02/08 03:50:05
5905120055,維任藥局,臺南市下營區中正北路７號,(06)6892259,0,14,2020/02/08 03:50:05
5905130024,人大藥局,臺南市六甲區中山路７號,(06)6988802,2,0,2020/02/08 03:50:05
5905170037,建昌藥局,臺南市七股區大寮里１之１１號,(06)7873777,2,0,2020/02/08 03:50:05
5905200030,新和德健保藥局,臺南市新市區中正路３１９－１號,(06)5997603,0,4,2020/02/08 03:50:05
5905200058,欣和德藥局,臺南市新市區中正路２００號,(06)5895658,4,0,2020/02/08 03:50:05
5905270112,昱欣藥局,臺南市仁德區中正路２段１１８１號１樓,(06)2798970,10,18,2020/02/08 03:50:05
5905270121,安麗兒藥局仁德店,臺南市仁德區新田里中正路二段４４５號,(06)2498619,2,0,2020/02/08 03:50:05
5905270149,尚澄藥局,臺南市仁德區中正路二段１０９０號,(06)2705580,1,0,2020/02/08 03:50:05
5905270176,大樹仁德藥局,臺南市仁德區中正路二段１１５２號１樓,(06)2797466,0,6,2020/02/08 03:50:05
5905280010,安新藥局,臺南市歸仁區民族北街１７巷１４號,(06)3306008,18,0,2020/02/08 03:50:05
5905280065,微笑藥局,臺南市歸仁區中山路二段１２５號,(06)2397495,10,26,2020/02/08 03:50:05
5905280074,醫康藥局,臺南市歸仁區武東里明德新村２號,(06)3032123,198,38,2020/02/08 03:50:05
5905280118,和雅藥局,臺南市歸仁區民權三街９６號１樓,(06-)2307757,2,0,2020/02/08 03:50:05
5905280127,義德藥局歸仁店,臺南市歸仁區民權北路７５號１樓,(06)2300399,0,2,2020/02/08 03:50:05
5905280136,悅橙歸仁藥局,臺南市歸仁區大通路４３號１樓,(06)2396660,0,30,2020/02/08 03:50:05
5905310031,怡品藥局,臺南市永康區大灣路８７０號,(06)2057346,0,4,2020/02/08 03:50:05
5905310068,育安藥局,臺南市永康區中興里中華路２７４號,(06)3116850,0,32,2020/02/08 03:50:05
5905310264,仁安藥師藥局,臺南市永康區崑山里大仁街６１號,(06)2056055,0,14,2020/02/08 03:50:05
5905310291,俐欣藥局,臺南市永康區大仁街２０６號１樓,(06)2050777,1,0,2020/02/08 03:50:05
5905310559,康群藥局,臺南市永康區復國里復華三街７２號,(06)2011839,0,2,2020/02/08 03:50:05
5905310620,台南永康藥局,臺南市永康區中山南路８１６、８１６－１．２．３號,(06)2020201,2,30,2020/02/08 03:50:05
5905310657,昂德藥局,臺南市永康區復華里復國一路１５２號１樓,(06)3121220,0,10,2020/02/08 03:50:05
5905310693,怡德藥局,臺南市永康區中山路１１８號,(06)2325678,192,46,2020/02/08 03:50:05
5905310755,德昌藥局永康店,臺南市永康區中華路４６２號,(06)3020628,0,2,2020/02/08 03:50:05
5905310773,長頸鹿藥局,臺南市永康區中華路６８１號,(06)3020188,0,40,2020/02/08 03:50:05
5905310791,三欣藥局,臺南市永康區勝利里小東路４２３巷２號１樓,(06)3125808,2,26,2020/02/08 03:50:05
5905310835,中華長億藥局,臺南市永康區中華路７３４、７３６號１樓,(06)3022322,2,46,2020/02/08 03:50:05
5905310924,永仁藥局,臺南市永康區永大路二段８５號１樓,(06)2730816,0,30,2020/02/08 03:50:05
5905310942,大樹南灣藥局,臺南市永康區大灣路５５５號１樓,(06)2728822,0,2,2020/02/08 03:50:05
5905310951,合佑藥局,臺南市永康區安康里中華路６９５－２號１樓,(06)3020147,0,40,2020/02/08 03:50:05
5905310960,香柏藥局,臺南市永康區東橋七路１８７號１樓,(06)3027773,2,28,2020/02/08 03:50:05
5905310979,復華藥師藥局,臺南市永康區復興里復華一街１３１號１樓,(06)3123597,0,4,2020/02/08 03:50:05
5905310988,小東藥局,臺南市永康區小東路５７３號１樓,(06)3127169,2,54,2020/02/08 03:50:05
5905310997,新英格蘭藥局,臺南市永康區中華路３９７號１樓,(06)3027648,0,22,2020/02/08 03:50:05
5905320082,鶴龍健保藥局,臺南市東區林森路一段１９０號１樓,(06)2608225,0,34,2020/02/08 03:50:05
5905320180,恩泉藥局,臺南市東區崇明路２０７號１樓,(06)3352078,2,56,2020/02/08 03:50:05
5905320260,群安健保藥局,臺南市東區復興里自由路三段１５１、１５３號１樓,(06)2690652,10,6,2020/02/08 03:50:05
5905320368,巴克禮中西藥局,臺南市東區中華東路三段３７７巷８號１樓,(06-)3361100,2,18,2020/02/08 03:50:05
5905320448,一品健康藥局,臺南市東區崇學里崇學路５０－１號１樓,(06)2896366,1,1,2020/02/08 03:50:05
5905320466,佑全中華藥局,臺南市東區中華東路三段２１５號,(06)2906386,1,0,2020/02/08 03:50:05
5905320475,美生藥局,臺南市東區德高里自由路一段１６１號１樓,(06)2670035,0,2,2020/02/08 03:50:05
5905320484,和信藥局,臺南市東區裕農路２７－１號１樓,(06)2348291,0,8,2020/02/08 03:50:05
5905320519,榮恩藥局,臺南市東區中華東路二段３３７號,(06)3350166,0,34,2020/02/08 03:50:05
5905320537,舒惠藥局,臺南市東區青年路４３２－６號１樓,(06)2087052,1,0,2020/02/08 03:50:05
5905320546,佑丞藥局,臺南市東區中華東路二段１２９號,(06)2902709,0,8,2020/02/08 03:50:05
5905320564,杏一台南崇德藥局,臺南市東區崇德路６７４號,(06)2671939,0,6,2020/02/08 03:50:05
5905320644,崇善藥局,臺南市東區崇善路３９２號１樓,(06)2896619,1,2,2020/02/08 03:50:05
5905320653,東門台安藥局,臺南市東區中華東路三段２號１樓,(06)2904377,0,4,2020/02/08 03:50:05
5905320680,晏佑藥局,臺南市東區崇善路４３８－１號１樓,(06)3358668,0,4,2020/02/08 03:50:05
5905320715,令和藥局,臺南市東區崇善路２６９號１樓,(06)2673578,1,0,2020/02/08 03:50:05
5905320724,中華崇德藥局,臺南市東區中華東路三段１８１、１８３號１樓,(06)2880800,2,72,2020/02/08 03:50:05
5905320733,大樹大同藥局,臺南市東區大同路二段２２７、２２９號１樓,(06)2158700,0,54,2020/02/08 03:50:05
5905330024,聖安健保藥局,臺南市南區健康路二段１７３號１樓,(06)2916898,0,20,2020/02/08 03:50:05
5905330097,千越藥局,臺南市南區金華路二段２４７號,(06)2910303,2,9,2020/02/08 03:50:05
5905330113,進祥藥局,臺南市南區文南里健康路２段３４２－１號１樓,(06)2630571,0,28,2020/02/08 03:50:05
5905330140,亮潔藥師藥局,臺南市南區廣州里金華路２段３４４號,(06)2217306,0,58,2020/02/08 03:50:05
5905330275,太子藥局大同店,臺南市南區大同路二段３４８號１樓,(06)2158339,1,10,2020/02/08 03:50:05
5905330284,大樹佳華藥局,臺南市南區金華路二段１２９號１樓,(06)2641238,0,8,2020/02/08 03:50:05
5905330300,思元藥局,臺南市南區金華路一段４８６號１樓,(06)2632377,0,8,2020/02/08 03:50:05
5905330337,千薏台安藥局,臺南市南區金華路二段２號１樓,(06)2638265,2,0,2020/02/08 03:50:05
5905340057,福氣藥局,臺南市中西區民族路三段１７９號１樓,(06)2221590,0,10,2020/02/08 03:50:05
5905340075,麗欣健保藥局,臺南市中西區永華路一段１９４號１樓,(06)2209393,0,20,2020/02/08 03:50:05
5905340137,全心藥局,臺南市中西區青年里民權路一段２５３號１樓,(06)2217536,0,24,2020/02/08 03:50:05
5905340226,楊藥局,臺南市中西區西和路３３號１樓,(06)2806353,0,14,2020/02/08 03:50:05
5905340235,人人藥局,臺南市中西區和緯路５段１９７號１樓,(06)3583668,196,50,2020/02/08 03:50:05
5905340253,永華台安藥局,臺南市中西區永華路一段１８４、１８４－１號１、２、３樓,(06)2225531,2,24,2020/02/08 03:50:05
5905340262,瑞城藥局,臺南市中西區赤嵌里忠義路二段１７６號１樓,(06)2215810,0,30,2020/02/08 03:50:05
5905350080,長榮健保藥局,臺南市北區長榮路４段１３９號１樓,(06)2757012,0,54,2020/02/08 03:50:05
5905350099,若安藥局,臺南市北區開元路１０３號１樓,(06)2095666,0,74,2020/02/08 03:50:05
5905350142,佳佳藥局,臺南市北區開元路３０６－１號,(06)2740783,2,44,2020/02/08 03:50:05
5905350151,公園台安藥局,臺南市北區公園路８４０號,(06)2518402,0,2,2020/02/08 03:50:05
5905350179,尚慶藥局,臺南市北區西門路四段８６號１樓,(06)2511258,66,48,2020/02/08 03:50:05
5905350231,祥好藥局,臺南市北區正風里公園路８７６號１樓,(06)2510366,0,26,2020/02/08 03:50:05
5905350240,健康藥局,臺南市北區長榮路５段２１號,(06)2003078,0,2,2020/02/08 03:50:05
5905350259,樂森藥局,臺南市北區和緯路二段３３６號１樓,(06)2511338,200,50,2020/02/08 03:50:05
5905350268,宸安藥局,臺南市北區光民里成功路４３６號１樓,(06)2238679,200,64,2020/02/08 03:50:05
5905350302,旻恩藥局,臺南市北區公園里北門路二段３７－１號,(06)2260590,0,70,2020/02/08 03:50:05
5905350311,美康藥局,臺南市北區公園路３７５－５號,(06)2810311,204,52,2020/02/08 03:50:05
5905350366,千多藥局,臺南市北區金華路五段１號,(06)2228641,0,2,2020/02/08 03:50:05
5905350393,和緯啄木鳥藥局,臺南市北區和緯路２段１７６號,(06)2519805,2,0,2020/02/08 03:50:05
5905350446,杏一藥局台南成大店,臺南市北區東豐路１５５號,(06)2382747,0,14,2020/02/08 03:50:05
5905350464,北海藥局,臺南市北區華德里海安路三段９７２號１樓,(06)2525533,0,2,2020/02/08 03:50:05
5905350473,欣依藥局,臺南市北區北安路一段２５９號１樓,(06)2832111,4,0,2020/02/08 03:50:05
5905370135,安南日日康藥局,臺南市安南區安和路五段３３號,(06)3550995,1,0,2020/02/08 03:50:05
5905370180,安南啄木鳥藥局,臺南市安南區安和路一段１０７號,(06)2821265,0,2,2020/02/08 03:50:05
5905370233,弘昇藥局,臺南市安南區鳳凰里安中路一段７００巷３２號１樓,(06)2567605,12,0,2020/02/08 03:50:05
5905370260,廣道藥局,臺南市安南區溪心里海佃路三段２１８號１樓,(06)2568383,6,4,2020/02/08 03:50:05
5905370279,安昕藥局,臺南市安南區安和路一段８０號１樓,(06)2827500,1,0,2020/02/08 03:50:05
5905370331,草湖寮王藥局,臺南市安南區梅花里安中路一段６３３號１樓,(06)2465859,0,4,2020/02/08 03:50:05
5905370340,保安康藥局,臺南市安南區梅花里安中路一段７９３號１樓,(06)2552586,2,6,2020/02/08 03:50:05
5905370359,宜康安和藥局,臺南市安南區安和路一段６８號１樓,(06)2521250,4,0,2020/02/08 03:50:05
5905380015,康馥藥局,臺南市安平區華平路５４５-１號,(06)2998328,0,40,2020/02/08 03:50:05
5905380113,永康藥局永華店,臺南市安平區永華路２段７０２號,(06)2951552,8,8,2020/02/08 03:50:05
5905380122,趙藥師藥局,臺南市安平區安北路３９０號,(06)3915695,0,23,2020/02/08 03:50:05
5905380140,信美藥局,臺南市安平區建平里平通路１４２號１樓,(06)2980142,0,4,2020/02/08 03:50:05
5905380159,永華藥局,臺南市安平區永華路二段７８７－１號,(06)2953618,2,32,2020/02/08 03:50:05
5905380168,恆安藥局,臺南市安平區永華路二段８４５─１號１樓,(06)2951773,1,26,2020/02/08 03:50:05
5905380177,凱順藥局,臺南市安平區育平里健康三街３９號１樓,(06)2999752,0,1,2020/02/08 03:50:05
5905380195,新高橋藥局台南永華店,臺南市安平區華平路２７９號１樓,(06)2992362,0,6,2020/02/08 03:50:05
5905380239,怡家藥局,臺南市安平區國平里華平路１４６─５號１樓,(06)2970519,13,0,2020/02/08 03:50:05
5905380248,康富聯合藥局,臺南市安平區華平路６５２號１樓,(06)2971960,210,68,2020/02/08 03:50:05
5907010043,北京藥局文山店,高雄市鳳山區青年路二段３６７號１．２樓,(07)7676766,8,0,2020/02/08 03:50:05
5907010169,美安藥局,高雄市鳳山區文衡路４３號,(07)7993209,8,16,2020/02/08 03:50:05
5907010187,人人好藥局,高雄市鳳山區五甲三路１０巷７號１樓,(07)8151566,0,2,2020/02/08 03:50:05
5907010267,禾康藥局,高雄市鳳山區瑞竹路１６號１樓,(07)7997139,1,16,2020/02/08 03:50:05
5907010285,康盈藥局,高雄市鳳山區鳳林路２６０號１樓,(07)7820968,0,26,2020/02/08 03:50:05
5907010365,科健藥局,高雄市鳳山區八德路２４６－５號１樓,(07)7777868,4,0,2020/02/08 03:50:05
5907010454,上泰健保藥局,高雄市鳳山區鎮西里中華街２７號１樓,(07)7455127,0,4,2020/02/08 03:50:05
5907010534,真健康藥局,高雄市鳳山區五福里五甲三路５５號,(07)8232828,0,2,2020/02/08 03:50:05
5907010669,鳳山好心藥局,高雄市鳳山區文濱路１９８號１樓,(07)7779285,2,16,2020/02/08 03:50:05
5907010730,鳳山啄木鳥藥局,高雄市鳳山區善美里保泰路３３６號１樓,(07)7162314,2,0,2020/02/08 03:50:05
5907010810,志全藥局,高雄市鳳山區五福里五甲三路１２１巷１號,(07)7688986,2,0,2020/02/08 03:50:05
5907010936,鳳山全民藥局,高雄市鳳山區中正里瑞興路３８０巷８號,(07)7037078,0,28,2020/02/08 03:50:05
5907010981,康是美五甲藥局,高雄市鳳山區鎮南里五甲二路７５２號１至２樓、７５４號１至２樓,(07)8121586,0,2,2020/02/08 03:50:05
5907011031,德安藥局,高雄市鳳山區文衡里文衡路２９５號１樓,(07)7805249,0,6,2020/02/08 03:50:05
5907011040,伊甸藥師藥局文化店,高雄市鳳山區文福里文化西路１１號１樓,(07)7776002,0,2,2020/02/08 03:50:05
5907011068,新高橋藥局文龍東店,高雄市鳳山區鎮北里文龍東路３１０號,(07)7353946,54,2,2020/02/08 03:50:05
5907011086,長青連鎖藥局中山西店,高雄市鳳山區忠義里中山西路３７６－７號１樓,(07)7197787,0,24,2020/02/08 03:50:05
5907011102,鳳山佑安藥局,高雄市鳳山區東門里中山東路１６６號１樓,(07)7030333,0,18,2020/02/08 03:50:05
5907011139,杏樹林藥局,高雄市鳳山區中和里自由路４３０號１樓,(07)7101118,0,38,2020/02/08 03:50:05
5907011148,大樹國泰藥局,高雄市鳳山區興仁里五甲一路２９２號,(07)7407234,2,0,2020/02/08 03:50:05
5907011166,佑全鳳山藥局,高雄市鳳山區文德里青年路二段４６３號１－２樓,(07)7801568,1,0,2020/02/08 03:50:05
5907011175,鳳西藥局,高雄市鳳山區忠義里中山西路２３８號１樓,(07)7902717,0,4,2020/02/08 03:50:05
5907011193,新高橋藥局新富店,高雄市鳳山區新泰里新富路４２８號１樓,(07)9630233,4,2,2020/02/08 03:50:05
5907011228,鳳山青年藥局,高雄市鳳山區文德里青年路二段３９９號１樓,(07)7678383,0,4,2020/02/08 03:50:05
5907011237,凱旋藥局,高雄市鳳山區國隆里新富路３７３號１樓,(07)7671182,0,18,2020/02/08 03:50:05
5907011264,新高橋藥局青年店,高雄市鳳山區文衡里青年路二段２８９號１樓,(07)7676179,2,2,2020/02/08 03:50:05
5907030072,旗美藥局,高雄市旗山區東平里延平二路４１號,(07)6629839,0,6,2020/02/08 03:50:05
5907030090,睛好活力藥局,高雄市旗山區湄洲里中山路１２７號,(07)6625119,0,2,2020/02/08 03:50:05
5907030107,大同藥局,高雄市旗山區大德里大同街１３號１樓,(07)6611336,0,36,2020/02/08 03:50:05
5907030125,旗山藥局,高雄市旗山區中華路２３號,(07)6621158,0,46,2020/02/08 03:50:05
5907040014,寶樹藥局,高雄市美濃區中山路１段８８號,(07)6812323,2,2,2020/02/08 03:50:05
5907040023,大佳藥局,高雄市美濃區獅山里中華路５９－７號,(07)6852988,0,10,2020/02/08 03:50:05
5907050029,林園健人藥師藥局,高雄市林園區林園北路３７２號,(07)6421598,0,2,2020/02/08 03:50:05
5907050047,安禾藥局,高雄市林園區仁愛路１６５號１樓,(07)6431068,4,0,2020/02/08 03:50:05
5907050074,林園藥局,高雄市林園區仁愛路１３號１樓,(07)6425855,0,2,2020/02/08 03:50:05
5907060034,化春藥師藥局,高雄市大寮區中庄里中庄路３７號,(07)7037275,18,0,2020/02/08 03:50:05
5907060043,永成專業藥師藥局,高雄市大寮區中興里鳳林四路６２號,(07)7816221,0,36,2020/02/08 03:50:05
5907060132,大承藥局,高雄市大寮區鳳屏一路４６６號１樓,(07)7013225,1,2,2020/02/08 03:50:05
5907060187,桂林活力藥師藥局鳳林店,高雄市大寮區山頂里鳳林三路８２３˙８２５號１樓,(07)7912331,0,12,2020/02/08 03:50:05
5907060212,仁德健保藥局,高雄市大寮區內坑里仁德新村１號１樓,(07)7885003,124,68,2020/02/08 03:50:05
5907060221,淑德健保藥局,高雄市大寮區內坑里淑德新村１號３樓,(07)7923556,0,40,2020/02/08 03:50:05
5907080081,英祥連鎖藥局仁雄店,高雄市仁武區仁雄路３６之２號,(07)3722509,0,4,2020/02/08 03:50:05
5907080214,新高橋藥局八德中店,高雄市仁武區八卦里八德中路８６、８８、９０號,(07)3485857,6,6,2020/02/08 03:50:05
5907080223,新高橋藥局仁雄店,高雄市仁武區赤山里仁雄路８９－３號,(07)3485857,10,0,2020/02/08 03:50:05
5907080232,大樹仁武藥局,高雄市仁武區赤山里仁雄路８０－９號,(07)3744777,1,0,2020/02/08 03:50:05
5907080296,新四季藥局,高雄市仁武區仁慈里仁慈路１９０號１樓,(07)7333606,0,6,2020/02/08 03:50:05
5907090087,安泰專業藥師藥局,高雄市大社區中山路２６７號１樓,(07)3553715,0,2,2020/02/08 03:50:05
5907090121,新高橋藥局大社店,高雄市大社區中山路２７７號１樓,(07)3485857,0,26,2020/02/08 03:50:05
5907090130,大樹大社藥局,高雄市大社區中山路３０８號１樓,(07)3531682,2,0,2020/02/08 03:50:05
5907110048,和德藥局橋頭店,高雄市橋頭區橋南路１１６－１號,(07)6113580,0,4,2020/02/08 03:50:05
5907110075,言安藥局,高雄市橋頭區樹德路６５號,(07)6110719,0,2,2020/02/08 03:50:05
5907140019,佑聖健保藥局,高雄市阿蓮區民生路７９號,(07)6321516,0,2,2020/02/08 03:50:05
5907140126,天德藥局阿蓮店,高雄市阿蓮區南蓮里忠孝路１６８、１７０號,(07)6311566,198,54,2020/02/08 03:50:05
5907150024,安麗兒藥局路竹店,高雄市路竹區大社路５１號１樓,(07)6071699,2,2,2020/02/08 03:50:05
5907150220,天德藥局路竹店,高雄市路竹區忠孝路２６－２、２６－３號１樓,(07)6975656,2,8,2020/02/08 03:50:05
5907150239,固德藥局,高雄市路竹區金平路３１２號,(07)6978641,8,0,2020/02/08 03:50:05
5907160039,華安藥局,高雄市湖內區中山路一段４５１－１９號,(07)6938208,1,0,2020/02/08 03:50:05
5907160048,吉成藥局,高雄市湖內區太爺里中正路１段１２號,(07)6993681,10,0,2020/02/08 03:50:05
5907160066,生麗藥局,高雄市湖內區保生路３２６號,(07)6992899,4,2,2020/02/08 03:50:05
5907170035,得安藥局,高雄市茄萣區嘉安里仁愛路三段５６巷１－３號,(07)6909718,0,2,2020/02/08 03:50:05
5907200010,嘉安藥師藥局,高雄市梓官區茄苳里嘉展路３８１號,(07)6107008,2,0,2020/02/08 03:50:05
5907200047,永恒健康生活藥局,高雄市梓官區智蚵里通安路１７６號１樓,(07)6102755,0,2,2020/02/08 03:50:05
5907210016,東冠健保藥局,高雄市六龜區太平路５號１樓,(07)6891852,400,100,2020/02/08 03:50:05
5907210034,大晉藥局,高雄市六龜區義寶里太平路１１６號,(07)6894951,0,62,2020/02/08 03:50:05
5907240014,博林健保藥局,高雄市內門區觀亭里中正路１６０巷５１號,(07)6671883,2,60,2020/02/08 03:50:05
5907280027,宏光藥局,高雄市鹽埕區七賢三路９２號一樓,(07)5211299,0,30,2020/02/08 03:50:05
5907290023,明倫藥局,高雄市鼓山區明倫路１５０號１樓,(07)5520736,0,2,2020/02/08 03:50:05
5907290112,新高橋藥局華榮店,高雄市鼓山區華榮路２８７號１樓,(07)5534727,0,26,2020/02/08 03:50:05
5907290201,開心藥局,高雄市鼓山區中華一路９４８號,(07)5555572,0,6,2020/02/08 03:50:05
5907290274,明誠丁丁藥局,高雄市鼓山區明誠三路４６５號,(07)5520120,0,4,2020/02/08 03:50:05
5907300024,重愛藥局,高雄市左營區文自路９３０號１樓,(07)3501870,6,2,2020/02/08 03:50:05
5907300088,神農健保藥局,高雄市左營區重和路１１７號,(07)3418228,11,9,2020/02/08 03:50:05
5907300168,金元藥局,高雄市左營區重愛路２２０號,(07)3458378,8,10,2020/02/08 03:50:05
5907300177,人尚大藥局,高雄市左營區榮總路１０９號１樓,(07)3100000,20,0,2020/02/08 03:50:05
5907300211,勁好健保藥局,高雄市左營區果峰街１２巷２６號１樓,(07)5855767,0,10,2020/02/08 03:50:05
5907300300,宜康健保藥局,高雄市左營區翠華路６０１巷４０號,(07)5889919,2,12,2020/02/08 03:50:05
5907300337,果峰健保藥局,高雄市左營區果峰街５０巷１５號１樓,(07)5880401,0,32,2020/02/08 03:50:05
5907300346,正心藥師藥局,高雄市左營區左營大路４７３之２號,(07)5880386,0,46,2020/02/08 03:50:05
5907300417,森森藥師藥局,高雄市左營區緯六路２１５號１樓,(07)5853600,0,24,2020/02/08 03:50:05
5907300515,詮裕藥局,高雄市左營區華夏路７０６號１樓,(07)3453942,0,10,2020/02/08 03:50:05
5907300588,明禾藥局,高雄市左營區華夏路１７３２號１樓,(07)3493734,4,26,2020/02/08 03:50:05
5907300613,新高橋藥局河堤店,高雄市左營區裕誠路１４４號１樓及地下１樓,(07)5582806,2,10,2020/02/08 03:50:05
5907300631,大樹孟子藥局,高雄市左營區孟子路２２６、２２８號,(07)3461772,0,4,2020/02/08 03:50:05
5907300659,維康藥局高榮店,高雄市左營區榮總路１６３號、１６５號,(07)3494540,2,0,2020/02/08 03:50:05
5907300668,米米藥局,高雄市左營區富民路３０１號１Ｆ,(07)5570569,196,54,2020/02/08 03:50:05
5907300677,佳寧峰藥局,高雄市左營區部後街２號,(07)5886408,4,46,2020/02/08 03:50:05
5907300686,左營自由藥局,高雄市左營區自由二路３５０、３５０－１號,(07)5589991,0,22,2020/02/08 03:50:05
5907300702,禾順左營藥局,高雄市左營區自由三路４１０號２樓,(07)3592582,0,16,2020/02/08 03:50:05
5907300711,富元聯合健康藥局,高雄市左營區博愛三路３７號,(07)3488585,198,56,2020/02/08 03:50:05
5907300739,左營藥局,高雄市左營區華夏路３２５號,(07)5501017,0,20,2020/02/08 03:50:05
5907300748,翔生藥局合群店,高雄市左營區緯六路２５６號,(07)5880055,0,10,2020/02/08 03:50:05
5907300757,奕康藥局,高雄市左營區明華一路７６號,(07)5561908,2,0,2020/02/08 03:50:05
5907300766,悠仁藥局,高雄市左營區自由三路１７０號,(07)3457979,2,0,2020/02/08 03:50:05
5907300775,詠康藥局,高雄市左營區明華一路２６５號,(07)5580165,0,36,2020/02/08 03:50:05
5907300784,新高橋藥局博正店,高雄市左營區忠言路１８０號,(07)5509810,24,16,2020/02/08 03:50:05
5907300819,志全藥局,高雄市左營區富國路１６８號１樓,(07)5568217,6,0,2020/02/08 03:50:05
5907300837,杏一高榮二店藥局,高雄市左營區榮總路１７７號１樓,(07)3463348,2,18,2020/02/08 03:50:05
5907300855,新高橋藥局裕誠店,高雄市左營區裕誠路２９１號１樓,(07)5573857,4,4,2020/02/08 03:50:05
5907300882,得孚社區藥局,高雄市左營區重立路５３３號１樓,(07)3410121,4,48,2020/02/08 03:50:05
5907300891,新高橋藥局華夏店,高雄市左營區華夏路１１１０號,(07)3410915,0,8,2020/02/08 03:50:05
5907310020,德民藥局,高雄市楠梓區德民路９１１號,(07)3630805,6,0,2020/02/08 03:50:05
5907310137,青田藥局,高雄市楠梓區監理南街６８號,(07)3648257,0,1,2020/02/08 03:50:05
5907310173,安健藥局,高雄市楠梓區鳳楠路２５０號,(07)3520167,4,0,2020/02/08 03:50:05
5907310235,新興藥局,高雄市楠梓區後昌路８７號,(07)3629735,0,2,2020/02/08 03:50:05
5907310262,大樹楠梓藥局,高雄市楠梓區軍校路９０８號,(07)3632322,4,0,2020/02/08 03:50:05
5907310271,漢宏健保藥局,高雄市楠梓區加宏路９７號,(07)3626086,10,0,2020/02/08 03:50:05
5907310280,光玉藥局,高雄市楠梓區德民路１００６－５號,(07)3659555,202,48,2020/02/08 03:50:05
5907310306,大雄藥局,高雄市楠梓區德民路１６６號,(07)3643290,2,0,2020/02/08 03:50:05
5907310315,小太陽康健藥局,高雄市楠梓區德民路９９３號１－２樓,(07)3635808,4,0,2020/02/08 03:50:05
5907310351,惠民楠梓藥局,高雄市楠梓區建楠路２１７號,(07)3521896,1,0,2020/02/08 03:50:05
5907310360,百康藥局,高雄市楠梓區右昌街４１６號,(07)3601281,14,0,2020/02/08 03:50:05
5907320133,莊敬藥局,高雄市三民區大昌一路２８號,(07)3976079,2,0,2020/02/08 03:50:05
5907320179,新高橋藥局天祥店,高雄市三民區天祥一路１１７號,(07)3102683,8,6,2020/02/08 03:50:05
5907320259,明誠藥局,高雄市三民區明誠一路１７２號,(07)3108636,0,36,2020/02/08 03:50:05
5907320295,新高橋藥局澄清店,高雄市三民區澄和路２號１樓,(07)3815186,0,10,2020/02/08 03:50:05
5907320302,新高橋藥局明誠店,高雄市三民區明誠一路４９２號,(07)3107072,18,34,2020/02/08 03:50:05
5907320339,河堤健保藥局,高雄市三民區裕誠路１０７號１樓,(07)3108281,0,18,2020/02/08 03:50:05
5907320419,大林藥局,高雄市三民區大昌一路１７０－１號,(07)3833593,2,44,2020/02/08 03:50:05
5907320428,東京藥局,高雄市三民區建工路６８５號,(07)3874567,0,14,2020/02/08 03:50:05
5907320464,建元健保藥局,高雄市三民區興昌街８３巷９號,(07)3927865,0,14,2020/02/08 03:50:05
5907320535,康誠藥局,高雄市三民區建工路６１６號,(07)3893889,7,14,2020/02/08 03:50:05
5907320562,康威藥局,高雄市三民區九如二路３０１號,(07)3223189,0,10,2020/02/08 03:50:05
5907320679,安安藥局,高雄市三民區鼎和街３２號１樓,(07)3420010,0,8,2020/02/08 03:50:05
5907320688,惠川藥局,高雄市三民區文安南街７８號,(07)7806618,0,28,2020/02/08 03:50:05
5907320697,鄰好藥師藥局,高雄市三民區褒揚街２８７號,(07)3909589,0,2,2020/02/08 03:50:05
5907320704,建工台安藥局,高雄市三民區建工路４９９號之１,(07)3807521,1,2,2020/02/08 03:50:05
5907320722,晶晶藥局,高雄市三民區十全一路２２３號１樓,(07)3222507,212,86,2020/02/08 03:50:05
5907320768,心樂保健藥局,高雄市三民區光裕路７８號１樓,(07)3855377,0,48,2020/02/08 03:50:05
5907320777,桉家藥師藥局,高雄市三民區明誠一路３９３號,(07)3929732,0,10,2020/02/08 03:50:05
5907320795,建工藥局,高雄市三民區建工路３９６號１樓,(07)3839900,188,54,2020/02/08 03:50:05
5907320848,仕康健保藥妝藥局,高雄市三民區建興路２２２號,(07)3845050,2,2,2020/02/08 03:50:05
5907320857,陽明上鼎藥師健保藥局,高雄市三民區陽明路１０１號１樓,(07)3962358,2,38,2020/02/08 03:50:05
5907320866,意朋建興藥局,高雄市三民區建興路２２５號１樓,(07)3929507,4,2,2020/02/08 03:50:05
5907320875,耀美麗藥局,高雄市三民區中華三路２８３號,(07)2153885,0,12,2020/02/08 03:50:05
5907320884,自由藥局,高雄市三民區自由一路７８號,(07)3223113,0,50,2020/02/08 03:50:05
5907320893,大樹天祥藥局,高雄市三民區天祥一路１６７號,(07)3429902,2,0,2020/02/08 03:50:05
5907320900,大昌藥局,高雄市三民區大昌二路３９７號,(07)3961396,0,12,2020/02/08 03:50:05
5907320919,心寬福藥局,高雄市三民區大順二路７１８號一樓,(07)3832366,4,30,2020/02/08 03:50:05
5907320955,禾藥局,高雄市三民區博愛一路２２３－１號１樓,(07)3225777,0,6,2020/02/08 03:50:05
5907320964,森心藥局,高雄市三民區自強一路２１６號１樓,(07)2818580,0,18,2020/02/08 03:50:05
5907330040,維康藥局,高雄市新興區中正三路６５號,(07)2615396,1,2,2020/02/08 03:50:05
5907330095,林森合豐藥局,高雄市新興區林森一路３７號,(07)2823313,14,6,2020/02/08 03:50:05
5907330148,康園藥局,高雄市新興區六合一路５３－１２號,(07)2372069,0,8,2020/02/08 03:50:05
5907330166,中正台安藥局,高雄市新興區中山一路１８３號一樓,(07)2856336,0,14,2020/02/08 03:50:05
5907340019,台灣社區照護藥局,高雄市前金區中山二路５３３號７樓之１,(07)2211350,0,34,2020/02/08 03:50:05
5907340046,銘益藥局,高雄市前金區七賢二路２０８、２１０號１樓,(07)2853107,0,4,2020/02/08 03:50:05
5907350079,吉康藥局,高雄市苓雅區大順三路６５號,(07)2259930,0,30,2020/02/08 03:50:05
5907350113,英祥藥局,高雄市苓雅區英祥街１９號,(07)7522786,0,2,2020/02/08 03:50:05
5907350177,佳康藥局,高雄市苓雅區建國一路３３４號,(07)2266685,4,34,2020/02/08 03:50:05
5907350220,仁愛藥師藥局,高雄市苓雅區中正一路２３０號,(07)7222300,0,2,2020/02/08 03:50:05
5907350239,鑫宜康健保藥局,高雄市苓雅區自強三路８號、１０號,(07)2693239,0,16,2020/02/08 03:50:05
5907350293,瓏耀藥局,高雄市苓雅區憲政路７６號,(07)7115288,0,50,2020/02/08 03:50:05
5907350300,辰安藥局,高雄市苓雅區青年一路１８５－２號,(07)5365545,0,10,2020/02/08 03:50:05
5907350319,御康藥局,高雄市苓雅區光華一路３５號,(07)3313535,0,6,2020/02/08 03:50:05
5907350364,興中好藥局,高雄市苓雅區興中二路４１號１樓,(07)3353899,0,26,2020/02/08 03:50:05
5907350417,高杏藥局,高雄市苓雅區大順三路４４號,(07)7277802,1,60,2020/02/08 03:50:05
5907350435,健安藥局,高雄市苓雅區建軍路４號,(07)7405332,0,6,2020/02/08 03:50:05
5907350480,健森藥局,高雄市苓雅區林森二路１３８號１、２樓,(07)3365169,0,10,2020/02/08 03:50:05
5907350499,鑫美健保特約藥局,高雄市苓雅區光華一路１４８－５８號１樓,(07)7715088,2,0,2020/02/08 03:50:05
5907350506,大樹苓雅藥局,高雄市苓雅區中華四路１５３號,(07)5353111,0,34,2020/02/08 03:50:05
5907350551,大樹武廟藥局,高雄市苓雅區武廟路４３、４５號１樓,(07)7222268,200,50,2020/02/08 03:50:05
5907360137,安康藥師藥局,高雄市前鎮區長江街６８號,(07)3309944,14,10,2020/02/08 03:50:05
5907360333,蓮荷藥局,高雄市前鎮區三多二路４３１號１樓,(07)5377534,6,28,2020/02/08 03:50:05
5907360360,親親藥局,高雄市前鎮區天山路１０巷６號,(07)3391078,0,4,2020/02/08 03:50:05
5907360379,金服安藥局,高雄市前鎮區鎮興路２０２號,(07)8150061,0,2,2020/02/08 03:50:05
5907360388,宏安藥局,高雄市前鎮區瑞隆路２４０號１樓,(07)7270100,0,2,2020/02/08 03:50:05
5907360440,隆德藥局,高雄市前鎮區前鎮街１７０號１樓,(07)8216030,0,6,2020/02/08 03:50:05
5907360459,聯合藥局,高雄市前鎮區一心一路２８１號１樓,(07)3391535,0,2,2020/02/08 03:50:05
5907360520,大樹瑞福藥局,高雄市前鎮區瑞隆路１７０號１樓、２樓,(07)7271170,1,0,2020/02/08 03:50:05
5907360548,芳鄰藥局,高雄市前鎮區中華五路９９３號１樓,(07)5361134,0,12,2020/02/08 03:50:05
5907360566,祥安健保藥局,高雄市前鎮區復興三路３９３號１樓,(07)3340393,0,32,2020/02/08 03:50:05
5907360584,聖名健保藥局,高雄市前鎮區復興三路２４６號１樓,(07)3319431,126,56,2020/02/08 03:50:05
5907360619,前鎮大樹藥局,高雄市前鎮區瑞隆路４７２號１樓,(07)7137171,92,44,2020/02/08 03:50:05
5907370062,歐德藥局,高雄市旗津區旗津三路９６２巷８號１樓,(07)5711868,0,2,2020/02/08 03:50:05
5907380040,二苓仙光藥局,高雄市小港區漢民路２６０號,(07)8069060,6,0,2020/02/08 03:50:05
5907380059,百鴻中西大藥局,高雄市小港區康莊路１１５號,(07)8024141,0,2,2020/02/08 03:50:05
5907380184,桂林活力藥師藥局孔鳳店,高雄市小港區孔鳳路５６１號１樓,(07)7912331,0,8,2020/02/08 03:50:05
5907380255,安安藥師藥局,高雄市小港區孔鳳路５６５號１樓,(07)7915933,0,1,2020/02/08 03:50:05
5907380264,大樹孔鳳藥局,高雄市小港區孔鳳路５１９、５２１號,(07)7918521,0,2,2020/02/08 03:50:05
5907380308,桂林活力藥師藥局漢民店,高雄市小港區漢民路６９１－１、６９１－２號１樓,(07)8010636,4,0,2020/02/08 03:50:05
5907380317,朋盛藥局,高雄市小港區大鵬路１４２號,(07)8017288,6,0,2020/02/08 03:50:05
5907380344,大樹小港藥局,高雄市小港區康莊路７５號１樓,(07)8068328,68,10,2020/02/08 03:50:05
5911010015,喬寶藥局,基隆市中正區義二路６６號１樓,(02)24202827,0,2,2020/02/08 03:50:05
5911011227,和平大藥局,基隆市中正區中正路７５０號,(02)24628151,1,1,2020/02/08 03:50:05
5911011290,家康大藥局,基隆市中正區義一路７２號１樓,(02)24212412,0,1,2020/02/08 03:50:05
5911011325,永好藥局,基隆市中正區北寧路３１５號１樓,(02)24697639,0,56,2020/02/08 03:50:05
5911011370,艾美藥局,基隆市中正區義二路６５－１號１樓,(02)24282609,0,46,2020/02/08 03:50:05
5911011478,天康新豐藥局,基隆市中正區新豐街２５１巷４弄９號１樓,(02)24695168,0,4,2020/02/08 03:50:05
5911011512,八斗子東亞藥局,基隆市中正區北寧路３７８號,(02)24698829,0,1,2020/02/08 03:50:05
5911011521,禎宸藥局,基隆市中正區中正路１７５號１樓,(02)24620366,0,10,2020/02/08 03:50:05
5911011530,吉上藥局,基隆市中正區中正路８１４號１樓,(02)24627799,196,62,2020/02/08 03:50:05
5911011585,雙鶴藥局,基隆市中正區義一路３５號１樓,(02)24263193,0,4,2020/02/08 03:50:05
5911021330,鴻辰藥局,基隆市七堵區百三街４２號,(02)24514485,40,28,2020/02/08 03:50:05
5911021429,雅登藥局,基隆市七堵區福二街２００號１樓,(02)24513213,4,0,2020/02/08 03:50:05
5911030026,欣華藥局,基隆市暖暖區源遠路１９７號,(02)24576741,8,0,2020/02/08 03:50:05
5911031096,東方藥局,基隆市暖暖區暖暖街１５３號１樓,(02)24574171,0,4,2020/02/08 03:50:05
5911031176,家宏藥局,基隆市暖暖區源遠路２８１之２號１樓,(02)24595982,0,2,2020/02/08 03:50:05
5911031238,碇內東亞藥師藥局,基隆市暖暖區源遠路３１９號１樓,(02)24590033,0,2,2020/02/08 03:50:05
5911031274,宏展藥局,基隆市暖暖區源遠路２７９號,(02)24593311,0,2,2020/02/08 03:50:05
5911040175,回春藥局,基隆市仁愛區仁五路４３號,(02)24224728,12,10,2020/02/08 03:50:05
5911040200,環宇藥局,基隆市仁愛區忠三路２０號,(02)24225071,0,42,2020/02/08 03:50:05
5911040228,大田大藥局,基隆市仁愛區仁二路５號,(02)24258762,0,2,2020/02/08 03:50:05
5911040273,第一藥局,基隆市仁愛區愛三路１２０號３樓,(02)24292288,2,36,2020/02/08 03:50:05
5911041350,何房藥局,基隆市仁愛區忠三路８１號,(02)24222978,0,10,2020/02/08 03:50:05
5911041387,順安藥局,基隆市仁愛區仁二路７２號,(02)24213381,0,4,2020/02/08 03:50:05
5911041510,聯安藥局,基隆市仁愛區仁二路２５１號２樓,(02)24288809,0,16,2020/02/08 03:50:05
5911041618,永樂藥局,基隆市仁愛區忠二路２２號,(02)24214878,0,17,2020/02/08 03:50:05
5911041823,威陽藥局,基隆市仁愛區孝二路６８號１樓,(02)24255646,0,12,2020/02/08 03:50:05
5911041921,祥新藥局,基隆市仁愛區忠一路２０號１樓,(02)24265551,0,8,2020/02/08 03:50:05
5911041930,好快樂藥局,基隆市仁愛區仁一路１７９號２樓,(02)24254633,0,51,2020/02/08 03:50:05
5911041949,捷登藥局,基隆市仁愛區孝三路９２號１樓,(02)24237888,2,0,2020/02/08 03:50:05
5911050064,日星藥局,基隆市中山區安一路２５號,(02)24222090,0,2,2020/02/08 03:50:05
5911050073,中山藥局,基隆市中山區中山二路４５號,(02)24269996,0,8,2020/02/08 03:50:05
5911050162,錦泰藥局,基隆市中山區中山二路４３號,(02)24228523,0,6,2020/02/08 03:50:05
5911051258,聖鑫藥局,基隆市中山區復興路１２３號,(02)24378911,0,46,2020/02/08 03:50:05
5911051267,親親藥局,基隆市中山區復興路１８１號,(02)24378323,0,8,2020/02/08 03:50:05
5911051409,順豐藥局,基隆市中山區中華路４號,(02)24369176,0,22,2020/02/08 03:50:05
5911051481,仁登藥局,基隆市中山區復興路１２２號,(02)24375789,0,1,2020/02/08 03:50:05
5911051490,大哈密藥局,基隆市中山區中山二路５號,(02)24285368,0,72,2020/02/08 03:50:05
5911051507,百福安一藥局,基隆市中山區安一路８１號,(02)24258068,2,0,2020/02/08 03:50:05
5911060079,祐寧藥局,基隆市安樂區樂利三街１０２號,(02)24321718,0,2,2020/02/08 03:50:05
5911061236,康美藥局,基隆市安樂區基金一路１３５巷４６號１樓,(02)34012988,0,24,2020/02/08 03:50:05
5911061307,宏基藥局,基隆市安樂區武嶺街６４號１樓,(02)24319498,4,0,2020/02/08 03:50:05
5911061316,高登藥局,基隆市安樂區基金一路１７４－４號１樓,(02)34010598,0,6,2020/02/08 03:50:05
5911070011,信安藥局,基隆市信義區信二路９９號,(02)24238551,0,6,2020/02/08 03:50:05
5911071170,永霖藥局,基隆市信義區東信路６７號,(02)24680858,0,10,2020/02/08 03:50:05
5911071447,家安藥師藥局,基隆市信義區信二路２５７、２５９號１樓,(02)24223917,0,1,2020/02/08 03:50:05
5911071483,蘋果藥局,基隆市信義區東明路９７號,(02)24685158,3,0,2020/02/08 03:50:05
5911071536,小不點健保藥局,基隆市信義區深溪路１２６號１樓,(02)24683985,0,2,2020/02/08 03:50:05
5911071581,心禾藥局,基隆市信義區信二路２８１號１樓,(02)24272274,0,66,2020/02/08 03:50:05
5911071590,基隆藥局,基隆市信義區東信路１６６、１６８號１、２樓,(02)24680955,4,0,2020/02/08 03:50:05
5912010215,李藥局,新竹市新莊里長春街３７號,(03)5779177,0,2,2020/02/08 03:50:05
5912010224,信芳藥局,新竹市科園里科學園路１３３號,(035)780595,0,2,2020/02/08 03:50:05
5912010322,南門藥局,新竹市東區關帝里南門街８２號,(03)5222665,1,2,2020/02/08 03:50:05
5912010528,華安中西藥局,新竹市東區振興里南大路６４８號一樓,(03)5610088,15,0,2020/02/08 03:50:05
5912010724,倫洋藥局,新竹市東區建中路３８號１樓,(03)5749482,0,2,2020/02/08 03:50:05
5912010779,誠真藥局,新竹市東區中正里中正路５７號２樓,(03)5278233,0,42,2020/02/08 03:50:05
5912012022,長明藥局,新竹市東區復中里中央路１７２號２樓,(03)5320541,0,8,2020/02/08 03:50:05
5912012059,幼安藥局,新竹市東區三民里民族路１２８號,(03)5316337,0,4,2020/02/08 03:50:05
5912012148,新竹實和藥局,新竹市東區中正里中山路２７號,(03)5227636,66,62,2020/02/08 03:50:05
5912012353,康田大藥局,新竹市東區金山街１０２號１樓,(03)5638217,0,1,2020/02/08 03:50:05
5912012406,淯祐藥局,新竹市東區北大路６６號之１,(03)5350083,0,1,2020/02/08 03:50:05
5912012479,東禾藥局,新竹市東區東門街９０之１號,(03)5242772,4,0,2020/02/08 03:50:05
5912012531,三立藥局,新竹市東區新源街１００號,(03)5740112,4,0,2020/02/08 03:50:05
5912012569,法瑪士藥局,新竹巿東區鐵道路2段8號,(03)5152255,6,0,2020/02/08 03:50:05
5912012666,國豐大藥局,新竹市東區光復路一段３６２－１８號,(03)5779960,0,4,2020/02/08 03:50:05
5912012746,安康藥局,新竹市東區民族路１１２號,(03)5437048,2,0,2020/02/08 03:50:05
5912012764,佳佳藥局,新竹市東區中華路二段704號2樓,(03)5239856,0,18,2020/02/08 03:50:05
5912012844,博正藥局,新竹市東區民族路８４號,(03)5436280,0,2,2020/02/08 03:50:05
5912012988,杏康健保特約藥局,新竹市東區光復路一段５２５巷２３號１樓,(03)5772966,0,3,2020/02/08 03:50:05
5912013154,永安調劑藥局,新竹市東區光復路一段５９５號２樓,(03)5641461,4,2,2020/02/08 03:50:05
5912013163,孟德爾頌藥局,新竹市東區東大路一段１１８號１樓,(03)5357177,0,2,2020/02/08 03:50:05
5912013181,得安專業藥師藥局,新竹市東區中華路二段６５２號,(03)5283038,6,1,2020/02/08 03:50:05
5912013207,明湖健保藥局,新竹市東區明湖路３９８號,(03)5191788,0,2,2020/02/08 03:50:05
5912013225,倫洲藥局,新竹市東區食品路９７號１樓,(03)5744088,1,0,2020/02/08 03:50:05
5912013243,合康連鎖藥局光復店,新竹市東區光復路１段３７８號,(03)5670111,0,2,2020/02/08 03:50:05
5912013252,全民好藥局,新竹市東區光復路一段５４４巷３６號１樓,(03)5794698,0,2,2020/02/08 03:50:05
5912013261,禾心藥局,新竹市東區民生路２３１號１樓,(03)5332403,2,8,2020/02/08 03:50:05
5912013305,合康連鎖藥局,新竹市東區中華路２段２２２號,(03)5321636,0,1,2020/02/08 03:50:05
5912013350,芮成藥局,新竹市東區北大路９２巷５９號１樓,(03)5320622,2,0,2020/02/08 03:50:05
5912013378,關東藥局,新竹市東區光復路１段３３２、３３４號１樓,(03)5777077,10,0,2020/02/08 03:50:05
5912013387,禾安藥局,新竹市東區龍山東路１號２樓,(03)6662782,0,2,2020/02/08 03:50:05
5912013396,小樹藥局,新竹市東區慈濟路３號（３樓）,(03)5670099,1,1,2020/02/08 03:50:05
5912013421,上允藥局,新竹市東區光復路１段３６０之１７號１樓,(03)6687664,194,48,2020/02/08 03:50:05
5912040035,永盛藥局,新竹市金華里光華二街６號,(035)325352,0,14,2020/02/08 03:50:05
5912040080,劉藥局,新竹市育英里四維路５１號,(03)5247658,6,0,2020/02/08 03:50:05
5912040106,永富大藥局,新竹市中山里北門街１８號,(035)234856,6,4,2020/02/08 03:50:05
5912040188,健和藥局,新竹市大同里大同路１７８號,(03)5231734,2,1,2020/02/08 03:50:05
5912040222,保健藥局,新竹市中山路１５３號１樓,(03)5242088,18,0,2020/02/08 03:50:05
5912040553,新廣德中西藥局,新竹市民富里延平路１段１６６號,(03)5225386,4,0,2020/02/08 03:50:05
5912041738,健康藥局,新竹市北區延平路一段１６７號,(03)5264697,4,0,2020/02/08 03:50:05
5912041827,正大藥局,新竹市北區中正路三九○號,(03)5356056,4,0,2020/02/08 03:50:05
5912041881,廣元藥局,新竹市北區東大路二段１８０號,(03)5317004,0,5,2020/02/08 03:50:05
5912041952,台安藥局,新竹市北區北大路４６４號,(03)5235953,2,0,2020/02/08 03:50:05
5912042098,欣欣藥局,新竹巿北區西大路736巷1號,(03)5351205,8,0,2020/02/08 03:50:05
5912042217,康立藥局,新竹市北區水田街１６２號,(03)5457591,1,0,2020/02/08 03:50:05
5912042637,中福藥局,新竹市北區中福路８３號,(03)5366996,6,7,2020/02/08 03:50:05
5912042664,永沛藥局,新竹市北區湳雅街２０９號,(03)5328563,0,2,2020/02/08 03:50:05
5912042673,仁佑藥局,新竹市北區南寮里西濱路１段５００號,(03)5363818,6,0,2020/02/08 03:50:05
5912042717,好鄰居健保藥局,新竹市北區西門街１２３號（１樓）,(03)5400538,4,0,2020/02/08 03:50:05
5912042735,新竹北門藥局,新竹市北區中正路３６０、３６２號（１樓）,(03)5333234,5,0,2020/02/08 03:50:05
5912042744,立新藥師藥局,新竹市北區延平路１段２４５號１樓,(03)5228968,0,1,2020/02/08 03:50:05
5912050040,速安藥局,新竹市中華路６段６７６號,(035)371557,3,0,2020/02/08 03:50:05
5912051216,健安藥局,新竹市香山區內湖路六十號,(03)5370111,0,1,2020/02/08 03:50:05
5912051350,高晟藥師藥局,新竹市香山區大庄路59號,(03)5306645,1,0,2020/02/08 03:50:05
5912051412,元培藥局,新竹市香山區元培街３０６號光曜樓１、２樓,(03)5937289,0,2,2020/02/08 03:50:05
5917010126,永大藥局,台中市中區錦上里民族路１２２號,(04)22210180,0,24,2020/02/08 03:50:05
5917010215,四川堂藥局,台中市中區中山路３４３號１樓,(04)22213081,0,22,2020/02/08 03:50:05
5917010279,中一藥局,台中市中區建國里建國路２２２號１Ｆ,(04)22235326,0,54,2020/02/08 03:50:05
5917011927,永和藥局,台中市中區繼光街１３４號,(04)22230388,0,26,2020/02/08 03:50:05
5917011934,一安堂藥局,臺中市中區臺灣大道一段２０號１樓,(04)22259616,0,58,2020/02/08 03:50:05
5917011945,正三吉藥局,臺中市中區臺灣大道一段９５號,(04)22207700,0,30,2020/02/08 03:50:05
5917020097,泰興藥局,台中巿東區東南里十甲路１１–１號,(04)22112537,4,0,2020/02/08 03:50:05
5917020104,七星中西藥局,台中市東區東信里十甲東路４０６巷１號１樓,(04)22123014,6,0,2020/02/08 03:50:05
5917020122,周藥師藥局,台中市東區合作里力行路５５號１樓,(04)23606800,1,0,2020/02/08 03:50:05
5917020373,明大藥局,台中市東區振興路２８８號,(04)22152388,8,0,2020/02/08 03:50:05
5917021549,福倫藥局,台中市東區精武東路１９８號,(04)22139918,6,0,2020/02/08 03:50:05
5917021718,中大藥局,台中市東區十甲路５０５號,(04)22131348,14,0,2020/02/08 03:50:05
5917030226,九和大藥局向上店,台中市西區向上路一段１９２號１樓,(04)23020148,0,4,2020/02/08 03:50:05
5917030262,明裕藥局,台中市西區向上路一段５０７號１樓,(04)24723480,2,6,2020/02/08 03:50:05
5917030280,德星藥局,台中市西區忠明里美村路一段９６號,(04)23212293,0,2,2020/02/08 03:50:05
5917030388,富永藥局,台中巿西區三民西路１６１號,(04)23714681,0,2,2020/02/08 03:50:05
5917030477,連泰藥局,台中市西區公民里林森路１３４之２號,(04)23728459,12,26,2020/02/08 03:50:05
5917030520,林西藥局,台中市西區永龍里向上路一段４６–１號,(04)23014023,2,6,2020/02/08 03:50:05
5917030600,永昇藥局,台中市西區東昇里朝陽街４５號,(04)23717280,4,0,2020/02/08 03:50:05
5917030646,華隆藥局,台中市西區樂群街６之２號,(04)22243785,0,10,2020/02/08 03:50:05
5917030726,元泉藥局,台中市西區公益里中美街２５７號,(04)23015503,0,20,2020/02/08 03:50:05
5917030860,振聲藥局,台中市西區公正里向上路１段４４７號１樓,(04)24721100,2,0,2020/02/08 03:50:05
5917030995,麗新健保大藥局,台中市西區向上路一段１６２號,(04)23017100,0,18,2020/02/08 03:50:05
5917032220,匯康藥局,台中市西區向上路一段二七七號一樓,(04)23014038,0,16,2020/02/08 03:50:05
5917032382,中港大藥局,台中市西區台中港路１段１０４號之１０,(04)22080708,0,58,2020/02/08 03:50:05
5917032462,名亨藥局,台中市西區五權路２９號１樓,(04)22201126,0,2,2020/02/08 03:50:05
5917032471,銘津藥局,台中市西區民生路３９０號１樓,(04)23021314,0,12,2020/02/08 03:50:05
5917032551,好思康藥局,台中市西區五權八街一一一號一樓,(04)23730826,198,46,2020/02/08 03:50:05
5917032640,幸福大藥局,台中市西區向上路一段１９４號１樓,(04)23026149,0,6,2020/02/08 03:50:05
5917032720,俊達藥局,台中市西區華美街３２０號１樓,(04)23015137,0,34,2020/02/08 03:50:05
5917032800,壹藥局,台中市西區美村路１段７７５號１樓,(04)23721998,2,0,2020/02/08 03:50:05
5917040106,侑民藥局,台中市南區興大路３９６巷４９號１樓,(04)22860146,0,10,2020/02/08 03:50:05
5917040302,元聖藥局,台中市南區積善里五權南路６５０號１樓,(04)22627468,2,0,2020/02/08 03:50:05
5917040366,和生藥局,台中市南區美村南路６８之２號１樓,(04)22653346,0,2,2020/02/08 03:50:05
5917040393,鴻儀大藥局,台中市南區樹義里大慶街二段３–４號,(04)22611769,2,10,2020/02/08 03:50:05
5917041756,樺生藥局,台中市南區工學路３９號,(04)22625317,2,0,2020/02/08 03:50:05
5917041818,弘仁藥局,台中市南區復興路１段５２１號,(04)22616495,0,2,2020/02/08 03:50:05
5917050433,松鶴藥局,台中巿北區文莊里篤行路２２４號,(04)22028790,192,54,2020/02/08 03:50:05
5917050719,百鴻藥局,台中巿北區金龍里北屯路１３–１號,(04)22336330,0,42,2020/02/08 03:50:05
5917050880,欣康藥局,台中市北區館前路２１號,(04)23226837,0,6,2020/02/08 03:50:05
5917050933,英才藥局,台中市英才路２２９號,(04)22012325,0,44,2020/02/08 03:50:05
5917051056,育光中西藥局,台中市北區健行里梅亭街６６０號１樓,(04)22037520,0,4,2020/02/08 03:50:05
5917051396,正光藥局,台中市北區金龍里三民路三段２５３–２號,(04)22337472,0,42,2020/02/08 03:50:05
5917052713,展弘藥局,台中市北區漢口路４段３８０號,(04)22307388,0,4,2020/02/08 03:50:05
5917052955,康諾得藥局,台中市北區梅川西路４段１６３號１樓,(04)22923037,0,28,2020/02/08 03:50:05
5917053078,漢口鹿藥局,台中市北區漢口路四段３５５號,(04)22355918,196,52,2020/02/08 03:50:05
5917053103,康膚藥局,台中市北區進化路六四八號一樓,(04)22386599,0,2,2020/02/08 03:50:05
5917053327,宏科藥局,台中市北區興進路２１１之１號,(04)22323823,0,38,2020/02/08 03:50:05
5917053345,健業藥局,台中市北區漢口路３段９１號,(04)22990258,2,3,2020/02/08 03:50:05
5917053514,學士藥局,台中市北區學士路１３號之１樓,(04)22015008,0,2,2020/02/08 03:50:05
5917053550,嘉樂藥局,台中市北區西屯路一段３５１－７號,(04)23266263,0,2,2020/02/08 03:50:05
5917053649,博森藥局,台中市北區健行路４９３號,(04)22068589,0,4,2020/02/08 03:50:05
5917060055,德維中西藥局,台中市西屯區西屯路三段１６４－１３號,(04)24611579,0,2,2020/02/08 03:50:05
5917060322,瑞康藥局,台中市西屯區長安路二段２號１樓,(04)22914046,0,2,2020/02/08 03:50:05
5917060644,大東藥局,台中市西屯區西墩里黎明路三段５７號,(04)27020418,0,12,2020/02/08 03:50:05
5917062406,健康藥局,台中市西屯區何南里大墩１９街２６號１樓,(04)23190305,0,4,2020/02/08 03:50:05
5917062531,久揚大藥局,台中市西屯區工業區一路９８之１６號,(04)23580738,6,0,2020/02/08 03:50:05
5917062773,逢甲何藥局,台中市西屯區青海路二段二八七號一、二樓,(04)27088495,2,2,2020/02/08 03:50:05
5917062988,廣安大藥局,台中市西屯區青海路一段一Ｏ一、一Ｏ三號,(04)23118572,196,58,2020/02/08 03:50:05
5917063038,中科藥局,台中市西屯區福雅路七十五號,(04)24615628,0,12,2020/02/08 03:50:05
5917063163,永安藥局,台中市西屯區西屯路３段１４６－４號１樓,(04)24620199,4,0,2020/02/08 03:50:05
5917063869,家福藥局,臺中市西屯區福科路４２１號,(04)24652565,0,2,2020/02/08 03:50:05
5917070060,仁人藥局,台中市南屯區南屯里黎明路一段１０８５號,(04)23890451,0,4,2020/02/08 03:50:05
5917070186,濟安堂藥局,台中市南屯區南屯路二段７８８號,(04)23899603,2,0,2020/02/08 03:50:05
5917070248,聯發藥局,台中市南屯區溝墘里大墩路８５０號,(04)23262738,2,48,2020/02/08 03:50:05
5917070275,聖仁藥局,台中市南屯區田心里向上南路１段２７４號１樓,(04)24726980,4,0,2020/02/08 03:50:05
5917070677,康得美專業藥局,台中市南屯區忠勇路１２之２６號,(04)23801185,0,4,2020/02/08 03:50:05
5917071727,大愛藥局,台中市南屯區向心南路９６２．９６４號１樓,(04)24733646,2,0,2020/02/08 03:50:05
5917071996,乾生大藥局,台中市南屯區大業路９５號,(04)23281277,3,4,2020/02/08 03:50:05
5917072126,宜康藥局,台中市南屯區公益路二段三五八號,(04)22515511,0,4,2020/02/08 03:50:05
5917072206,悅康藥師藥局,台中市南屯區大墩路７０５號１樓,(04)23107028,0,3,2020/02/08 03:50:05
5917072242,政豐大愛藥局,台中市南屯區大業路１４５、１４７號１樓,(04)23274726,0,4,2020/02/08 03:50:05
5917072251,五六藥局,臺中市南屯區南屯路２段２４０號,(04)24757156,0,2,2020/02/08 03:50:05
5917072313,大業藥局,台中市南屯區大業路５７１號１樓,(04)22516715,0,2,2020/02/08 03:50:05
5917072582,嶺東藥局,臺中市南屯區忠勇路４６之３號１樓,(04)23861789,0,4,2020/02/08 03:50:05
5917072644,全成藥局,台中市南屯區大墩６街２２３號,(04)24712897,0,4,2020/02/08 03:50:05
5917080388,濟生藥局,台中市北屯區松安里昌平路二段２之３１號,(04)22472327,0,2,2020/02/08 03:50:05
5917080413,中央藥局,台中市北屯區北屯里進化北路２７號１樓,(04)22340208,0,30,2020/02/08 03:50:05
5917080548,志誠藥局,台中巿北屯區仁美里豊樂路３２–９號,(04)24225682,0,2,2020/02/08 03:50:05
5917080593,崇安藥局,台中市北屯區四民里昌平路二段５４–３號１樓,(04)24221929,2,0,2020/02/08 03:50:05
5917080637,何藥局大連店,台中市北屯區平和里山西路２段２７４號１Ｆ,(04)22930895,0,2,2020/02/08 03:50:05
5917080762,順泰大藥局,台中市北屯區北屯村北屯路１１５號,(04)22341477,4,48,2020/02/08 03:50:05
5917080771,大生大藥局,台中市北屯區三光里北屯路３３７號,(04)22337059,0,16,2020/02/08 03:50:05
5917082604,科學藥局,台中市北屯區中清路２段３１６號,(04)22936688,0,4,2020/02/08 03:50:05
5917083049,你好聯合藥局,台中市北屯區陳平一街８８號,(04)22925759,0,8,2020/02/08 03:50:05
5917083058,福益藥局,台中市北屯區東山路１段１８８－７號,(04)24367031,4,0,2020/02/08 03:50:05
5917083085,宏琳社區保健藥局,台中市北屯區軍功路１段４９２號１樓,(04)24378008,0,2,2020/02/08 03:50:05
5917083129,智康藥局,台中市北屯區中清路二段５３３號,(04)22951469,204,60,2020/02/08 03:50:05
5917083209,崇德啄木鳥藥局,台中市北屯區崇德路二段２１７號,(04)22410441,8,0,2020/02/08 03:50:05
5917083254,建祐藥局,台中市北屯區太原路三段２６１號,(04)22389809,0,28,2020/02/08 03:50:05
5917083316,春元藥局,臺中市北屯區東山路１段２８７號,(04)24361008,2,0,2020/02/08 03:50:05
5921010072,統一藥局,台南市東區中西里東門路１段２９１號,(06)2376638,0,22,2020/02/08 03:50:05
5921010107,榮泰藥局,台南市東區崇誨里林森路２段１９２巷４９號,(06)2369095,0,2,2020/02/08 03:50:05
5921010161,懷仁藥局,台南市東區崇學里崇德路３４２號,(06)2694895,16,0,2020/02/08 03:50:05
5921010205,文成藥局,台南市東區大學里東寧路４３號之１,(06)2340860,0,53,2020/02/08 03:50:05
5921010223,王藥局,台南市東區小東里小東路１９０－１號,(06)2378697,1,18,2020/02/08 03:50:05
5921010232,大家藥局,台南市東區大同路二段１７５號,(06)2153777,0,2,2020/02/08 03:50:05
5921010250,宏昌藥局,台南市東區大同路１段２７１號,(06)2142459,0,8,2020/02/08 03:50:05
5921010303,賴藥局,台南市東區後甲里裕農路６２１巷２６－２號,(06)2363738,0,2,2020/02/08 03:50:05
5921010410,三祐堂藥局,台南市東區東門路二段３６６號,(06)2673654,0,54,2020/02/08 03:50:05
5921010447,宏荏藥局,台南市東區崇學里崇明街１１街５２巷２號,(06)2684725,4,0,2020/02/08 03:50:05
5921010625,益丞藥局,台南市東區裕農路３４８號,(06)2359865,4,8,2020/02/08 03:50:05
5921010652,良泰藥局,台南市東區仁和里仁和路１１７之１號,(06)2676256,0,2,2020/02/08 03:50:05
5921010661,建龍藥局,台南市東區自強里中華東路二段２５７號,(06)2683998,0,20,2020/02/08 03:50:05
5921010689,億安大藥局,台南市東區大福里大同路２段２６５號,(06)2159881,1,8,2020/02/08 03:50:05
5921010947,崇安藥師藥局,台南市東區龍山里崇學路２８７號,(06)3350717,5,3,2020/02/08 03:50:05
5921012085,台安藥局,台南市東區大同路一段１６３號,(06)2150011,0,16,2020/02/08 03:50:05
5921012281,菁安藥局,台南東區富強里中華東路二段４９號,(06)3361683,6,0,2020/02/08 03:50:05
5921012334,家庭藥局,台南市東區崇文里生產路３６９─３號,(06)2607298,0,1,2020/02/08 03:50:05
5921012530,早安藥師藥局,台南市東區裕學路１１２號,(06)3350535,0,2,2020/02/08 03:50:05
5921012781,盈如藥局,台南市東區中華東路３段６８號１樓,(06)2895839,0,28,2020/02/08 03:50:05
5921012852,羽杏藥局,台南市東區崇學路２５９號,(06)2893330,2,0,2020/02/08 03:50:05
5921012861,美立康藥局,台南市東區裕文路７２號１樓,(06)3316363,0,1,2020/02/08 03:50:05
5921013073,太和藥師藥局,臺南市東區仁和路５１─１號,(06)2906063,1,0,2020/02/08 03:50:05
5921013117,幸運藥局,臺南市東區東門路二段２０７號１樓,(06)2371675,2,26,2020/02/08 03:50:05
5921013206,和德藥局,臺南市東區崇德路４９７號,(06)2882789,0,42,2020/02/08 03:50:05
5921020096,豐陽藥局,台南市南區文南里文南路１１５號,(06)2610628,0,2,2020/02/08 03:50:05
5921020112,裕仁藥局,台南市南區新興里新興路１９４號１樓,(06)2614263,0,4,2020/02/08 03:50:05
5921020149,吉祥藥局,台南市南區文南路１１７號,(06)2632853,0,4,2020/02/08 03:50:05
5921020185,安心藥局,台南市南區喜東里喜樹路１５１巷３３號,(06)2622570,198,50,2020/02/08 03:50:05
5921020210,興泰藥局,台南市南區金華路一段１６５號,(06)2653638,0,48,2020/02/08 03:50:05
5921020256,久芳藥局,台南市南區喜樹路３４０巷１６６號,(06)2625209,0,30,2020/02/08 03:50:05
5921020345,重光藥局,台南市南區鹽埕路２７２號,(06)2618087,204,44,2020/02/08 03:50:05
5921020425,日大中西藥局,台南市南區永興一街３２號,(06)2612817,0,8,2020/02/08 03:50:05
5921020470,大仁藥局,台南市南區金華里新孝路３０號,(06)2610673,0,38,2020/02/08 03:50:05
5921021502,興南藥局,台南市南區中華南路二段７０號,(06)2920909,0,22,2020/02/08 03:50:05
5921021566,佑佑藥局,台南市南區金華里健康路二段３４９號２Ｆ,(06)2912603,0,28,2020/02/08 03:50:05
5921021584,大愛藥局,台南市南區大同路２段１８２號１樓,(06)2137587,0,2,2020/02/08 03:50:05
5921021637,赤繐藥師健保藥局,台南市金華路２段９６號,(06)2656368,2,24,2020/02/08 03:50:05
5921021708,為仁藥師藥局,台南市南區大同路二段１０６號,(06)2139376,0,50,2020/02/08 03:50:05
5921021780,國山健保特約藥局,台南市南區大同路２段４７８號,(06)2159570,0,78,2020/02/08 03:50:05
5921021815,樺昇藥局,臺南市南區明興路１３６７號,(06)2625571,1,0,2020/02/08 03:50:05
5921021833,樺昇藥局德興店,臺南市南區德興路１７５號之１,(06)2616797,0,3,2020/02/08 03:50:05
5921030074,自在藥局,臺南市中西區民生路二段６３號,(06)2235520,0,4,2020/02/08 03:50:05
5921030092,三芳藥局,臺南市中西區元安里大勇街５號,(06)2203084,0,4,2020/02/08 03:50:05
5921030136,發育藥局,台南市中西區海安路１段２０５號１樓,(06)2215896,0,78,2020/02/08 03:50:05
5921030289,星宗藥局,台南市西區新安里大勇街３７號,(06)2223453,2,56,2020/02/08 03:50:05
5921040169,信心藥局,台南市北區延平里公園路５４６號,(06)2822209,0,2,2020/02/08 03:50:05
5921040294,澄清堂藥局,台南市北區勝利路４９５號,(06)2377224,0,34,2020/02/08 03:50:05
5921040749,玖大藥局,台南市北區勝利路３８３號,(06)2752048,0,70,2020/02/08 03:50:05
5921041826,佳家藥局,台南市北區大公里忠義路三段２２號１樓,(06)2252165,0,16,2020/02/08 03:50:05
5921041835,一方藥局,台南市北區開元路４８５巷４１弄２８號１樓,(06)2742419,2,2,2020/02/08 03:50:05
5921041871,心心藥局,台南市北區玉皇里成功路７２號,(06)2220018,20,24,2020/02/08 03:50:05
5921041915,慈恩藥師藥局,台南市北區新勝里北園街１５號,(06)2005658,0,4,2020/02/08 03:50:05
5921041960,一加恩聯合藥局,台南市北區開元路４２２號,(06)2081172,0,6,2020/02/08 03:50:05
5921042074,開元台安藥局,台南市北區開元路２８８號,(06)2083172,0,2,2020/02/08 03:50:05
5921042118,欣平藥局,台南市北區勝利路４２５號,(06)2354293,1,46,2020/02/08 03:50:05
5921042145,王大藥局,台南市北區開元路１５６號,(06)2086169,0,46,2020/02/08 03:50:05
5921042243,大道藥局,臺南市北區北門路二段５９０號,(06)2513000,0,18,2020/02/08 03:50:05
5921042289,公園店菁安藥局,台南市北區公園路６１１號,(06)2834488,10,0,2020/02/08 03:50:05
5921050076,千代藥局,台南市中西區民生路一段６０號１樓,(06)2256895,0,42,2020/02/08 03:50:05
5921050094,吉安藥局,台南市中區薘壺里成功路２８９號,(06)2227394,0,48,2020/02/08 03:50:05
5921050138,金德藥局,台南市中西區府前路１段３３號,(06)2149082,2,20,2020/02/08 03:50:05
5921050174,春天藥局,臺南市中西區民族路２段２７４號,(06)2221562,0,12,2020/02/08 03:50:05
5921050227,協和藥局,台南市中區清水里青年路１９５號,(06)2263061,0,34,2020/02/08 03:50:05
5921050245,泰元藥局,台南市中區文昌里民權路一段８７號,(06)2205745,394,98,2020/02/08 03:50:05
5921050423,吉仁大藥局,台南市中區白金里民權路２段８６號,(06)2263777,1,40,2020/02/08 03:50:05
5921050441,快安藥局,臺南市中西區溫陵里永福路二段８４之１５號,(06)2254543,4,48,2020/02/08 03:50:05
5921050469,泰毅藥局,台南市中區友愛街４６之１號,(06)2257181,6,48,2020/02/08 03:50:05
5921051537,大全藥局,台南市中西區府連路３９號,(06)2145007,0,24,2020/02/08 03:50:05
5921051608,府前藥師藥局,台南市中區府前路一段２７０號,(06)2284411,0,22,2020/02/08 03:50:05
5921051617,五代全民藥局,台南市中西區民族路二段７６－９號,(06)2264800,0,34,2020/02/08 03:50:05
5921051656,常新藥局,臺南市中西區健康路１段３７０號,(06)2130912,0,40,2020/02/08 03:50:05
5921060107,泰山藥局,台南市安南區海佃路一段２０７號,(06)2582073,4,0,2020/02/08 03:50:05
5921060143,嘉庭藥局,台南市安南區海佃里國安街１１８號,(06)2581618,2,24,2020/02/08 03:50:05
5921060170,明杰藥局,台南市安南區理想里大安街９８號,(06)2567821,1,0,2020/02/08 03:50:05
5921060385,樂成藥局,台南市安南區安和路一段１５９巷８３號,(06)2568576,0,6,2020/02/08 03:50:05
5921061560,安順藥局,台南市安南區安和路一段１６４號,(06)2550447,1,2,2020/02/08 03:50:05
5921061588,安中藥局,台南市安南區城北里安中路６段７１８號,(06)2570500,0,100,2020/02/08 03:50:05
5921061720,康悅健藥師藥局,台南市安南區安和路５段１４９-２號,(06)3556382,0,2,2020/02/08 03:50:05
5921061781,佳美藥局,臺南市安南區安和路１段３８號,(06)2810700,0,58,2020/02/08 03:50:05
5921070041,博理藥局,台南市安平區石門里安平路６７６號,(06)2202521,0,12,2020/02/08 03:50:05
5921071226,康活藥局,台南市安平區健康三街１８６號,(06)2936483,0,34,2020/02/08 03:50:05
5921071235,康福藥師藥局,台南市安平區永華路二段１０５９號之１,(06)2939068,0,26,2020/02/08 03:50:05
5921071244,全家藥局,台南市安平區華平路１７０號,(06)2939000,0,14,2020/02/08 03:50:05
5921071333,人仁藥局,台南市安平區慶平路２８１號,(06)2998667,2,6,2020/02/08 03:50:05
5921071342,幼安藥局,台南市安平區華平路５０３號,(06)2937733,6,4,2020/02/08 03:50:05
5921080010,羽田藥局,臺南市中西區府前路一段２１４號,(06)2214066,0,16,2020/02/08 03:50:05
5922010147,普羅藥局,嘉義市東區民權路１１４號,(05)2754836,0,1,2020/02/08 03:50:05
5922010218,淳生藥局,嘉義市吳鳳北路１００號,(05)2247679,0,30,2020/02/08 03:50:05
5922010263,秉榮藥局,嘉義市東區東仁里中山路１８９號,(05)2224320,0,4,2020/02/08 03:50:05
5922010272,晟安藥局,嘉義市文昌里光彩街２２２號,(05)2274305,4,12,2020/02/08 03:50:05
5922010281,上安中西藥局,嘉義市東區府路里延平街２３８號之１,(05)2231005,0,38,2020/02/08 03:50:05
5922010361,壽生堂藥局,嘉義市東區府路里延平街２８０號,(05)2225058,206,74,2020/02/08 03:50:05
5922010441,穎川保健藥局,嘉義市東區仁武里中山路２０４號,(05)2223609,0,50,2020/02/08 03:50:05
5922010496,乙展藥局,嘉義市東區蘭井里蘭井街７０號,(05)2279556,0,52,2020/02/08 03:50:05
5922010683,永富藥局,嘉義市東區中央里北榮街９１號,(05)2222826,4,4,2020/02/08 03:50:05
5922010736,全民藥局,嘉義市東區新店里林森東路２８９ 號,(05)2777900,0,2,2020/02/08 03:50:05
5922011877,大惠藥局,嘉義市東區新生路３０９號,(05)2766692,0,20,2020/02/08 03:50:05
5922011966,源豪藥局,嘉義市東區光華路８２號,(05)2169696,0,74,2020/02/08 03:50:05
5922012025,佑健藥局,嘉義市東區光華路２–２號,(05)2294833,2,48,2020/02/08 03:50:05
5922012061,北榮藥局,嘉義市東區北榮街２號,(05)2280650,0,28,2020/02/08 03:50:05
5922012178,聖心藥局,嘉義市東區大雅路二段５７７號,(05)2777189,0,8,2020/02/08 03:50:05
5922012365,富善藥局,嘉義市東區新生路２３４號１樓,(05)2759559,0,14,2020/02/08 03:50:05
5922012383,振安藥局,嘉義市東區王田里林森東路３００號１樓,(05)2756541,6,0,2020/02/08 03:50:05
5922012392,維康藥局,嘉義市東區短竹里大雅路二段５６７號１樓,(05)2757663,1,0,2020/02/08 03:50:05
5922012418,松岡藥局,嘉義市東區祐民里吳鳳北路１９７號,(05)2163519,406,155,2020/02/08 03:50:05
5922012552,德和藥局,嘉義市東區新生路７０３號１樓,(05)2789940,0,4,2020/02/08 03:50:05
5922012632,泰和藥局,嘉義市東區中央里成仁街２２０巷８號,(05)2227135,1,55,2020/02/08 03:50:05
5922012669,保健藥局,嘉義市東區義教里保建街１６１號,(05)2712959,4,0,2020/02/08 03:50:05
5922012712,誠泰藥師藥局,嘉義市東區安寮里興業東路５６號１樓,(05)2168905,2,0,2020/02/08 03:50:05
5922012945,大明藥局,嘉義市東區大雅路二段６８２號,(05)2760958,0,14,2020/02/08 03:50:05
5922012954,大樹藥局,嘉義市東區林森東路４７０巷５號,(05)2767179,0,62,2020/02/08 03:50:05
5922013031,德昌藥局,嘉義市東區中央里吳鳳北路２１１號,(05)2280306,6,0,2020/02/08 03:50:05
5922013040,軍輝啄木鳥藥局,嘉義市東區興村里軍輝路２２２號,(05)2395963,6,0,2020/02/08 03:50:05
5922013068,吳鳳藥局,嘉義市東區吳鳳南路５８５號,(05)52399311,0,1,2020/02/08 03:50:05
5922013086,大雅藥局,嘉義市東區大雅路二段４８７號,(05)2778237,0,4,2020/02/08 03:50:05
5922020358,泰春藥局,嘉義市西區學圃里民生北路６６號,(05)2224118,2,38,2020/02/08 03:50:05
5922020376,勝華藥局,嘉義市垂楊路６２３號,(05)2856642,0,39,2020/02/08 03:50:05
5922020483,逢春藥局,嘉義市西區竹圍里北興街４１７號,(05)2326990,0,5,2020/02/08 03:50:05
5922020518,永安藥局,嘉義市西區西平里信義路４９–１號,(05)2358368,0,6,2020/02/08 03:50:05
5922020563,信康藥局,嘉義市西區翠岱里仁愛路２２６號,(05)2161680,2,0,2020/02/08 03:50:05
5922020581,杏安藥局,嘉義市西區書院里民族路７８６號,(05)2271727,0,45,2020/02/08 03:50:05
5922020634,利安藥局,嘉義市西區番社里中山路３４４號１樓,(05)2225756,2,54,2020/02/08 03:50:05
5922020661,大正藥局,嘉義市西區書院里民族路７０２號,(05)2285812,0,2,2020/02/08 03:50:05
5922020670,興嘉藥局,嘉義市西區興業西路３７０號,(05)2841812,20,2,2020/02/08 03:50:05
5922020689,齊悅藥局,嘉義市西區西平里玉山路１４５號１樓,(05)2843514,0,4,2020/02/08 03:50:05
5922020769,安麗藥師藥局,嘉義市西區車店里廣州街２０６號,(05)2352395,0,2,2020/02/08 03:50:05
5922020867,庭一藥局,嘉義市西區文化路４４２號,(05)2325900,1,0,2020/02/08 03:50:05
5922020885,廣泰藥局,嘉義市西區仁愛路４４２號,(05)2250342,0,38,2020/02/08 03:50:05
5922020894,平良藥局,嘉義市西區致遠里興業西路８４號１樓,(05)2235220,0,2,2020/02/08 03:50:05
5922020901,聯弘藥局,嘉義市西區中興路１８８號,(05)2331368,0,2,2020/02/08 03:50:05
5922028783,勝成藥局,嘉義市西區南京路１２６巷１９號,(05)2360247,0,3,2020/02/08 03:50:05
5922028863,益生堂藥局,嘉義市西區杭州三街３０號,(05)2861415,0,2,2020/02/08 03:50:05
5922028925,健安藥局,嘉義市西區民族路６２６號,(05)2281219,2,0,2020/02/08 03:50:05
592202A241,博愛藥局,嘉義市西區小湖里博愛路二段２７７–１號,(05)2330292,0,18,2020/02/08 03:50:05
592202A296,秉原藥局,嘉義市西區書院里民族路７００號,(05)2285811,4,0,2020/02/08 03:50:05
592202A330,永明藥局,嘉義市西區中山路６０８號１樓,(05)2286339,30,34,2020/02/08 03:50:05
592202A349,力健藥局,嘉義市西區文化路５９１號,(05)2323217,200,48,2020/02/08 03:50:05
592202A358,國豐藥局,嘉義市西區北興街２４５－２號１樓,(05)2318473,0,1,2020/02/08 03:50:05
592202A465,廣元藥局,嘉義市西區民安里中正路６９７號,(05)2252733,0,1,2020/02/08 03:50:05
5931010217,皇安藥局,新北市板橋區中山路２段２４１號,(02)29524089,0,4,2020/02/08 03:50:05
5931010235,友祥藥局,新北市板橋區裕民街１０７號,(02)22544666,0,2,2020/02/08 03:50:05
5931010315,優良藥局,新北市板橋區莊敬路９３號,(02)22550251,0,12,2020/02/08 03:50:05
5931010646,人民藥局,新北市板橋區仁愛路５９號,(02)89533956,0,6,2020/02/08 03:50:05
5931010977,穎川藥局,新北市板橋區民權路２０２巷４弄１號,(02)29660617,2,6,2020/02/08 03:50:05
5931011045,進發大藥局,新北市板橋區民治街１０１號,(02)22528361,1,0,2020/02/08 03:50:05
5931011161,全國藥局,新北市板橋區四川路１段２３１號,(02)29511212,0,2,2020/02/08 03:50:05
5931011241,利安藥局,新北市板橋區南雅東路１０８號,(02)29696295,0,6,2020/02/08 03:50:05
5931011947,長弘藥局,新北市板橋區龍泉街１１０號,(02)22558789,0,2,2020/02/08 03:50:05
5931012051,全曜藥局,新北市板橋區民權路２６０巷６２號,(02)29682681,0,6,2020/02/08 03:50:05
5931012239,信昌藥局,新北市板橋區三民路２段２０２－９號,(02)29510784,0,2,2020/02/08 03:50:05
5931013343,晉麟藥局,新北市板橋區懷德街７８巷４號,(02)22509069,4,0,2020/02/08 03:50:05
5931013389,谷全藥局,新北市板橋區裕民街４９號,(02)22561856,64,18,2020/02/08 03:50:05
5931013441,擎天藥局,新北市板橋區重慶路２３５號１樓,(02)89525981,0,2,2020/02/08 03:50:05
5931013629,安聯藥局,新北市板橋區宏國路１１３號１樓,(02)22569079,6,14,2020/02/08 03:50:05
5931013736,杏華藥局,新北市板橋區溪北路１７０號１樓,(02)26757024,6,0,2020/02/08 03:50:05
5931013781,佳和藥局,新北市板橋區文化路１段３８７巷５號１樓,(02)22589598,12,54,2020/02/08 03:50:05
5931013790,力康藥局,新北市板橋區陽明街１０８號,(02)82570065,10,0,2020/02/08 03:50:05
5931013825,晨恩藥局,新北市板橋區文化路１段２１６號１樓,(02)22573400,4,0,2020/02/08 03:50:05
5931013843,快安藥局,新北市板橋區漢生西路３１號１樓,(02)29603557,0,8,2020/02/08 03:50:05
5931013852,瑞明藥局,新北市板橋區文化路１段１７號,(02)22728467,0,18,2020/02/08 03:50:05
5931014028,康德藥局,新北市板橋區溪北路２８號,(02)26755151,4,18,2020/02/08 03:50:05
5931014206,翰生藥局,新北市板橋區漢生西路７７之１號（１樓）,(02)82513666,0,6,2020/02/08 03:50:05
5931014528,文德藥局,新北市板橋區國光路４３號Ｂ１,(02)22728719,6,24,2020/02/08 03:50:05
5931014635,健全藥局,新北市板橋區實踐路１２５號１樓,(02)89533330,2,0,2020/02/08 03:50:05
5931014699,惠林藥局,新北市板橋區篤行路３段９０號,(02)26878651,0,16,2020/02/08 03:50:05
5931014751,活泉藥局,新北市板橋區四川路１段１５６號１樓、２樓,(02)29647761,40,104,2020/02/08 03:50:05
5931014822,常仁藥局,新北市板橋區中正路１巷４號,(02)29674999,2,2,2020/02/08 03:50:05
5931015301,利安中西藥局,新北市板橋區板新路１４３號,(02)29644745,0,2,2020/02/08 03:50:05
5931015641,廣明藥局,新北市板橋區莒光路９３號１樓,(02)22536325,0,3,2020/02/08 03:50:05
5931015749,品品藥局,新北市板橋區中山路２段４０２號〈１樓〉,(02)29647917,8,0,2020/02/08 03:50:05
5931015829,德一藥局,新北市板橋區中山路２段２３８號１樓,(02)29535717,2,0,2020/02/08 03:50:05
5931015883,宜康藥局,新北市板橋區龍興街３３號１樓,(02)29603940,0,4,2020/02/08 03:50:05
5931015909,向康藥局,新北市板橋區實踐路１４７號１樓,(02)29637248,0,4,2020/02/08 03:50:05
5931015972,德豐健保藥局,新北市板橋區四川路２段４７巷３弄１號１樓,(02)89675880,2,0,2020/02/08 03:50:05
5931016004,晴天藥局,新北市板橋區文化路１段１１６號２樓,(02)22506165,0,70,2020/02/08 03:50:05
5931016111,京躍藥局,新北市板橋區雨農路５２號（１樓）,(02)22580669,2,0,2020/02/08 03:50:05
5931016273,湯明藥局,新北市板橋區中山路２段３１９號１樓,(02)29571980,0,2,2020/02/08 03:50:05
5931016317,正陽藥局,新北市板橋區雙十路２段１１６號１樓,(02)22592667,0,4,2020/02/08 03:50:05
5931016335,康匯藥局,新北市板橋區實踐路２０１號１樓,(02)29512610,0,4,2020/02/08 03:50:05
5931016479,順儷新板藥局,新北市板橋區漢生東路１８７號１樓,(02)29512590,0,10,2020/02/08 03:50:05
5931016504,仁泰藥局,新北市板橋區四川路２段３３號１樓,(02)89672133,0,32,2020/02/08 03:50:05
5931016577,廣泰藥師藥局,新北市板橋區館前西路１５０號１樓,(02)89698381,2,6,2020/02/08 03:50:05
5931016639,佳聯藥局,新北市板橋區陽明街２９７號１樓,(02)22506255,0,10,2020/02/08 03:50:05
5931016657,溪崑藥局,新北市板橋區溪崑二街９７號２樓,(02)26872464,0,20,2020/02/08 03:50:05
5931016700,葆康藥局,新北市板橋區四川路２段２４５巷３號１樓,(02)89678373,0,2,2020/02/08 03:50:05
5931016737,必生好藥局,新北市板橋區松柏街６７號１樓,(02)22511057,0,2,2020/02/08 03:50:05
5931016791,廣和藥師藥局,新北市板橋區中山路２段１５０號１樓、２樓、３樓,(02)29522070,0,2,2020/02/08 03:50:05
5931016808,正安健保藥局,新北市板橋區民族路２２４號（１樓）,(02)29526813,12,6,2020/02/08 03:50:05
5931016817,浮洲藥局,新北市板橋區大觀路３段２１９巷８號１樓,(02)26758610,0,22,2020/02/08 03:50:05
5931016899,晨晰藥局,新北市板橋區漢生東路３４４號（１樓）,(02)89536273,201,51,2020/02/08 03:50:05
5931016915,微笑藥局,新北市板橋區中正路２１１號,(02)29655811,0,2,2020/02/08 03:50:05
5931016924,裕苠藥局,新北市板橋區裕民街６號,(02)22535227,0,10,2020/02/08 03:50:05
5931016942,金瑞藥局,新北市板橋區和平路１６１巷２４號（１樓）,(02)29533188,4,0,2020/02/08 03:50:05
5931016960,愛美得藥局,新北市板橋區中山路２段３４號１樓,(02)89539190,0,16,2020/02/08 03:50:05
5931017001,聯康藥局,新北市板橋區南雅南路２段１３６號（１樓）,(02)89674888,0,2,2020/02/08 03:50:05
5931017010,醫安藥局,新北市板橋區南雅南路１段１１號１樓及２樓,(02)29692588,28,0,2020/02/08 03:50:05
5931017029,明豐專業藥局,新北市板橋區四川路１段３２２號１樓,(02)29647542,0,4,2020/02/08 03:50:05
5931017047,永欣藥師藥局,新北市板橋區龍興街４６號１樓,(02)29687120,2,0,2020/02/08 03:50:05
5931017056,迦佰麗藥局,新北市板橋區南雅南路２段１１－２４號（１樓）,(02)29648498,12,0,2020/02/08 03:50:05
5931017065,杏文藥局,新北市板橋區實踐路１８５號（１樓）,(02)29565078,0,2,2020/02/08 03:50:05
5931017083,和安藥局,新北市板橋區四川路１段１７１號１樓,(02)29562068,0,44,2020/02/08 03:50:05
5931017109,躍獅莒光藥局,新北市板橋區莒光路５８號１樓,(02)22556743,6,0,2020/02/08 03:50:05
5931017136,國慶藥局,新北市板橋區國慶路２６８號１樓,(02)29641680,0,14,2020/02/08 03:50:05
5931017163,快樂藥局中山店,新北市板橋區中山路１段１０４號（１樓）,(02)89611366,4,0,2020/02/08 03:50:05
5931017172,順儷府中藥局,新北市板橋區中山路１段９６號（１樓）,(02)29541199,0,23,2020/02/08 03:50:05
5931017181,順儷民權藥局,新北市板橋區民權路２３４號１樓,(02)29609555,4,28,2020/02/08 03:50:05
5931017207,振昌藥局,新北市板橋區溪崑二街１４號１樓,(02)26862119,1,2,2020/02/08 03:50:05
5931017261,正康新埔藥局,新北市板橋區介壽街４號（１樓）,(02)82595882,18,0,2020/02/08 03:50:05
5931017270,躍獅新埔藥局,新北市板橋區陽明街４７號１樓,(02)22543932,0,14,2020/02/08 03:50:05
5931017289,板橋大樹藥局,新北市板橋區忠孝路２８號（１樓）,(02)29555551,2,0,2020/02/08 03:50:05
5931017305,躍獅國慶藥局,新北市板橋區國慶路１７９號（１樓）,(02)29641548,8,0,2020/02/08 03:50:05
5931017332,盛生藥局,新北市板橋區合宜路９９號（１樓）,(02)89697299,0,2,2020/02/08 03:50:05
5931017403,光澤醫美藥局,新北市板橋區四川路１段２１號（１樓）,(02)29551215,0,30,2020/02/08 03:50:05
5931017458,吉發藥局,新北市板橋區文化路１段１８８巷５弄１５號１樓,(02)22577381,6,0,2020/02/08 03:50:05
5931017494,佑全板橋四川藥局,新北市板橋區四川路１段４７１號１樓,(02)29559598,0,8,2020/02/08 03:50:05
5931017501,福澤館前藥局,新北市板橋區館前西路１３２號（１樓）,(02)29668399,0,4,2020/02/08 03:50:05
5931017529,埔全藥局,新北市板橋區忠孝路３３號（１樓）,(02)29567309,0,4,2020/02/08 03:50:05
5931017547,好爸爸藥局,新北市板橋區民治街１０７號１樓,(02)22559955,4,0,2020/02/08 03:50:05
5931017618,新埔健保藥局,新北市板橋區自由路２號１樓,(02)22558878,0,2,2020/02/08 03:50:05
5931020017,建宏藥局,新北市三重區名源街１６號,(02)29714533,6,0,2020/02/08 03:50:05
5931020400,新迪化中西藥局,新北市三重區三陽路２７號１樓,(02)29884755,10,8,2020/02/08 03:50:05
5931020428,久泰藥局,新北市三重區仁愛街３６號,(02)29735880,0,2,2020/02/08 03:50:05
5931020473,天佑藥局,新北市三重區大同北路８號,(02)29857456,6,0,2020/02/08 03:50:05
5931020508,佑民藥局,新北市三重區頂崁街２１１號,(02)29827022,0,2,2020/02/08 03:50:05
5931020704,建芳藥局,新北市三重區集美街１７４號,(02)29763351,0,7,2020/02/08 03:50:05
5931020848,吳廣隆藥局,新北市三重區長壽西街５－１號,(02)29715020,0,4,2020/02/08 03:50:05
5931021167,禮隆藥局,新北市三重區自強路４段６４號,(02)29894735,0,1,2020/02/08 03:50:05
5931021416,國星藥局,新北市三重區溪尾街１０９號,(02)29859203,0,2,2020/02/08 03:50:05
5931022995,立雄藥局,新北市三重區仁愛街７３３號１樓,(02)28578815,0,10,2020/02/08 03:50:05
5931023018,重德藥局,新北市三重區正義北路２４６號２樓,(02)89816164,0,6,2020/02/08 03:50:05
5931023036,華泰藥師藥局,新北市三重區五華街６６號１樓,(02)29866009,9,0,2020/02/08 03:50:05
5931023107,容安藥局,新北市三重區正義北路２３７號２樓,(02)89851582,6,20,2020/02/08 03:50:05
5931023116,宏安藥局,新北市三重區集美街１５８號１樓,(02)29785866,10,10,2020/02/08 03:50:05
5931023198,成立藥局,新北市三重區正義北路３１０－１號２樓,(02)89852355,0,30,2020/02/08 03:50:05
5931023349,迪化藥局,新北市三重區中華路７７號,(02)29834445,0,6,2020/02/08 03:50:05
5931023401,正大藥局,新北市三重區五華街３９號,(02)89815931,0,1,2020/02/08 03:50:05
5931023447,安泰藥局,新北市三重區正義北路３００－３號２樓,(02)89815379,0,30,2020/02/08 03:50:05
5931023527,德慈藥局,新北市三重區重新路３段１６號１樓,(02)29736693,0,4,2020/02/08 03:50:05
5931023536,江村藥局,新北市三重區重新路３段９號,(02)29821024,0,4,2020/02/08 03:50:05
5931023581,大重仁藥局,新北市三重區重新路５段５９２號１樓,(02)29958283,0,6,2020/02/08 03:50:05
5931023670,誠泰藥師藥局,新北市三重區重新路３段１０２號,(02)89721125,3,0,2020/02/08 03:50:05
5931023741,向上藥局,新北市三重區正義北路１９１號２樓,(02)29883398,0,30,2020/02/08 03:50:05
5931023750,興安藥局,新北市三重區正義北路２７５之１號,(02)29885795,0,44,2020/02/08 03:50:05
5931023858,開元藥局,新北市三重區正義北路３２４號２樓,(02)29873976,4,0,2020/02/08 03:50:05
5931023910,德河藥局,新北市三重區自強路１段３２０號,(02)0229869850,0,11,2020/02/08 03:50:05
5931024140,祥和藥局,新北市三重區三和路４段３７４號２樓,(02)22807522,0,6,2020/02/08 03:50:05
5931024239,禾華藥局,新北市三重區自強路５段８號１樓,(02)29871888,0,14,2020/02/08 03:50:05
5931024337,安立藥局,新北市三重區正義北路３１７號１樓,(02)66252626,8,0,2020/02/08 03:50:05
5931024355,天賜藥局,新北市三重區自強路１段８５號１樓,(02)29856852,0,8,2020/02/08 03:50:05
5931024373,予康藥局,新北市三重區文化北路１９８號１樓,(02)89858789,0,34,2020/02/08 03:50:05
5931024551,樂活處方箋藥局,新北市三重區中正北路９９號１樓,(02)29805182,0,6,2020/02/08 03:50:05
5931024588,陽光藥師藥局,新北市三重區三和路２段１８２號１樓,(02)29788120,4,0,2020/02/08 03:50:05
5931024631,德榮藥局,新北市三重區中華路９１號１樓,(02)29717291,0,6,2020/02/08 03:50:05
5931024668,景康藥局,新北市三重區集美街２９號１樓,(02)89731717,8,0,2020/02/08 03:50:05
5931024677,博愛藥局,新北市三重區三民街２２０號１樓,(02)29711606,0,7,2020/02/08 03:50:05
5931024711,臻燿藥局,新北市三重區集美街１５０號１樓,(02)29724765,4,0,2020/02/08 03:50:05
5931024908,力行德榮藥局,新北市三重區力行路２段１７０號１樓,(02)22867170,2,0,2020/02/08 03:50:05
5931024944,康希藥局,新北市三重區三和路２段８３號１樓,(02)89728298,0,1,2020/02/08 03:50:05
5931024962,建祥三和藥局,新北市三重區三和路２段１６０號１樓,(02)29703379,0,2,2020/02/08 03:50:05
5931024971,欽勝藥局,新北市三重區重陽路４段６號２樓,(02)29857389,4,32,2020/02/08 03:50:05
5931025030,飛龍大藥局,新北市三重區龍濱路１６３號１樓,(02)29773733,14,4,2020/02/08 03:50:05
5931025076,慈愛藥局,新北市三重區溪尾街１７３號１樓,(02)89851330,3,0,2020/02/08 03:50:05
5931025110,慈惠藥局,新北市三重區仁愛街５１６號１、２樓,(02)22809009,6,0,2020/02/08 03:50:05
5931025174,小林健保藥局,新北市三重區文化北路６１－１號１樓,(02)29763895,0,4,2020/02/08 03:50:05
5931025192,榮康藥局,新北市三重區成功路８１號１樓,(02)29772723,0,4,2020/02/08 03:50:05
5931025236,祐銘藥局,新北市三重區龍門路２２號１樓,(02)29769001,1,0,2020/02/08 03:50:05
5931025245,黎明藥師藥局,新北市三重區三和路４段２２７號１樓,(02)82870958,0,4,2020/02/08 03:50:05
5931025254,仁愛健保藥局,新北市三重區力行路２段１５３號,(02)22805160,4,5,2020/02/08 03:50:05
5931025307,佑全三重正義藥局,新北市三重區正義北路２０７號１、２樓；２０９號１、２樓,(02)29815341,0,2,2020/02/08 03:50:05
5931025325,欣悅藥局,新北市三重區正義北路２１０號１樓,(02)29711733,0,86,2020/02/08 03:50:05
5931025343,益成藥局,新北市三重區正義北路１５４號３樓之１,(02)89827261,0,24,2020/02/08 03:50:05
5931025352,光興藥局,新北市三重區正義南路６０之４號１樓,(02)89725780,1,0,2020/02/08 03:50:05
5931025398,昌誠藥局,新北市三重區三和路４段１６１號１樓,(02)22876338,0,2,2020/02/08 03:50:05
5931025478,正欣藥局,新北市三重區正義北路１１３號２樓之１,(02)29878878,0,48,2020/02/08 03:50:05
5931025567,閎安藥局,新北市三重區重新路２段８５號１樓、２樓,(02)29881968,0,4,2020/02/08 03:50:05
5931025610,大樹三重藥局,新北市三重區正義北路６６號１樓,(02)29713188,0,8,2020/02/08 03:50:05
5931025647,幸康藥局,新北市三重區正義北路２０５號２樓,(02)29816052,0,36,2020/02/08 03:50:05
5931025683,政昇藥局,新北市三重區正義北路１２３號２樓之３,(02)29815690,0,50,2020/02/08 03:50:05
5931025709,重新藥局,新北市三重區重新路４段１２號１樓,(02)29742700,0,2,2020/02/08 03:50:05
5931025718,幸聲藥局,新北市三重區正義北路２３９號２樓,(02)29715353,1,0,2020/02/08 03:50:05
5931025727,仁美藥局,新北市三重區慈愛街５１號１、２樓,(02)22805150,0,10,2020/02/08 03:50:05
5931025736,五華春天生活藥局,新北市三重區五華街７３號１、２樓,(02)29876838,4,0,2020/02/08 03:50:05
5931025781,芯慈藥局,新北市三重區永安北路２段１０５號１樓,(02)28570670,1,0,2020/02/08 03:50:05
5931030184,新昇大藥局,新北市永和區永亨路１２２號,(02)29298523,0,4,2020/02/08 03:50:05
5931030504,律安藥局,新北市永和區中和路３２１號,(02)29287212,0,2,2020/02/08 03:50:05
5931030531,成功藥局,新北市永和區成功路１段１３３號,(02)29293622,0,2,2020/02/08 03:50:05
5931032188,原大藥局,新北市永和區永和路１段２０號１樓,(02)29272767,0,6,2020/02/08 03:50:05
5931032286,宏瑞藥局,新北市永和區文化路７８號,(02)32330993,1,4,2020/02/08 03:50:05
5931032633,橘子藥局,新北市永和區仁愛路２９８號１樓,(02)32330390,0,2,2020/02/08 03:50:05
5931032759,友辰藥局,新北市永和區中正路３８０號１樓,(02)29267131,2,0,2020/02/08 03:50:05
5931032811,華特健康藥局,新北市永和區永貞路３６２號１樓,(02)29264391,0,4,2020/02/08 03:50:05
5931032919,宏安藥局,新北市永和區中山路１段２０４號,(02)29281261,0,42,2020/02/08 03:50:05
5931032964,德上藥局,新北市永和區中正路１０６號,(02)89411077,0,2,2020/02/08 03:50:05
5931033023,榮總藥局,新北市永和區信義路１５號１樓,(02)29216596,4,6,2020/02/08 03:50:05
5931033032,弘光藥局,新北市永和區竹林路中興里６６巷１９號１樓,(02)29282000,0,2,2020/02/08 03:50:05
5931033103,皇家藥師藥局,新北市永和區中正路７２０號１樓,(02)89216867,0,14,2020/02/08 03:50:05
5931033185,偉凱藥局,新北市永和區永元路６號１樓,(02)29242595,8,0,2020/02/08 03:50:05
5931033194,廣惠藥局,新北市永和區中正路６４９號２樓,(02)29290675,0,16,2020/02/08 03:50:05
5931033201,級立健保藥局,新北市永和區保平路１３９號１樓,(02)29299995,0,4,2020/02/08 03:50:05
5931033363,保安藥局,新北市永和區保安路２１２號１樓,(02)29277623,1,0,2020/02/08 03:50:05
5931033461,常安中西藥局,新北市永和區保平路２６號１樓,(02)29283530,10,4,2020/02/08 03:50:05
5931033498,亞佐藥局,新北市永和區中山路１段１２８巷１７號１樓,(02)89219038,0,22,2020/02/08 03:50:05
5931033603,安安藥局,新北市永和區竹林路２０３號１樓,(02)89263651,0,2,2020/02/08 03:50:05
5931033658,威成藥局,新北市永和區中和路４２９號１樓,(02)29263191,0,2,2020/02/08 03:50:05
5931033701,日陽藥局,新北市永和區竹林路２９號１樓,(02)89252346,0,18,2020/02/08 03:50:05
5931033756,順和藥局,新北市永和區中正路７５號１樓,(02)86680362,0,38,2020/02/08 03:50:05
5931033783,星韻藥局,新北市永和區福和路８８號,(02)89282999,2,0,2020/02/08 03:50:05
5931033792,明慧藥師藥局,新北市永和區仁愛路２９５號１樓,(02)29297118,0,4,2020/02/08 03:50:05
5931033809,新禾藥局,新北市永和區中和路５３７號１樓,(02)29208877,4,22,2020/02/08 03:50:05
5931033872,菁大健保藥局,新北市永和區秀朗路２段１１８號１樓,(02)29289383,160,38,2020/02/08 03:50:05
5931033881,十路藥局,新北市永和區永貞路１６４號１樓,(02)29258955,0,16,2020/02/08 03:50:05
5931033916,宜田藥局,新北市永和區中正路１１１號２樓,(02)29425935,0,34,2020/02/08 03:50:05
5931033934,新資生永貞大藥局,新北市永和區永貞路４２９號１樓,(02)29227202,0,2,2020/02/08 03:50:05
5931033952,澄品藥局,新北市永和區永利路９６號１樓,(02)22329871,0,6,2020/02/08 03:50:05
5931040180,福雄藥局,新北市中和區景平路５４０號,(02)22499894,6,6,2020/02/08 03:50:05
5931040297,信隆大藥局,新北市中和區安樂路６號１至２樓,(02)29426196,0,2,2020/02/08 03:50:05
5931040475,顧藥局,新北市中和區圓通路１４０號,(02)22470133,0,4,2020/02/08 03:50:05
5931040546,林德興藥局,新北市中和區永貞路２４２巷９號,(02)29228026,0,52,2020/02/08 03:50:05
5931040573,欣大藥局,新北市中和區連城路３７２之３號１樓,(02)22217036,0,16,2020/02/08 03:50:05
5931040840,千大藥局,新北市中和區立人街１３號１樓,(02)29441567,0,16,2020/02/08 03:50:05
5931042648,恩溢藥局,新北市中和區復興路７９號１樓.２樓,(02)22452450,2,10,2020/02/08 03:50:05
5931042782,弘安藥局,新北市中和區德光路１２１之１號１樓,(02)29646489,2,64,2020/02/08 03:50:05
5931042817,家嘉藥局,新北市中和區員山路３７７號,(02)82281388,0,2,2020/02/08 03:50:05
5931042853,正陽藥師藥局,新北市中和區連城路３５４號１樓,(02)82287336,0,52,2020/02/08 03:50:05
5931043109,育新藥局,新北市中和區中安街４０巷６號,(02)29283479,0,40,2020/02/08 03:50:05
5931043396,立健藥局,新北市中和區連城路３１７號１樓,(02)22230614,3,2,2020/02/08 03:50:05
5931043501,悅聖藥局,新北市中和區圓通路１４９號１樓,(02)22429779,6,0,2020/02/08 03:50:05
5931043627,銓家藥局,新北市中和區員山路３１９號１-２樓,(02)22257728,8,0,2020/02/08 03:50:05
5931043636,雙合藥局,新北市中和區中正路２９１號１樓,(02)22476607,2,10,2020/02/08 03:50:05
5931043663,群芳藥局,新北市中和區和興里中興街７３號１樓,(02)22433729,0,2,2020/02/08 03:50:05
5931043690,捷勝藥師藥局,新北市中和區華順街１２２號〈１樓〉,(02)29646225,4,2,2020/02/08 03:50:05
5931043770,宜安健康人生藥局,新北市中和區宜安路１６２號１樓,(02)29224648,0,12,2020/02/08 03:50:05
5931043921,良安藥局,新北市中和區文元里連城路３６６號１樓,(02)22225798,4,8,2020/02/08 03:50:05
5931043976,詠邑藥局,新北市中和區南華路４３號１樓,(02)22445630,0,2,2020/02/08 03:50:05
5931044017,幸福連鎖藥局,新北市中和區忠孝街１２２號１樓,(02)29410771,0,2,2020/02/08 03:50:05
5931044133,康富力藥局,新北市中和區仁愛街３２號１樓,(02)29429896,0,4,2020/02/08 03:50:05
5931044286,好意藥局,新北市中和區景新街４６７巷３號１樓,(02)89416598,0,2,2020/02/08 03:50:05
5931044357,順心藥局,新北市中和區景新街４３９號１樓,(02)29429680,0,30,2020/02/08 03:50:05
5931044419,喬登藥局,新北市中和區景平路６９７號１樓,(02)22470273,4,0,2020/02/08 03:50:05
5931044464,健暉藥局,新北市中和區連城路４８７號１樓,(02)22231437,2,0,2020/02/08 03:50:05
5931044482,悠悅藥局,新北市中和區安樂路２５號２樓,(02)29463755,0,40,2020/02/08 03:50:05
5931044580,躍獅天晴藥局,新北市中和區和平街９號１樓,(02)29491931,0,4,2020/02/08 03:50:05
5931044642,貞心藥局,新北市中和區永貞路２８０之１號１樓,(02)29203865,4,2,2020/02/08 03:50:05
5931044679,以法蓮藥局,新北市中和區中興街１５４號１樓,(02)22438983,2,6,2020/02/08 03:50:05
5931044704,惠民藥局,新北市中和區中興街１５３號１樓,(02)22475303,2,0,2020/02/08 03:50:05
5931044713,信毅藥局,新北市中和區捷運路５６號１樓,(02)29423663,4,0,2020/02/08 03:50:05
5931044937,中和慈美藥局,新北市中和區中山路２段２０８號１樓,(02)22425835,0,44,2020/02/08 03:50:05
5931044982,萊恩藥局,新北市中和區景安路２０９號１樓,(02)29468395,2,0,2020/02/08 03:50:05
5931044991,曜群藥局,新北市中和區景安路２５號１樓,(02)89432206,0,2,2020/02/08 03:50:05
5931045069,禾昌藥局,新北市中和區中安街１７８巷２號１樓,(02)29267330,0,4,2020/02/08 03:50:05
5931050033,仁淵藥局,新北市新店區北宜路１段７７號,(02)29128204,0,2,2020/02/08 03:50:05
5931050104,匯信大藥局,新北市新店區光明街１９２號,(02)29149009,2,0,2020/02/08 03:50:05
5931050444,活元藥局,新北市新店區民族路４９號１樓,(02)29125526,4,0,2020/02/08 03:50:05
5931051601,昇旺藥局,新北市新店區建國路１０－１號１樓,(02)86659233,0,2,2020/02/08 03:50:05
5931051674,金美藥局,新北市新店區北新路３段１３８號１樓,(02)29146365,0,2,2020/02/08 03:50:05
5931051790,家得福藥局,新北市新店區安康路２段１２３號１樓,(02)22118346,2,0,2020/02/08 03:50:05
5931052135,椿萱藥局,新北市新店區建國路６９號,(02)29188311,0,16,2020/02/08 03:50:05
5931052251,昇育健康藥局,新北市新店區中央三街１１５號１樓,(02)86679631,0,6,2020/02/08 03:50:05
5931052288,正新藥局,新北市新店區中正路５７之１號１樓,(02)89145930,0,4,2020/02/08 03:50:05
5931052368,正安藥局,新北市新店區明德路５０號１樓,(02)29115809,0,6,2020/02/08 03:50:05
5931052484,大河藥局,新北市新店區三民路１４０號１樓,(02)29140910,2,0,2020/02/08 03:50:05
5931052699,維顥藥局,新北市新店區中興路１段２７９號１樓,(02)29171986,0,2,2020/02/08 03:50:05
5931052804,新店家安藥局,新北市新店區三民路３２－１號２樓,(02)29117207,0,6,2020/02/08 03:50:05
5931052822,瑞安健保藥局,新北市新店區中正路１４２號１樓,(02)29105252,2,0,2020/02/08 03:50:05
5931052868,均安藥局,新北市新店區民權路８９號１樓,(02)29127861,2,4,2020/02/08 03:50:05
5931052911,倍思特藥局,新北市新店區中興路２段２３９號２樓,(02)89116159,1,22,2020/02/08 03:50:05
5931052993,唯客優藥局,新北市新店區安康路２段２１６號１樓,(02)22126071,0,2,2020/02/08 03:50:05
5931053016,佳泰藥局,新北市新店區建國路２２４號１樓,(02)89193422,1,0,2020/02/08 03:50:05
5931053061,耕莘健康人生藥局,新北市新店區民族路１８６號１樓,(02)22194743,1,0,2020/02/08 03:50:05
5931053089,昇活藥局,新北市新店區安民街２６９巷２號１樓,(02)22114166,0,2,2020/02/08 03:50:05
5931053123,大吉藥局,新北市新店區中正路３０號１樓,(02)29110151,0,2,2020/02/08 03:50:05
5931053141,禾康藥局,新北市新店區德正街４４號１樓,(02)29160596,0,2,2020/02/08 03:50:05
5931060217,富國藥局,新北市新莊區富國路３１號,(02)29039334,0,2,2020/02/08 03:50:05
5931060548,二安藥局,新北市新莊區中港路６５號,(02)29914527,0,54,2020/02/08 03:50:05
5931060682,勝安藥局,新北市新莊區中正路３３４巷２３號１樓,(02)29963394,0,2,2020/02/08 03:50:05
5931065810,吉田藥局,新北市新莊區西盛街３１３號,(02)22065185,8,28,2020/02/08 03:50:05
5931065927,聯成藥局,新北市新莊區中正路３３２號,(02)29941915,0,3,2020/02/08 03:50:05
5931067092,恩泰藥局,新北市新莊區民安西路２６５號－１,(02)22038680,1,2,2020/02/08 03:50:05
5931067136,蒲陽藥局,新北市新莊區中港路５１４號,(02)29930069,0,4,2020/02/08 03:50:05
5931067145,鶴田藥局,新北市新莊區自信街２７號１樓,(02)22796718,2,2,2020/02/08 03:50:05
5931067172,民安藥局,新北市新莊區民安路２３２號,(02)22038910,1,11,2020/02/08 03:50:05
5931067412,幸寧藥局,新北市新莊區福壽街８４巷１２號１樓,(02)29971150,0,1,2020/02/08 03:50:05
5931067494,福營藥局,新北市新莊區富國路１０７號２樓,(02)22059697,0,7,2020/02/08 03:50:05
5931067850,聯合藥局,新北市新莊區新泰路１９４號２樓,(02)22796464,0,10,2020/02/08 03:50:05
5931067985,蘋果藥局,新北市新莊區八德街１０５號,(02)22053933,0,1,2020/02/08 03:50:05
5931068008,北醫藥局,新北市新莊區思源路１１９號１樓,(02)29983670,0,16,2020/02/08 03:50:05
5931068151,世鴻藥局,新北市新莊區八德里民安路１３７巷２弄２號１樓,(02)22050289,0,1,2020/02/08 03:50:05
5931068375,惠欣藥局,新北市新莊區全泰里建中街７２－１號１樓,(02)29978962,0,3,2020/02/08 03:50:05
5931068508,凱盛藥局,新北市新莊區光榮里西盛街１９９號,(02)22024914,2,0,2020/02/08 03:50:05
5931068535,永安藥局,新北市新莊區中港里中港路３２１號２樓,(02)22765900,0,11,2020/02/08 03:50:05
5931068599,建昌藥局,新北市新莊區福營里中正路５５７號,(02)29015422,0,5,2020/02/08 03:50:05
5931068624,瑞豐大藥局,新北市新莊區建福里後港一路１０５號,(02)22049932,6,0,2020/02/08 03:50:05
5931068722,庭安藥局,新北市新莊區民有里西盛街１７２號１樓,(02)22080528,0,2,2020/02/08 03:50:05
5931068759,森活藥局,新北市新莊區民安路２２０－１號,(02)22027927,6,0,2020/02/08 03:50:05
5931068875,旭生藥局,新北市新莊區裕民街４２號１樓,(02)29021289,194,58,2020/02/08 03:50:05
5931068884,樂寶兒藥局,新北市新莊區中正路８２－２號１樓,(02)0229900185,0,1,2020/02/08 03:50:05
5931068964,賞安藥局,新北市新莊區中平路３７３號１樓,(02)89917554,4,0,2020/02/08 03:50:05
5931068973,富安藥局,新北市新莊區復興路１段２５號－１，２樓,(02)22767620,200,50,2020/02/08 03:50:05
5931069023,陽光藥局,新北市新莊區福壽街７２號,(02)22774399,0,5,2020/02/08 03:50:05
5931069256,喜來樂中西藥局,新北市新莊區昌平街２０號１樓,(02)29912068,0,1,2020/02/08 03:50:05
5931069363,明亮藥局,新北市新莊區幸福路５１１號１樓,(02)29962671,1,1,2020/02/08 03:50:05
5931069372,羽豐藥局,新北市新莊區新莊路３８２號１樓,(02)22029812,0,2,2020/02/08 03:50:05
5931069498,新杏藥局,新北市新莊區新泰路９９號１樓,(02)22011012,0,3,2020/02/08 03:50:05
5931069532,聯盟藥局,新北市新莊區中港路２６７巷１號１樓,(02)29941168,0,10,2020/02/08 03:50:05
5931069541,立威藥局,新北市新莊區民安西路６號１樓,(02)22068690,0,2,2020/02/08 03:50:05
5931069569,心安藥局,新北市新莊區新泰路１９３號２樓,(02)22779773,0,6,2020/02/08 03:50:05
5931069603,中信藥師藥局,新北市新莊區中信街８０號１樓,(02)29969811,2,0,2020/02/08 03:50:05
5931069701,日光藥局,新北市新莊區中港路４０４號１樓,(02)89937296,0,1,2020/02/08 03:50:05
5931069747,禾佳藥局,新北市新莊區民安西路１５４號１樓,(02)22080189,0,2,2020/02/08 03:50:05
5931069765,健業藥妝藥局,新北市新莊區中和街１３０號１樓,(02)22796279,0,1,2020/02/08 03:50:05
5931069774,真安綜合大藥局,新北市新莊區四維路２０５號１樓,(02)22026188,1,0,2020/02/08 03:50:05
5931069916,朝陽藥局,新北市新莊區新泰路１４８號２樓,(02)29983020,0,2,2020/02/08 03:50:05
593106A011,八德藥局,新北市新莊區八德街３號２樓,(02)22071315,0,1,2020/02/08 03:50:05
593106A093,環球藥局,新北市新莊區中港路４３６號１、２樓,(02)29901934,1,1,2020/02/08 03:50:05
593106A155,日榮藥局,新北市新莊區龍安路４６１號１樓,(02)22051523,0,12,2020/02/08 03:50:05
593106A164,家福健保藥局,新北市新莊區福壽街６７號２樓,(02)29942730,0,1,2020/02/08 03:50:05
593106A173,華泰藥局,新北市新莊區昌明街８０號１樓,(02)89928500,10,8,2020/02/08 03:50:05
593106A299,悅生藥局,新北市新莊區龍安路３４３－１號１樓,(02)22081219,0,7,2020/02/08 03:50:05
593106A379,輔大美康藥局,新北市新莊區中正路５１０號之１，１樓,(02)29013056,0,15,2020/02/08 03:50:05
593106A388,元大藥局,新北市新莊區富國路２０４號１、２樓,(02)22020082,0,4,2020/02/08 03:50:05
593106A404,新新藥局,新北市新莊區新泰路６２號２樓,(02)29945994,199,51,2020/02/08 03:50:05
593106A422,英謙藥局,新北市新莊區新泰路２６１號１樓,(02)22774822,0,4,2020/02/08 03:50:05
593106A477,喜悅藥局,新北市新莊區後港一路５５號１樓,(02)22047442,3,0,2020/02/08 03:50:05
593106A520,臻善美藥局,新北市新莊區幸福路７８６號１樓,(02)89914303,0,19,2020/02/08 03:50:05
593106A566,一心春天藥局,新北市新莊區中和街１３號１樓、地下室,(02)89929482,0,2,2020/02/08 03:50:05
593106A584,記安大藥局,新北市新莊區天祥街４６號１樓,(02)22095331,0,2,2020/02/08 03:50:05
593106A600,全鎵藥局,新北市新莊區建中街２２號１樓,(02)22761550,6,0,2020/02/08 03:50:05
593106A628,中原藥局,新北市新莊區中原路９３號１樓,(02)89920668,199,50,2020/02/08 03:50:05
593106A637,薇妮藥妝藥局,新北市新莊區民安路９９號１樓,(02)82010817,0,2,2020/02/08 03:50:05
593106A691,大樹新莊藥局,新北市新莊區新泰路５９號１、２樓,(02)22010566,4,0,2020/02/08 03:50:05
593106A708,宏福藥局,新北市新莊區自信街５５號１樓,(02)29985225,1,23,2020/02/08 03:50:05
593106A717,大樹幸福藥局,新北市新莊區幸福路６７２號１樓,(03)4333123,0,4,2020/02/08 03:50:05
593106A726,良和健保藥局,新北市新莊區龍安路４９號１樓,(02)29048157,0,4,2020/02/08 03:50:05
593106A735,樂家藥局,新北市新莊區中平路２７３號１樓,(02)29960723,0,1,2020/02/08 03:50:05
593106A762,新康健保藥局,新北市新莊區自立街１７２號１樓,(02)29962558,0,3,2020/02/08 03:50:05
593106A771,新佑康健保藥局,新北市新莊區中華路１段３５號１樓,(02)29947490,10,4,2020/02/08 03:50:05
593106A806,北安藥妝健康廣場佳康藥局,新北市新莊區雙鳳路２７號１樓，２樓,(02)29069899,0,6,2020/02/08 03:50:05
593106A824,家禾藥局,新北市新莊區立信五街６號１樓,(02)29972121,0,1,2020/02/08 03:50:05
593106A851,躍獅新豐藥局,新北市新莊區豐年街１６號１樓,(02)22058055,0,6,2020/02/08 03:50:05
593106A860,新莊至誠藥局,新北市新莊區中平路２９號２樓,(02)29980345,8,0,2020/02/08 03:50:05
593106A888,晉成藥局,新北市新莊區中正路７００－２３號１樓,(02)29017469,14,1,2020/02/08 03:50:05
593106A897,陽光豐年藥局,新北市新莊區豐年街１４號１樓,(02)22060665,4,0,2020/02/08 03:50:05
593106A904,杏佳藥師藥局,新北市新莊區建安街１２７號１樓,(02)22037077,6,8,2020/02/08 03:50:05
593106A931,建安藥局,新北市新莊區建安街１１７號、１１９號１樓,(02)22051969,2,0,2020/02/08 03:50:05
593106A940,樂福藥局,新北市新莊區幸福路４８號１樓,(02)29923388,0,1,2020/02/08 03:50:05
593106A959,新莊大藥局,新北市新莊區福壽街１３０號１樓,(02)29933885,0,2,2020/02/08 03:50:05
5931070017,前回春藥局,新北市樹林區中山路１段５６號,(02)26812167,0,18,2020/02/08 03:50:05
5931070062,鴻真藥局,新北市樹林區保安街１段２０巷６號,(02)26828977,0,6,2020/02/08 03:50:05
5931070080,耀鴻藥局,新北市樹林區中山路３段７６號,(02)26808989,5,4,2020/02/08 03:50:05
5931070213,明川藥師藥局,新北市樹林區三福街１號,(02)26894728,2,2,2020/02/08 03:50:05
5931070286,協安大藥局,新北市樹林區鎮前街１２６號,(02)26810386,0,10,2020/02/08 03:50:05
5931070348,久青藥局,新北市樹林區東華街３３號,(02)86844326,2,0,2020/02/08 03:50:05
5931071523,蔚海藥局,新北市樹林區鎮前街１７號１樓,(02)86754203,0,6,2020/02/08 03:50:05
5931071818,合康藥局,新北市樹林區中山路１段１５１之１號,(02)26816559,6,0,2020/02/08 03:50:05
5931071836,弘昌藥師藥局,新北市樹林區保安街１段６５號１樓,(02)26871276,2,0,2020/02/08 03:50:05
5931071916,立欣藥局,新北市樹林區三福街１６６號,(02)26764728,4,0,2020/02/08 03:50:05
5931071934,樹新藥局,新北市樹林區樹新路３０－３號１樓,(02)26821080,2,0,2020/02/08 03:50:05
5931071961,綠蘋果藥局,新北市樹林區學勤路５９７號１樓,(02)89706050,14,0,2020/02/08 03:50:05
5931072020,泰平藥師藥局,新北市樹林區彭福里太平路１４３號,(02)86860038,0,2,2020/02/08 03:50:05
5931072039,樹林藥師藥局,新北市樹林區鎮前街２４號１樓,(02)26823030,0,38,2020/02/08 03:50:05
5931072066,琉璃水藥師藥局,新北市樹林區龍興街２１號１樓,(02)26764262,8,0,2020/02/08 03:50:05
5931072244,彰安藥局,新北市樹林區千歲街８２號,(02)26827341,0,2,2020/02/08 03:50:05
5931072253,活水藥局,新北市樹林區鎮前街２１號１樓,(02)26818928,0,2,2020/02/08 03:50:05
5931072280,啄木鳥藥局,新北市樹林區中華路３９１號１－２樓,(02)86851495,0,2,2020/02/08 03:50:05
5931072351,瑪諾藥局,新北市樹林區復興路２０號,(02)26830304,1,0,2020/02/08 03:50:05
5931072404,伯安綜合藥局,新北市樹林區中華路１０８號１樓,(02)86856551,14,0,2020/02/08 03:50:05
5931072413,誠新大藥局,新北市樹林區中山路１段２４號１樓,(02)26870204,0,2,2020/02/08 03:50:05
5931072431,樹林大樹藥局,新北市樹林區育英街５４號１－２樓,(02)26815488,4,0,2020/02/08 03:50:05
5931080022,藥濟藥局,新北市鶯歌區國慶街１５０號,(02)26781357,0,2,2020/02/08 03:50:05
5931080031,林政德西藥局,新北市鶯歌區建國路２５６號１樓,(02)26781412,2,0,2020/02/08 03:50:05
5931080148,快安藥師藥局,新北市鶯歌區中正一路９４、９６號,(02)26792356,0,2,2020/02/08 03:50:05
5931081216,嘉泰藥師藥局,新北市鶯歌區鶯桃路２段３１號１樓,(02)26709668,0,6,2020/02/08 03:50:05
5931081378,鶯歌宏達藥局,新北市鶯歌區國慶街１３８號１樓,(02)26709693,0,6,2020/02/08 03:50:05
5931081412,小樹藥師藥局,新北市鶯歌區光明街１２６號１樓,(02)26785107,2,0,2020/02/08 03:50:05
5931081494,康群藥局,新北市鶯歌區建國路２０２號１樓,(02)26796690,0,6,2020/02/08 03:50:05
5931081510,鶯歌藥局,新北市鶯歌區鶯桃路２段１１號１樓,(02)86778778,0,14,2020/02/08 03:50:05
5931081529,正雅藥局,新北市鶯歌區建國路１７６號１樓,(02)26701128,4,0,2020/02/08 03:50:05
5931090037,進安大藥局,新北市三峽區民生街174號,(02)26711125,200,52,2020/02/08 03:50:05
5931091454,致安藥師藥局,新北市三峽區中華路１７號１樓,(02)26743418,1,0,2020/02/08 03:50:05
5931091481,盛加藥局,新北市三峽區民生街４９號,(02)26739797,4,2,2020/02/08 03:50:05
5931091570,三恩藥局,新北市三峽區復興路４５１號１樓,(02)86711914,14,2,2020/02/08 03:50:05
5931091623,兆康藥局,新北市三峽區中華路２２號１樓,(02)26717875,2,2,2020/02/08 03:50:05
5931091678,如音藥局,新北市三峽區文化路２６６－１號１樓,(02)26732119,0,8,2020/02/08 03:50:05
5931091696,祥祐藥局,新北市三峽區文化路１２５號１樓,(02)26738080,4,0,2020/02/08 03:50:05
5931091712,誠祐藥局,新北市三峽區光明路２２號１樓,(02)26746211,2,0,2020/02/08 03:50:05
5931091865,大新藥局,新北市三峽區大義路２５９號１樓,(02)86713204,0,2,2020/02/08 03:50:05
5931091892,三峽藥局,新北市三峽區介壽路１段２７號１樓,(02)26738868,0,4,2020/02/08 03:50:05
5931091909,盛禾藥局,新北市三峽區中山路２４３號１樓,(02)26733567,0,2,2020/02/08 03:50:05
5931091945,弘宇藥局,新北市三峽區國際一街５號１樓,(02)26717108,0,4,2020/02/08 03:50:05
5931091972,三峽大昌藥局,新北市三峽區民生街５６號１樓,(02)26711560,0,4,2020/02/08 03:50:05
5931091990,欣美大藥局,新北市三峽區大同路５２號１樓,(02)86712269,2,0,2020/02/08 03:50:05
5931092022,瑞達美藥局,新北市三峽區民權街１８０號１樓,(02)86741627,0,2,2020/02/08 03:50:05
5931092040,一大藥局,新北市三峽區橫溪路２３號１樓,(02)86766677,198,50,2020/02/08 03:50:05
5931092059,三峽啄木鳥藥局,新北市三峽區中正路１段１４１號１樓,(02)26744321,0,2,2020/02/08 03:50:05
5931092077,立雅藥局,新北市三峽區文化路８４號（１樓、２樓）,(02)26712601,0,12,2020/02/08 03:50:05
5931092095,禾雅藥局,新北市三峽區文化路１３０號（１樓）,(02)26718621,0,6,2020/02/08 03:50:05
5931092102,升威藥局,新北市三峽區文化路２３號１樓,(02)26731120,6,32,2020/02/08 03:50:05
5931100047,松和大藥局,新北市淡水區英專路９２號,(02)26203698,0,34,2020/02/08 03:50:05
5931100074,邱藥局,新北市淡水區中山路２７號,(02)26214255,0,2,2020/02/08 03:50:05
5931100154,尚運藥局,新北市淡水區學府路５１巷１弄２０號,(02)26225149,6,2,2020/02/08 03:50:05
5931100163,昇運藥局,新北市淡水區中山路１５７－１號,(02)26222083,4,2,2020/02/08 03:50:05
5931100305,璉恩藥局,新北市淡水區北新路１３１、１３３號,(02)26298454,0,1,2020/02/08 03:50:05
5931101455,日揚藥局,新北市淡水區民族路３０巷５號,(02)26242059,0,2,2020/02/08 03:50:05
5931101464,伯聯藥局,新北市淡水區清水街９－１０號１樓,(02)26255847,0,14,2020/02/08 03:50:05
5931101624,北新藥局,新北市淡水區北新路１８２巷６３號,(02)26293205,2,0,2020/02/08 03:50:05
5931101642,吳光祥藥局,新北市淡水區中山路１０４號,(02)26213020,0,25,2020/02/08 03:50:05
5931101704,聖天藥局,新北市淡水區重建街２１８號,(02)26215677,1,2,2020/02/08 03:50:05
5931101919,優德仕藥局,淡水區新市一路３段１０３號,(02)26236573,0,10,2020/02/08 03:50:05
5931101937,文川藥局,新北市淡水區中山北路１段９３號１樓,(02)86319033,0,4,2020/02/08 03:50:05
5931101955,伯宇藥局,新北市淡水區新春街１０３號－８,(02)26236006,0,2,2020/02/08 03:50:05
5931101973,良順藥局,新北市淡水區中山北路１段２４號１樓,(02)26218111,1,0,2020/02/08 03:50:05
5931102087,匯民藥局,新北市淡水區中山北路１段１０１號２樓,(02)26202620,0,4,2020/02/08 03:50:05
5931102103,四季寶健保藥局,新北市淡水區新市一路３段１１７－１號（含夾層）,(02)26283199,0,4,2020/02/08 03:50:05
5931102265,佳藥長照藥局,新北市淡水區學府路７５號１樓,(02)26211321,0,6,2020/02/08 03:50:05
5931102274,淡水藥局,新北市淡水區中山路１２７號１、２樓,(02)86313663,2,24,2020/02/08 03:50:05
5931110025,巧能藥局,新北市汐止區福德一路２０９號１樓,(02)26942858,1,1,2020/02/08 03:50:05
5931110070,德昌藥局,新北市汐止區中興路４號,(02)26423382,0,1,2020/02/08 03:50:05
5931110212,穎安中西大藥局,新北市汐止區樟樹一路１３５巷１３號,(02)26412348,0,1,2020/02/08 03:50:05
5931111568,湖前中西藥局,新北市汐止區湖前街４５號１樓,(02)26925850,150,74,2020/02/08 03:50:05
5931111602,汐止中西大藥局,新北市汐止區中正路４號,(02)26411746,0,2,2020/02/08 03:50:05
5931111611,向日葵藥局,新北市汐止區大同路２段３６８號１樓,(02)26488877,0,35,2020/02/08 03:50:05
5931111773,江北藥局,新北市汐止區汐萬路１段３３號,(02)26918870,0,4,2020/02/08 03:50:05
5931111844,福恩藥師大藥局,新北市汐止區福德二路１７１之１號１樓,(02)26940835,0,1,2020/02/08 03:50:05
5931111951,我家藥局,新北市汐止區中正路２９號,(02)86910840,190,50,2020/02/08 03:50:05
5931112083,裕和藥局,新北市汐止區宜興街４號１樓,(02)26609119,0,2,2020/02/08 03:50:05
5931112145,汐止健康人生藥局,新北市汐止區忠孝東路２６９號,(02)86421820,1,0,2020/02/08 03:50:05
5931112314,杏光藥局,新北市汐止區建成路５９巷１９號１樓,(02)26411340,0,2,2020/02/08 03:50:05
5931112369,汐止立欣藥局,新北市汐止區汐萬路二段２４９號１樓,(02)26464546,4,0,2020/02/08 03:50:05
5931112378,翔云大藥局,新北市汐止區祥雲街２號ㄧ１、１樓,(02)26463119,4,3,2020/02/08 03:50:05
5931112467,建忠藥局,新北市汐止區建成路３７巷１１號１樓,(02)26422101,4,1,2020/02/08 03:50:05
5931112494,長頸鹿藥局,新北市汐止區新台五路１段１７８號１樓,(02)26917810,4,3,2020/02/08 03:50:05
5931112609,健康晨光藥局,新北市汐止區大同路二段５１６號１樓,(02)26433111,0,8,2020/02/08 03:50:05
5931112645,健成藥局,新北市汐止區新興路２０號１樓,(02)26428989,0,6,2020/02/08 03:50:05
5931112690,國升藥局,新北市汐止區建成路５９巷１號１樓,(02)26419459,4,0,2020/02/08 03:50:05
5931112798,益嘉藥局,新北市汐止區忠孝東路２４５號１樓,(02)86423527,190,116,2020/02/08 03:50:05
5931112832,安忻藥局,新北市汐止區樟樹一路１２２之１號１樓,(02)26487309,1,0,2020/02/08 03:50:05
5931112850,躍獅大同藥局,新北市汐止區新興路７號１樓,(02)26418399,2,30,2020/02/08 03:50:05
5931112912,富康藥局,新北市汐止區忠孝東路４５９號１樓,(02)86481302,4,1,2020/02/08 03:50:05
5931112921,明恩藥局,新北市汐止區明峰街１７９之１號１樓,(02)26923877,2,0,2020/02/08 03:50:05
5931112958,快樂藥局汐止店,新北市汐止區福德二路２１５號１樓,(02)26931390,1,0,2020/02/08 03:50:05
5931112994,汐止藥局,新北市汐止區福德二路７０號１樓,(02)86932587,0,2,2020/02/08 03:50:05
5931113017,蒲公英藥局,新北市汐止區連興街１２６號１樓,(02)26907770,0,1,2020/02/08 03:50:05
5931120049,本平藥局,新北市瑞芳區瑞芳街４５號,(02)24972167,0,34,2020/02/08 03:50:05
5931121224,千泰藥局,新北市瑞芳區中正路６３－１號,(02)24966347,0,40,2020/02/08 03:50:05
5931121279,大埔藥局,新北市瑞芳區大埔路１２８－３號１樓,(02)24587020,0,46,2020/02/08 03:50:05
5931121304,揚明藥局,新北市瑞芳區民族街２號１樓,(02)24970925,2,0,2020/02/08 03:50:05
5931121377,瑞中藥局,新北市瑞芳區明燈路３段５－１號１樓,(02)24977879,2,0,2020/02/08 03:50:05
5931121386,瑞光藥局,新北市瑞芳區明燈路３段７０號１樓,(02)24972070,0,10,2020/02/08 03:50:05
5931121402,瑞慶藥局,新北市瑞芳區大埔路１３０號,(02)24586386,0,2,2020/02/08 03:50:05
5931121420,永展藥局,新北市瑞芳區民權街６巷１之１號,(02)24960500,0,4,2020/02/08 03:50:05
5931121448,伊達藥局,新北市瑞芳區明燈路３段３６號,(02)24969654,10,0,2020/02/08 03:50:05
5931130358,盛安大藥局,新北市土城區中央路１段２５８號,(02)22668525,0,4,2020/02/08 03:50:05
5931130483,學安藥師藥局,新北市土城區學府路１段２１１號１樓,(02)22610565,0,2,2020/02/08 03:50:05
5931131882,裕達藥局,新北市土城區延吉街１７１號,(02)22739328,2,0,2020/02/08 03:50:05
5931132138,心中外藥局,新北市土城區中央路２段１５７號,(02)22603023,0,2,2020/02/08 03:50:05
5931132245,萬昌健保藥局,新北市土城區中央路４段１６０號,(02)22678057,0,6,2020/02/08 03:50:05
5931132343,誠安藥局,新北市土城區中央路４段３６號１樓,(02)22677737,2,0,2020/02/08 03:50:05
5931132487,鄭家藥局,新北市土城區清水路１２７號１樓,(02)22640005,0,2,2020/02/08 03:50:05
5931132496,惠蒼藥局,新北市土城區中央路２段２１６號１樓,(02)22606812,0,2,2020/02/08 03:50:05
5931132538,宏奇藥局,新北市土城區延吉街１２６號１樓,(02)82619585,0,2,2020/02/08 03:50:05
5931132576,佑安藥局,新北市土城區清水路３３４號２樓,(02)22643960,0,20,2020/02/08 03:50:05
5931132647,舒民藥局,新北市土城區明德路１段３５號２樓,(02)22748654,0,58,2020/02/08 03:50:05
5931132683,家庭藥師連鎖藥局,新北市土城區裕生路２３號１樓,(02)22633601,8,0,2020/02/08 03:50:05
5931132736,大眾藥局,新北市土城區明峰街６巷１號,(02)22666057,0,30,2020/02/08 03:50:05
5931132816,大康藥局,新北市土城區學府路１段７２號２樓,(02)22738004,0,16,2020/02/08 03:50:05
5931132932,全家健康藥局,新北市土城區中央路４段２８８號,(02)22678143,4,30,2020/02/08 03:50:05
5931133108,三豐藥局,新北市土城區永豐路１３５巷８號,(02)22733766,0,2,2020/02/08 03:50:05
5931133171,誠恩藥局,新北市土城區金城路３段１３７號１樓,(02)22665533,2,0,2020/02/08 03:50:05
5931133331,城安大藥局,新北市土城區金城路３段４０號,(02)22646561,0,20,2020/02/08 03:50:05
5931133340,大欣藥局,新北市土城區裕民路２５１號,(02)22653208,2,0,2020/02/08 03:50:05
5931133359,麗膚藥局,新北市土城區金城路３段１６４號１樓,(02)22640600,0,14,2020/02/08 03:50:05
5931133395,順儷金城藥局,新北市土城區金城路３段１４７號１樓,(02)22621590,0,2,2020/02/08 03:50:05
5931133493,順儷學府藥局,新北市土城區學府路１段１４４巷２號１樓,(02)22701979,0,2,2020/02/08 03:50:05
5931133500,菩提藥局,新北市土城區延和路１１４號１樓,(02)22624866,0,12,2020/02/08 03:50:05
5931133519,埔銓藥局,新北市土城區裕民路１６４號１、２樓,(02)22630230,196,52,2020/02/08 03:50:05
5931133528,中央藥局,新北市土城區中央路２段８４、８６號（１樓）,(02)22630345,0,2,2020/02/08 03:50:05
5931140112,施藥局,新北市蘆洲區信義路２３０號,(02)22814624,0,4,2020/02/08 03:50:05
5931140130,欣泰藥局,新北市蘆洲區民族路４０７號,(02)22810177,0,1,2020/02/08 03:50:05
5931140158,全民藥局,新北市蘆洲區中山一路２０１、２０３號,(02)22837168,2,1,2020/02/08 03:50:05
5931140201,理方藥局,新北市蘆洲區長安街６７號,(02)22830704,0,4,2020/02/08 03:50:05
5931140229,天士藥局,新北市蘆洲區中正路３６號,(02)22818227,0,4,2020/02/08 03:50:05
5931140238,謚安中西藥局,新北市蘆洲區永平街６號,(02)22836375,0,5,2020/02/08 03:50:05
5931140318,慧安藥局,新北市蘆洲區長安街２１４號１樓,(02)28477845,2,0,2020/02/08 03:50:05
5931140372,上群藥師藥局,新北市蘆洲區民族路２８７號１樓,(02)22898275,0,1,2020/02/08 03:50:05
5931141502,蘆洲陳大藥局,新北市蘆洲區長安街９５號,(02)22836224,18,3,2020/02/08 03:50:05
5931141520,長安藥局,新北市蘆洲區中華街６７號１樓,(02)28485560,18,0,2020/02/08 03:50:05
5931141557,龍成藥局,新北市蘆洲區民族路５３號,(02)82857868,2,8,2020/02/08 03:50:05
5931141799,群欣藥局,新北市蘆洲區長安街１１８號２樓,(02)22894815,0,1,2020/02/08 03:50:05
5931141922,和泰藥師藥局,新北市蘆洲區復興路６９號１樓,(02)22859818,0,1,2020/02/08 03:50:05
5931141959,長榮大藥局,新北市蘆洲區長榮路５１號,(02)82863837,4,1,2020/02/08 03:50:05
5931142072,達特藥局,新北市蘆洲區復興路６２號,(02)82825004,0,1,2020/02/08 03:50:05
5931142081,威仕康藥局,新北市蘆洲區民權路１２２號１樓,(02)82853277,0,1,2020/02/08 03:50:05
5931142090,泰明藥局,新北市蘆洲區長榮路６７號,(02)22898655,2,0,2020/02/08 03:50:05
5931142116,龍安藥局,新北市蘆洲區復興路６７號１樓,(02)22850310,0,1,2020/02/08 03:50:05
5931142161,廷升藥局,新北市蘆洲區中正路１２２號１樓,(02)22827670,0,1,2020/02/08 03:50:05
5931142241,永恩健康藥局,新北市蘆洲區民族路４１４號１樓,(02)22880379,5,4,2020/02/08 03:50:05
5931142296,蓁美健康藥局,新北市蘆洲區九芎街９０巷２１號,(02)22827527,0,2,2020/02/08 03:50:05
5931142303,康群生活藥局,新北市蘆洲區中正路１０５號１樓,(02)82835630,2,0,2020/02/08 03:50:05
5931142394,常喜藥局,新北市蘆洲區中正路１４０號,(02)82862976,8,0,2020/02/08 03:50:05
5931142429,世全藥局,新北市蘆洲區民生街１３３號１樓,(02)22817386,0,2,2020/02/08 03:50:05
5931142572,幸安藥局,新北市蘆洲區中山二路５３號１樓,(02)82835389,0,1,2020/02/08 03:50:05
5931142670,陽光幸福藥局,新北市蘆洲區重陽街８８號１樓,(02)28486566,4,0,2020/02/08 03:50:05
5931142723,健群藥局,新北市蘆洲區中華街７１號２樓,(02)28483575,0,1,2020/02/08 03:50:05
5931142769,好美麗健康藥局,新北市蘆洲區光明路６號１樓,(02)82826209,2,0,2020/02/08 03:50:05
5931142796,乙安藥局,新北市蘆洲區長安街１７９號１樓,(02)22888277,0,1,2020/02/08 03:50:05
5931142830,長榮專業藥局,新北市蘆洲區長榮路２５０號２樓,(02)82868163,26,0,2020/02/08 03:50:05
5931142858,愛佳健保藥局,新北市蘆洲區長榮路９６號１樓,(02)22825835,1,0,2020/02/08 03:50:05
5931142901,快樂藥局長榮店,新北市蘆洲區長榮路６０號１樓,(02)22813567,0,6,2020/02/08 03:50:05
5931142956,華粲藥局,新北市蘆洲區民族路９０號２樓,(02)82822026,0,8,2020/02/08 03:50:05
5931142965,百分百藥局,新北市蘆洲區中山二路４８號２樓,(02)22890968,4,0,2020/02/08 03:50:05
5931142974,大樹長榮藥局,新北市蘆洲區長榮路６１、６１－１號１樓,(02)22810747,42,20,2020/02/08 03:50:05
5931142983,健安健保藥局,新北市蘆洲區長安街２６３號１樓,(02)22827773,0,4,2020/02/08 03:50:05
5931143033,微笑杏鄰藥局,新北市蘆洲區中正路１５號１樓,(02)22835713,7,2,2020/02/08 03:50:05
5931143042,成安藥局,新北市蘆洲區長安街２５７號１樓,(02)22892918,0,2,2020/02/08 03:50:05
5931143051,萊康中華健保藥局,新北市蘆洲區中華街４５－１號１樓,(02)28486787,0,1,2020/02/08 03:50:05
5931143088,躍獅蘆洲藥局,新北市蘆洲區長安街３２９號１樓,(02)82824906,14,12,2020/02/08 03:50:05
5931143097,樂開懷健保藥局,新北市蘆洲區三民路３７６之３號１樓,(02)82837323,0,33,2020/02/08 03:50:05
5931143104,新信義藥局,新北市蘆洲區信義路２６０號１樓,(02)22885256,0,6,2020/02/08 03:50:05
5931143113,喜得健藥局,新北市蘆洲區中興街５４號１樓,(02)22886419,4,0,2020/02/08 03:50:05
5931143122,宥安藥局,新北市蘆洲區長榮路３８１號２樓,(02)22823556,0,2,2020/02/08 03:50:05
5931143131,杏一蘆洲長安藥局,新北市蘆洲區長安街１２２號１樓,(02)82854278,0,41,2020/02/08 03:50:05
5931143140,大樹蘆洲藥局,新北市蘆洲區民族路２６５號１樓,(02)22810747,2,4,2020/02/08 03:50:05
5931143168,吉安藥局,新北市蘆洲區長安街２８５巷１號１樓,(02)82815600,0,33,2020/02/08 03:50:05
5931150056,常安藥局,新北市五股區工商路７１號,(02)22917912,1,0,2020/02/08 03:50:05
5931150163,德泰藥局,新北市五股區成泰路１段９號,(02)29095927,0,2,2020/02/08 03:50:05
5931151277,永任藥局,新北市五股區水碓路９號１樓,(02)22911093,4,9,2020/02/08 03:50:05
5931151302,宏安藥局,新北市五股區成泰路２段１３６號,(02)22915932,0,1,2020/02/08 03:50:05
5931151311,信恆藥局,新北市五股區中興路１段７４號１樓,(02)89882077,0,34,2020/02/08 03:50:05
5931151473,百成中西藥師藥局,新北市五股區五福里五福路２０號１樓,(02)22915531,4,2,2020/02/08 03:50:05
5931151482,源昇藥局,新北市五股區五股里成泰路２段６１號２樓,(02)82952027,4,1,2020/02/08 03:50:05
5931151508,三合藥局,新北市五股區中興路一段７５號１樓,(02)29846055,8,0,2020/02/08 03:50:05
5931151544,三好連鎖藥師藥局,新北市五股區西雲路８６號１樓,(02)22952357,0,2,2020/02/08 03:50:05
5931151660,祐康藥師藥局,新北市五股區五福路３６號１樓,(02)82921335,0,2,2020/02/08 03:50:05
5931151679,東興藥局,新北市五股區成泰路２段６９號２樓,(02)82922718,0,2,2020/02/08 03:50:05
5931160105,泰林中西藥局,新北市泰山區泰林路２段２０６號,(02)22978367,0,1,2020/02/08 03:50:05
5931160132,健康藥師藥局,新北市泰山區明志路２段３２３號,(02)22972121,2,25,2020/02/08 03:50:05
5931161282,善耕藥局,新北市泰山區明志路２段３６２號１樓,(02)29086656,4,0,2020/02/08 03:50:05
5931161326,泰安藥局,新北市泰山區明志路２段６２號２樓,(02)85313097,0,1,2020/02/08 03:50:05
5931161344,北安藥妝藥局,新北市泰山區明志路２段６１號,(02)22967199,2,0,2020/02/08 03:50:05
5931161353,台灣藥局,新北市泰山區明志路１段２８２－２８６號,(02)22971969,4,8,2020/02/08 03:50:05
5931161433,仁安藥局,新北市泰山區明志路３段１７４號１樓,(02)29015586,4,0,2020/02/08 03:50:05
5931161513,苗園健保特約藥局,新北市泰山區全興路１６１號１樓,(02)22970736,0,1,2020/02/08 03:50:05
5931161540,得安藥師藥局,新北市泰山區仁愛路１２８號１樓,(02)29000992,4,0,2020/02/08 03:50:05
5931170021,士昌藥局,新北市林口區工六路３６號１樓,(02)26018863,2,0,2020/02/08 03:50:05
5931170129,麗園藥局,新北市林口區麗園一街６巷１－４號１Ｆ,(02)26009405,0,1,2020/02/08 03:50:05
5931170165,龍點藥局,新北市林口區民族路６７號１樓,(02)26080636,2,0,2020/02/08 03:50:05
5931171233,狀元葯師藥局,新北市林口區麗林里文化２路１段６２號１樓之１,(02)26096215,2,3,2020/02/08 03:50:05
5931171340,家欣藥師藥局,新北市林口區文化二路１段５６７號１樓,(02)26025388,2,2,2020/02/08 03:50:05
5931171411,康旭藥局,新北市林口區麗園一街６巷９號１樓－３,(02)26007808,0,1,2020/02/08 03:50:05
5931171573,安心藥局,新北市林口區文化二路１段５７７號１樓,(02)26029090,0,2,2020/02/08 03:50:05
5931171582,綠園藥局,新北市林口區仁愛路２段１０５號１樓,(02)86012258,0,3,2020/02/08 03:50:05
5931171608,榮昌藥局,新北市林口區仁愛路１段４１０號,(02)26011312,0,1,2020/02/08 03:50:05
5931171644,蛋寶寶藥局,新北市林口區民有街１５８號１樓,(02)26097371,1,1,2020/02/08 03:50:05
5931171662,大心藥局,新北市林口區公園路１９號１樓,(02)26089019,6,0,2020/02/08 03:50:05
5931171671,欣穎藥局,新北市林口區文化二路１段５３５號１樓,(02)26069786,4,0,2020/02/08 03:50:05
5931171680,一家好藥局,新北市林口區中山路５００號,(02)26028270,88,50,2020/02/08 03:50:05
5931171715,林口藥局,新北市林口區文化三路２段６９號１樓,(02)26001899,16,0,2020/02/08 03:50:05
5931171733,長欣藥局,新北市林口區中山路１８８號１樓之３,(02)26013171,12,2,2020/02/08 03:50:05
5931171751,杏一林口仁愛藥局,新北市林口區仁愛路２段９１號１樓,(02)26016453,0,8,2020/02/08 03:50:05
5931171779,全球忠孝藥局,新北市林口區忠孝路４９７號１樓,(02)26092139,6,0,2020/02/08 03:50:05
5931171788,泰臨中西藥局,新北市林口區忠孝１路５號（１樓）,(02)26087538,0,3,2020/02/08 03:50:05
5931181051,永源藥局,新北市深坑區北深路３段１７４號１樓,(02)26644588,0,6,2020/02/08 03:50:05
5931181104,介新大藥局,新北市深坑區文化街９４號,(02)26648149,0,4,2020/02/08 03:50:05
5931181195,健康小站藥局,新北市深坑區埔新里北深路２段７５號,(02)26629568,104,36,2020/02/08 03:50:05
5931181248,福康藥粧藥局,新北市深坑區北深路３段１７５號（１樓）,(02)26646529,4,2,2020/02/08 03:50:05
5931231127,杏家藥局,新北市八里區中華路２段２５６號１樓,(02)26105369,2,4,2020/02/08 03:50:05
5931231181,八里藥師藥局,新北市八里區中山路２段２２６號１樓,(02)26101212,0,2,2020/02/08 03:50:05
5931231190,龍米藥師藥局,新北市八里區龍形一街５號１樓,(02)26185812,0,2,2020/02/08 03:50:05
5931231225,小蘋果藥局,新北市八里區中山路１段２２９號,(02)26108206,2,0,2020/02/08 03:50:05
5931271103,躍獅五福藥局,新北市金山區中山路９９號１樓,(02)24081608,24,0,2020/02/08 03:50:05
5931281074,北海岸藥局,新北市萬里區瑪鍊路９８號,(02)24922022,0,16,2020/02/08 03:50:05
5932010019,家佳藥局,桃園市桃園區瑞慶里莊一街８０號,(03)3175618,0,4,2020/02/08 03:50:05
5932010202,安琪兒藥局,桃園市桃園區莊敬路二段７６號１樓,(03)3016965,2,0,2020/02/08 03:50:05
5932010328,七加恩聯合藥局,桃園市桃園區中埔二街１２３號１樓,(03)3029302,0,2,2020/02/08 03:50:05
5932010462,禾康藥局,桃園市桃園區大業路一段４３８號,(03)3254068,0,2,2020/02/08 03:50:05
5932010668,世興藥局,桃園市桃園區桃鶯路４５２號２樓,(03)3635470,8,2,2020/02/08 03:50:05
5932010702,鴻發藥師藥局,桃園市桃園區大有路５４３號,(03)3582468,0,4,2020/02/08 03:50:05
5932010784,維美藥局,桃園市桃園區成功路二段８７號１樓,(03)3359033,0,2,2020/02/08 03:50:05
5932010855,泓德藥局,桃園市桃園區中正路１０８９號之１,(03)3169816,0,2,2020/02/08 03:50:05
5932010917,幸運草健保藥局,桃園市桃園區縣府路２８０號,(03)3379977,4,0,2020/02/08 03:50:05
5932011058,富仕康藥局,桃園市桃園區中華路１１８號地下１樓,(03)3391318,0,38,2020/02/08 03:50:05
5932011110,樂安藥局,桃園市桃園區經國路２０６號１樓,(03)3250362,0,4,2020/02/08 03:50:05
5932011218,人仁藥局,桃園市桃園區南華街１８０號,(03)3328963,0,14,2020/02/08 03:50:05
5932011316,大興藥局,桃園市桃園區大德一街９６號,(03)3266868,190,46,2020/02/08 03:50:05
5932011361,新生藥局,桃園市桃園區新民街４號１樓,(03)3354011,200,50,2020/02/08 03:50:05
5932011503,文安藥局,桃園市桃園區中正路６９９號,(03)3558999,4,0,2020/02/08 03:50:05
5932011512,必安藥局,桃園市桃園區永樂街６４號,(03)3324010,0,28,2020/02/08 03:50:05
5932011576,三芳藥局,桃園市桃園區民族路２３２號,(03)3390986,0,28,2020/02/08 03:50:05
5932011610,郁祥藥局,桃園市桃園區成功里春日路２１６號,(03)3335495,0,18,2020/02/08 03:50:05
5932011638,明光藥局,桃園市桃園區中山東路１１７之１號,(03)3380427,0,4,2020/02/08 03:50:05
5932011692,正安藥局,桃園市桃園區東山里安東街５８號,(03)3329461,0,8,2020/02/08 03:50:05
5932011772,中山藥局,桃園市桃園區玉山里復興路３６９號,(03)3346614,0,12,2020/02/08 03:50:05
5932011898,健安藥局,桃園市桃園區北門里民生路２９５號,(03)3344624,0,6,2020/02/08 03:50:05
5932012457,禾安連鎖藥局,桃園市桃園區中山路２５４號,(03)3318966,0,6,2020/02/08 03:50:05
5932012573,悅藥坊人文藥局,桃園市桃園區桃智路６號,(03)3761688,10,0,2020/02/08 03:50:05
5932012582,聖元藥局,桃園市桃園區大興西路二段６９巷１號,(03)3584958,12,0,2020/02/08 03:50:05
5932012671,美德藥師藥局,桃園市桃園區中正路２３０號,(03)3354160,0,16,2020/02/08 03:50:05
5932012742,益兒康藥局,桃園市桃園區國際路二段４０號,(03)3798851,0,2,2020/02/08 03:50:05
5932012813,桃園大興藥局,桃園市桃園區大興西路二段７６巷３號,(03)3013222,4,6,2020/02/08 03:50:05
5932012911,中平啄木鳥藥局,桃園市桃園區中平路１３６號,(03)2207457,0,2,2020/02/08 03:50:05
5932012939,安慶盛康藥局,桃園市桃園區安慶街９１號,(03)3027267,0,2,2020/02/08 03:50:05
5932013016,熊寶寶藥局,桃園市桃園區延平路１１１號,(03)3636915,12,2,2020/02/08 03:50:05
5932013114,仁悅藥局,桃園市桃園區中山路６８號,(03)3361718,10,2,2020/02/08 03:50:05
5932013203,龍城藥局,桃園市桃園區龍壽里龍城五街６０號,(03)2170662,2,0,2020/02/08 03:50:05
5932013285,復興藥局,桃園市桃園區復興路５７、５９號,(03)3398979,0,10,2020/02/08 03:50:05
5932013310,躍獅省桃藥局,桃園市桃園區龍壽街２４號,(03)3791488,2,0,2020/02/08 03:50:05
5932013365,方一健保藥局,桃園市桃園區中山北路１３３號,(03)3364226,0,2,2020/02/08 03:50:05
5932013383,多多藥局,桃園市桃園區南平路１８３號１樓,(03)3162133,0,2,2020/02/08 03:50:05
5932013392,桃園中正藥局,桃園市桃園區中正路３７３號,(03)3381600,0,6,2020/02/08 03:50:05
5932013427,奧美藥局,桃園市桃園區忠義里大業路一段８６號１樓,(03)3321551,0,1,2020/02/08 03:50:05
5932013445,乙川藥局,桃園市桃園區中正路５７６號,(03)3368758,0,2,2020/02/08 03:50:05
5932013463,惠邁健保藥局,桃園市桃園區莊敬路二段１０３號１樓,(03)3026491,0,8,2020/02/08 03:50:05
5932013516,三民益康藥局,桃園市桃園區三民路一段１７１號１樓,(03)3353757,0,43,2020/02/08 03:50:05
5932013589,龍壽大藥局,桃園市桃園區龍壽街６４－１號１樓,(03)3705663,2,0,2020/02/08 03:50:05
5932013605,新華興藥局,桃園市桃園區中正路６６５號,(03)3267777,0,28,2020/02/08 03:50:05
5932013687,桃園春日藥局,桃園市桃園區春日路８７８號,(03)3580101,198,52,2020/02/08 03:50:05
5932013767,小飛象藥局,桃園市桃園區慈文路１９２號,(03)3552771,0,4,2020/02/08 03:50:05
5932013794,春日盛康藥局,桃園市桃園區春日路３０５號,(03)3362359,0,6,2020/02/08 03:50:05
5932013801,桃園中山藥局,桃園市桃園區中山路７０７號,(03)2207168,6,6,2020/02/08 03:50:05
5932013810,大廟藥局,桃園市桃園區中山路１５８號１樓,(03)3337006,0,22,2020/02/08 03:50:05
5932013892,庭昌藥局,桃園市桃園區中正路３８７號Ｂ１樓,(03)3337238,6,54,2020/02/08 03:50:05
5932013918,益壽藥局,桃園市桃園區中山路８２８、８３０、８３２、８３４、８３６號,(03)3693100,0,20,2020/02/08 03:50:05
5932013936,家佳盈中西藥局,桃園市桃園區民生路２０５號１樓,(03)3350501,0,30,2020/02/08 03:50:05
5932013954,桃鶯藥局,桃園市桃園區桃鶯路１０２號,(03)3675100,0,4,2020/02/08 03:50:05
5932017096,榮生藥師藥局,桃園市桃園區民生路２７５號一樓,(03)3396120,0,4,2020/02/08 03:50:05
5932017103,立人堂藥局,桃園市桃園區中山路397號,(03)3372239,0,12,2020/02/08 03:50:05
5932017274,同德藥局（原為桃得藥師藥局）,桃園市桃園區同德十街４３號,(03)2150270,0,2,2020/02/08 03:50:05
5932018539,新永安藥師藥局,桃園市桃園區永安路４６６號,(03)3471180,0,2,2020/02/08 03:50:05
5932018548,五代全民藥局,桃園市桃園區中山路九十七號,(03)3355001,0,6,2020/02/08 03:50:05
5932018664,廣文藥局,桃園市桃園區廣文街２９號,(03)3380330,0,40,2020/02/08 03:50:05
5932018842,宏升藥局,桃園市桃園區三民路三段５１２號,(03)3672307,2,0,2020/02/08 03:50:05
5932018922,聖欣藥局,桃園市桃園區中山路５２３號一樓,(03)3328832,0,2,2020/02/08 03:50:05
5932019045,大一藥局,桃園市桃園區中山路684之一號一樓,(03)2171836,6,4,2020/02/08 03:50:05
5932019116,慈安藥局,桃園市桃園區永安路３８３號,(03)3369599,2,26,2020/02/08 03:50:05
5932019152,馨丰藥局,桃園市桃園區育樂街23號1樓,(03)3319628,0,18,2020/02/08 03:50:05
5932019563,親子藥局,桃園市桃園區南平路１９５號,(03)3172318,4,0,2020/02/08 03:50:05
5932019901,正欣藥局,桃園市桃園區莊敬路一段三四二之六號一樓,(03)3174677,2,2,2020/02/08 03:50:05
593201A015,悅民藥局,桃園市桃園區中山東路１１９－１號,(03)3350452,0,28,2020/02/08 03:50:05
593201A195,力美藥局,桃園市桃園區永安路三七七號,(03)3334191,0,38,2020/02/08 03:50:05
593201A499,永安藥局,桃園市桃園區寶山街二三五號一樓之二,(03)3175777,2,0,2020/02/08 03:50:05
593201A542,昌維藥師藥局,桃園市桃園區縣府路二二號二樓,(03)3315091,0,14,2020/02/08 03:50:05
593201A604,啄木鳥藥局,桃園縣桃園市南平路４１１號,(03)3467698,4,0,2020/02/08 03:50:05
593201A631,大國民藥局,桃園市桃園區中正路５７８號１樓,(03)3355575,4,0,2020/02/08 03:50:05
593201A640,大心藥局,桃園市桃園區中平路１４１號,(03)2209842,0,4,2020/02/08 03:50:05
593201A748,大田大藥局,桃園市桃園區中正路３８０號,(03)3372886,0,20,2020/02/08 03:50:05
5932020502,禾安藥局,桃園市中壢區福德路５２號１F,(03)4627066,0,4,2020/02/08 03:50:05
5932020548,生富藥師藥局,桃園市中壢區新明里中央西路二段７６號,(03)4941475,0,4,2020/02/08 03:50:05
5932020575,國泰藥局,桃園市中壢區中正路３４２號,(03)4937136,12,0,2020/02/08 03:50:05
5932020717,成星藥局,桃園市中壢區水尾里環北路４３７號,(03)4528435,0,40,2020/02/08 03:50:05
5932021045,井田藥局,桃園市中壢區東興里中北路二段八號一樓,(03)4572003,0,2,2020/02/08 03:50:05
5932021090,新生藥師藥局,桃園市中壢區民權路５２號,(03)4919796,0,6,2020/02/08 03:50:05
5932021214,新象藥局,桃園市中壢區元化路６２號,(03)4277585,0,2,2020/02/08 03:50:05
5932021401,懷仁藥師健保藥局,桃園市中壢區中北路９３號１樓,(03)4378466,0,2,2020/02/08 03:50:05
5932021643,同慶大藥局,桃園市中壢區健行路５２、５４號１樓,(03)4688239,0,2,2020/02/08 03:50:05
5932021689,立康專業藥局,桃園市中壢區莊敬路８６５號,(03)4553121,10,0,2020/02/08 03:50:05
5932022257,星康生活藥局,桃園市中壢區中美路二段94號,(03)4252869,0,2,2020/02/08 03:50:05
5932022300,育康藥局,桃園市中壢區中正路３６６號,(03)4278266,2,0,2020/02/08 03:50:05
5932022319,九禾藥局,桃園市中壢區九和五街９號１樓,(03)2805283,0,44,2020/02/08 03:50:05
5932022346,宜美大藥局,桃園市中壢區莊敬路７１６號,(03)4637687,2,0,2020/02/08 03:50:05
5932022355,新家福藥局,桃園市中壢區福州二街４１９號,(03)4621658,1,2,2020/02/08 03:50:05
5932022373,得康藥局,桃園市中壢區龍岡路二段８９、９１號,(03)4686738,0,4,2020/02/08 03:50:05
5932022499,大和藥局,桃園市中壢區元化路二段６６號,(03)4260298,0,2,2020/02/08 03:50:05
5932022515,惠博藥師藥局,桃園市中壢區環北路３９１號,(03)4518884,12,24,2020/02/08 03:50:05
5932022524,家佳聯合藥局,桃園市中壢區中光路１４號,(03)4273960,2,0,2020/02/08 03:50:05
5932022631,中壢中正藥局,桃園市中壢區中正路３６３、３６５號,(03)4014100,0,6,2020/02/08 03:50:05
5932022668,里安藥局,桃園市中壢區元化路８３號,(03)4250799,0,2,2020/02/08 03:50:05
5932022828,立安藥局,桃園市中壢區中華路一段３０２號２樓,(03)4520898,2,8,2020/02/08 03:50:05
5932022846,千芮藥局,桃園市中壢區中原里忠孝路６號,(03)4516742,0,38,2020/02/08 03:50:05
5932022917,仁心藥局,桃園市中壢區福州一街７９號,(03)4617575,0,2,2020/02/08 03:50:05
5932022926,益康藥局,桃園市中壢區新明路３６號,(03)4950077,0,26,2020/02/08 03:50:05
5932023012,鴻安中西藥局,桃園市中壢區新中北路二段１９１號１樓,(03)4520615,6,0,2020/02/08 03:50:05
5932023021,辰鴻藥局,桃園市中壢區環中東路１１０號,(03)4638639,2,6,2020/02/08 03:50:05
5932023049,惠安藥局,桃園市中壢區中山路４５２號１樓,(03)4926750,0,54,2020/02/08 03:50:05
5932023174,康華藥局,桃園市中壢區忠孝路１４號１樓,(03)4632313,2,0,2020/02/08 03:50:05
5932023183,佳華藥局,桃園市中壢區六和路４６號,(03)4278960,0,2,2020/02/08 03:50:05
5932023263,中國藥師藥局,桃園市中壢區中央西路二段３４號,(03)4614133,0,2,2020/02/08 03:50:05
5932023307,晟康健保藥局,桃園市中壢區永光里環北路４號１樓桃園市中壢區民權路二段３４號,(03)4950218,1,4,2020/02/08 03:50:05
5932023352,全國大藥局,桃園市中壢區普仁里中山東路二段１３３號１樓,(03)4660336,0,2,2020/02/08 03:50:05
5932023361,彩玲藥局,桃園市中壢區環北路３５５號１樓,(03)4634164,0,36,2020/02/08 03:50:05
5932023370,中力藥局,桃園市中壢區復興路５４號,(03)4273119,2,4,2020/02/08 03:50:05
5932023503,內壢忠孝藥局,桃園市中壢區忠孝路３６號,(03)4636641,0,4,2020/02/08 03:50:05
5932023567,內壢成章藥局,桃園市中壢區忠孝路１９８號,(03)4524123,2,0,2020/02/08 03:50:05
5932023594,新資生信義大藥局,桃園市中壢區信義路１４７號,(03)4636831,4,0,2020/02/08 03:50:05
5932023601,大賀藥局,桃園市中壢區龍東路３９９號１樓,(03)4375977,0,2,2020/02/08 03:50:05
5932023610,遵龍藥局,桃園市中壢區元生二街１９２號,(03)4620252,2,0,2020/02/08 03:50:05
5932023674,福安藥局,桃園市中壢區元化路２３２號,(03)4266000,6,12,2020/02/08 03:50:05
5932023683,祥合藥局,桃園市中壢區中北路二段４３１號,(03)2841880,1,0,2020/02/08 03:50:05
5932023745,萬恒藥局,桃園市中壢區大同路１２２號,(03)4221769,0,32,2020/02/08 03:50:05
5932023772,佑全中壢中正藥局,桃園市中壢區中正路１０８號１、２樓,(03)2807899,0,2,2020/02/08 03:50:05
5932023781,政昇藥局,桃園市中壢區青峰路一段４３號９樓,(03)2873953,0,14,2020/02/08 03:50:05
5932023807,東興藥局,桃園市中壢區中北路２段３９號,(03)4282611,0,14,2020/02/08 03:50:05
5932025007,劉藥局,桃園市中壢區中平路１６９號,(03)4223338,4,24,2020/02/08 03:50:05
5932028133,中北藥妝藥局,桃園市中壢區中北路二段５０１號,(03)4366918,0,4,2020/02/08 03:50:05
5932028311,千福藥局,桃園市中壢區高鐵站前西路二段８７號,(03)4533789,2,0,2020/02/08 03:50:05
5932028375,福泰藥師藥局,桃園市中壢區慈惠三街１１２號１樓,(03)4224130,0,4,2020/02/08 03:50:05
5932029934,康和藥局,桃園市中壢區中光路５３號一樓,(03)4253281,0,24,2020/02/08 03:50:05
593202A002,六和藥局,桃園市中壢區六和路１２號１樓,(03)4228181,84,40,2020/02/08 03:50:05
593202A226,冠昇藥局,桃園市中壢區慈惠三街１１７號２樓,(03)4260227,4,0,2020/02/08 03:50:05
593202A244,澤仁藥局,桃園市中壢區中正路２６３號,(03)4252254,4,36,2020/02/08 03:50:05
593202A360,福德藥局,桃園市中壢區福德路３０號,(03)4511208,0,10,2020/02/08 03:50:05
593202A600,一心藥局,桃園市中壢區環北路184號2樓,(03)4250560,0,6,2020/02/08 03:50:05
593202A833,君安藥局,桃園市中壢區中北路二段３９０號,(03)4685484,2,0,2020/02/08 03:50:05
593202B143,永康藥局,桃園市中壢區中華路一段六九八號二樓,(03)4627301,4,0,2020/02/08 03:50:05
593202B330,康博藥局,桃園市中壢區元化路二七二號一樓,(03)4256302,0,24,2020/02/08 03:50:05
593202B358,上禾藥師藥局,桃園市中壢區新生路２１５號,(03)4269277,0,34,2020/02/08 03:50:05
593202B394,永豐藥局,桃園市中壢區民族路五段四六Ｏ號,(03)4205339,8,4,2020/02/08 03:50:05
593202B438,祐達藥局,桃園市中壢區民族路二九八號,(03)4015995,0,2,2020/02/08 03:50:05
593202B483,千葉大藥局,桃園市中壢區新生路三Ｏ七號,(03)4251886,2,0,2020/02/08 03:50:05
593202B492,美麗藥局,桃園市中壢區環中東路３６號１樓,(03)2855002,0,10,2020/02/08 03:50:05
593202B634,平安藥局,桃園市中壢區莊敬路８１１巷２號,(03)4336633,4,0,2020/02/08 03:50:05
593202B732,愛康藥師藥局,桃園市中壢區龍岡路一段２３０號１樓,(03)4285907,0,20,2020/02/08 03:50:05
593202B803,中壢聯合藥局,桃園市中壢區大同路１３１號,(03)4250641,0,2,2020/02/08 03:50:05
5932030160,永耘藥局,桃園市大溪區介壽路６４號,(03)3804770,4,0,2020/02/08 03:50:05
5932031354,田心藥局,桃園市大溪區和二路64號,(03)3874426,1,0,2020/02/08 03:50:05
5932031578,宜暉健保藥局,桃園市大溪區介壽路７１８號,(03)3806695,6,0,2020/02/08 03:50:05
5932031701,安欣大藥局,桃園縣大溪鎮介壽路７５８號,(03)3893573,4,0,2020/02/08 03:50:05
5932031729,德安堂藥局,桃園市大溪區介壽路８９２號,(03)3808173,0,18,2020/02/08 03:50:05
5932031756,明仁藥局,桃園市大溪區介壽路８１號１樓,(03)3804832,2,2,2020/02/08 03:50:05
5932031783,叡安藥局,桃園市大溪區埔頂路一段４０８號,(03)3893015,0,4,2020/02/08 03:50:05
5932031792,大溪藥局,桃園市大溪區康莊路１６０號,(03)3873873,0,2,2020/02/08 03:50:05
5932031827,文化藥局,桃園市大溪區一心里復興路１０５號１樓,(03)3884886,2,10,2020/02/08 03:50:05
5932040255,中美藥局,桃園市楊梅區埔心里中興路７７號,(03)4822483,0,4,2020/02/08 03:50:05
5932040308,弘大藥局,桃園市楊梅區大華街十三號,(03)4751858,0,8,2020/02/08 03:50:05
5932042259,良華藥局,桃園市楊梅區大成路１９２號１樓,(03)4855458,8,0,2020/02/08 03:50:05
5932042320,家康藥師藥局,桃園市楊梅區文化街二三二之一號,(03)4810893,2,2,2020/02/08 03:50:05
5932042348,新康藥局,桃園市楊梅區成功路２２之１號二樓,(03)2821766,3,0,2020/02/08 03:50:05
5932042419,華泰健康藥局,桃園市楊梅區武營街一三之一號,(03)4754900,10,36,2020/02/08 03:50:05
5932042820,合康美藥局,桃園市楊梅區中山北路二段７９號,(03)4812598,3,6,2020/02/08 03:50:05
5932042866,天乙藥局,桃園市楊梅區新成路２０１號,(03)4756916,0,8,2020/02/08 03:50:05
5932042955,瑞溪甯慶藥局,桃園市楊梅區瑞溪路一段２７１號,(03)4311999,0,2,2020/02/08 03:50:05
5932043078,祐寧藥局,桃園市楊梅區新成路４２號１樓,(03)4783859,4,0,2020/02/08 03:50:05
5932043087,敦親藥局,桃園市楊梅區瑞坪里瑞溪路二段１６０號１樓,(03)4820502,8,0,2020/02/08 03:50:05
5932043121,埔心藥局,桃園市楊梅區永美路２２５號,(03)4311539,0,2,2020/02/08 03:50:05
5932043130,宜康美藥局,桃園市楊梅區環東路４５２號,(03)4883805,2,6,2020/02/08 03:50:05
5932043149,新德安藥局,桃園市楊梅區新成路１５１號１樓,(03)4751676,8,8,2020/02/08 03:50:05
5932043158,裕東藥局,桃園市楊梅區新成路１２２號１樓,(03)4753316,0,8,2020/02/08 03:50:05
5932043318,宏文藥局,桃園市楊梅區大成路５０號,(03)4881526,0,34,2020/02/08 03:50:05
5932043336,楊梅藥局,桃園市楊梅區大成路１４８、１５０號,(03)4880776,6,0,2020/02/08 03:50:05
5932043345,家安藥局,桃園市楊梅區中興路１３２號,(03)4811626,0,2,2020/02/08 03:50:05
5932050215,九德藥局,桃園市蘆竹區中山路６９號,(03)3116868,0,2,2020/02/08 03:50:05
5932050224,杏洋藥局,桃園市蘆竹區南崁路１３４號,(03)3112799,4,0,2020/02/08 03:50:05
5932051285,承安藥局,桃園市蘆竹區光明路一段十四號,(03)3115277,2,0,2020/02/08 03:50:05
5932051310,健康堂藥局,桃園市蘆竹區中正路３５３號,(03)3218828,0,26,2020/02/08 03:50:05
5932051392,福興藥局,桃園市蘆竹區大新路１７號,(03)3237217,2,2,2020/02/08 03:50:05
5932051427,大吉藥局,桃園市蘆竹區大竹路４３６號,(03)3234375,2,0,2020/02/08 03:50:05
5932051472,康而美聖安藥師藥局,桃園市蘆竹區南山路一段二之一號,(03)3228753,2,0,2020/02/08 03:50:05
5932051749,得安藥局,桃園市蘆竹區中正路三Ｏ六號,(03)3216950,0,34,2020/02/08 03:50:05
5932051972,大安藥局,桃園市蘆竹區大新路一Ｏ七號,(03)3137380,0,8,2020/02/08 03:50:05
5932052013,誠心藥局,桃園市蘆竹區中山路一四五號一樓,(03)2127369,0,4,2020/02/08 03:50:05
5932052077,明安藥局,桃園市蘆竹區南竹路一之六號,(03)3527087,0,20,2020/02/08 03:50:05
5932052086,連安藥局,桃園市蘆竹區南崁路一一二號二樓,(03)3522333,2,18,2020/02/08 03:50:05
5932052228,大竹藥師藥局,桃園市蘆竹區南竹路五段二五九號,(03)3232508,0,2,2020/02/08 03:50:05
5932052326,文文藥局,桃園市蘆竹區南崁路１３１號２樓,(03)2129685,0,8,2020/02/08 03:50:05
5932052335,鑫盟藥師藥局,桃園市蘆竹區中正路３６７號２樓,(03)3117543,0,26,2020/02/08 03:50:05
5932052406,上安藥局,桃園市蘆竹區中正路３５７之１號,(03)3219118,0,22,2020/02/08 03:50:05
5932052415,康德美藥局,桃園市蘆竹區南山路三段２５５號１樓,(03)3243638,0,6,2020/02/08 03:50:05
5932052442,喜多福藥局,桃園市蘆竹區山腳里南山路三段２６５號１樓,(03)3240083,0,2,2020/02/08 03:50:05
5932052479,宜家藥局,桃園市蘆竹區大竹里大新路１０３號,(03)3236008,14,0,2020/02/08 03:50:05
5932052559,大新長青藥師藥局,桃園市蘆竹區大新路４６７號,(03)3131413,0,8,2020/02/08 03:50:05
5932052595,全郁藥師藥局,桃園市蘆竹區新莊里大新路４５８、４６０號１樓,(03)3231101,0,6,2020/02/08 03:50:05
5932052746,南崁藥師藥局,桃園市蘆竹區南榮里忠孝西路３號之１樓,(03)3126458,0,4,2020/02/08 03:50:05
5932052844,康維藥局,桃園市蘆竹區仁愛路一段２２號１樓,(03)3125330,0,2,2020/02/08 03:50:05
5932052880,安捷幸福藥局,桃園市蘆竹區吉林路１２號１樓,(03)2221151,0,6,2020/02/08 03:50:05
5932052906,民生藥局,桃園市蘆竹區南昌路４５號,(090)6967212,0,2,2020/02/08 03:50:05
5932052924,青青藥師藥局,桃園市蘆竹區南山路三段３１３號１樓,(03)3240338,0,6,2020/02/08 03:50:05
5932052933,天康南崁藥局,桃園市蘆竹區南崁路２４５號,(03)2122569,2,6,2020/02/08 03:50:05
5932052951,永青健康人生藥局,桃園市蘆竹區奉化路１４２號１樓,(03)3528361,0,4,2020/02/08 03:50:05
5932052979,南崁藥局,桃園市蘆竹區中正路２５１、２５３、２５５號,(03)3522022,4,2,2020/02/08 03:50:05
5932053047,桃園大竹藥局,桃園市蘆竹區大竹路３６５號,(03)3235959,0,4,2020/02/08 03:50:05
5932060088,銘方大藥局,桃園市大園區大園里中華路３２號,(03)3865077,202,104,2020/02/08 03:50:05
5932061003,保和大藥局,桃園市大園區大園里中山北路３６號,(03)3867448,0,12,2020/02/08 03:50:05
5932062117,怡德藥局,桃園市大園區中正東路１９之１號,(03)3868878,4,0,2020/02/08 03:50:05
5932062144,唯新藥局,桃園市大園區忠孝一街１１號１樓,(03)3869380,4,0,2020/02/08 03:50:05
5932062171,菓林村藥局,桃園市大園區菓林里菓林路１００號,(03)3832065,10,0,2020/02/08 03:50:05
5932062215,快安藥師藥局,桃園市大園區新生北路４１號,(03)3856896,0,2,2020/02/08 03:50:05
5932062377,新明藥局,桃園市大園區中華路７７號,(03)3851838,6,0,2020/02/08 03:50:05
5932062411,園正藥局,桃園市大園區中正東路７５號,(03)3865250,50,12,2020/02/08 03:50:05
5932062439,青埔長青藥師藥局,桃園市大園區新生路四段２５１號,(03)3815097,12,10,2020/02/08 03:50:05
5932062457,新資生大園大藥局,桃園市大園區新生路９５、９７號一樓,(03)4636831,1,0,2020/02/08 03:50:05
5932070253,高田藥師藥局,桃園市龜山區山鶯路７６號,(03)3336363,2,0,2020/02/08 03:50:05
5932076111,中興藥局,桃園市龜山區中興路２０２號,(03)3591755,6,20,2020/02/08 03:50:05
5932076399,林口藥師藥局,桃園市龜山區文興路７號,(03)3285668,2,0,2020/02/08 03:50:05
5932076424,三加恩聯合藥局,桃園市龜山區自強東路一八八號,(03)3508071,10,10,2020/02/08 03:50:05
5932076844,帕米爾藥局,桃園市龜山區萬壽路二段９９１號,(03)3295522,2,0,2020/02/08 03:50:05
5932076942,凱悅藥局,桃園市龜山區復興一路１２６號,(03)3972052,2,2,2020/02/08 03:50:05
5932077056,桃園龜山藥局,桃園市龜山區萬壽路二段８９６號,(03)3203312,0,4,2020/02/08 03:50:05
5932077118,文青藥局,桃園市龜山區文青路２０２號,(03)3270581,2,0,2020/02/08 03:50:05
5932077145,百佑藥局,桃園市龜山區中興路一段１８號,(03)3200428,2,2,2020/02/08 03:50:05
5932077163,新資生龜山大藥局,桃園市龜山區大同里自強東路１號,(03)3290429,2,0,2020/02/08 03:50:05
5932077172,佑全藥局,桃園市龜山區幸福三街３１號,(03)3193036,1,1,2020/02/08 03:50:05
5932077225,松林藥局,桃園市龜山區文化一路１０巷４１弄１０號１樓,(03)3960788,0,44,2020/02/08 03:50:05
5932077261,南崁南祥藥局,桃園市龜山區南祥路４６號,(03)2227733,4,0,2020/02/08 03:50:05
5932077298,家和藥局,桃園市龜山區建國東路９７號,(03)3196416,4,0,2020/02/08 03:50:05
5932077341,德亞藥局,桃園市龜山區大同路１號,(03)3198342,0,4,2020/02/08 03:50:05
5932077378,佑昌藥局,桃園市龜山區民生北路一段５３４號,(03)3120760,0,2,2020/02/08 03:50:05
5932077458,康旭藥局,桃園市龜山區復興一路２１２巷１７號２樓,(03)3288287,0,6,2020/02/08 03:50:05
5932077467,維康藥局,桃園市龜山區復興一路８８號１樓,(03)3283880,0,6,2020/02/08 03:50:05
5932080080,厚仁藥局,桃園市八德區大義里永福街１１號,(03)3611071,0,2,2020/02/08 03:50:05
5932083303,吉康生活藥局,桃園市八德區義勇街１２０號,(03)3768577,0,2,2020/02/08 03:50:05
5932083330,健康中西藥師藥局,桃園市八德區桃鶯路４５號,(03)3638373,0,2,2020/02/08 03:50:05
5932083394,信發藥局,桃園市八德區桃鶯路２４號,(03)3669276,0,2,2020/02/08 03:50:05
5932083509,上方藥局,桃園市八德區廣褔路一八八號,(03)3635902,4,68,2020/02/08 03:50:05
5932083527,新大明藥局,桃園市八德區大明街二一號一樓,(03)3618284,8,0,2020/02/08 03:50:05
5932083545,興豐藥局,桃園市八德區介壽路二段一一七五號,(03)3654229,2,0,2020/02/08 03:50:05
5932083670,保健藥局,桃園市八德區介壽路一段８３３號２樓,(03)3669486,2,0,2020/02/08 03:50:05
5932083965,安平藥局,桃園市八德區興豐路６５２號１樓,(03)3732071,2,0,2020/02/08 03:50:05
5932084131,環球聯合藥局,桃園市八德區介壽路一段８３１號,(03)3756939,2,0,2020/02/08 03:50:05
5932084195,禎祐示範藥局,桃園市八德區大智路７號,(03)3757241,4,0,2020/02/08 03:50:05
5932084248,佑兒康藥局,桃園市八德區永豐路５７０號,(03)3709680,2,0,2020/02/08 03:50:05
5932084319,新寶樹藥局,桃園市八德區介壽路一段９７４號,(03)3770000,0,3,2020/02/08 03:50:05
5932084480,大躍藥局,桃園市八德區高城里高城路４８號１樓,(03)3786958,4,0,2020/02/08 03:50:05
5932084579,奇異果藥局,桃園市八德區富城街１１２號,(03)3691764,6,0,2020/02/08 03:50:05
5932084631,崇明藥局,桃園市八德區介壽路二段１１７１號,(03)3732095,196,51,2020/02/08 03:50:05
5932084640,嘉家藥局,桃園市八德區介壽路一段７８２號,(03)3749192,0,4,2020/02/08 03:50:05
5932090148,關西第一藥局,桃園市龍潭區中山里東龍路３０３巷２號,(03)4096375,8,0,2020/02/08 03:50:05
5932099203,普善藥局,桃園市龍潭區北龍路３３３號,(03)4705877,0,2,2020/02/08 03:50:05
5932099285,達仁藥局,桃園市龍潭區北龍路２７０號,(03)4095166,0,2,2020/02/08 03:50:05
5932099383,龍星藥局,桃園市龍潭區中正路二八四號二樓,(03)4707390,10,0,2020/02/08 03:50:05
5932099436,康熙藥局,桃園市龍潭區中正路１２８號,(03)4801508,0,2,2020/02/08 03:50:05
5932099516,１Ｏ１藥師聯合藥局,桃園市龍潭區中正路４４號,(03)4708593,6,0,2020/02/08 03:50:05
5932099614,新龍藥局,桃園市龍潭區龍星里東龍路１７５號２樓,(03)4093719,0,16,2020/02/08 03:50:05
5932099678,龍華藥局,桃園市龍潭區東龍路１６９號,(03)4701489,0,4,2020/02/08 03:50:05
5932099687,承融藥局,桃園市龍潭區中興里中興路２８２號,(03)4095543,2,0,2020/02/08 03:50:05
5932099847,龍青藥局,桃園市龍潭區龍青路７２號,(03)4890211,0,4,2020/02/08 03:50:05
5932099856,佳欣社區藥局,桃園市龍潭區中正路２６２號１樓,(03)4808717,6,2,2020/02/08 03:50:05
5932099874,龍潭北龍藥局,桃園市龍潭區北龍路２７５號,(03)4893123,2,0,2020/02/08 03:50:05
5932100210,富國藥師藥局,桃園市平鎮區中豐路３４５號,(03)4283805,2,2,2020/02/08 03:50:05
5932100354,世新藥局,桃園市平鎮區廣泰路７５之２號,(03)4941234,2,0,2020/02/08 03:50:05
5932100701,壢新藥局,桃園市平鎮區廣泰路１２６號,(03)4950785,0,4,2020/02/08 03:50:05
5932100765,親親大藥局,桃園市平鎮區復旦路二段２１１巷７號,(03)4939368,0,4,2020/02/08 03:50:05
5932100809,愛國藥師藥局,桃園市平鎮區民族路二段１３９號１樓,(03)4014747,0,4,2020/02/08 03:50:05
5932100881,文化藥局,桃園市平鎮區文化街９２號１樓,(03)4951356,4,0,2020/02/08 03:50:05
5932100916,唯康藥局,桃園市平鎮區中豐路南勢二段１４４號,(03)4396011,2,0,2020/02/08 03:50:05
5932100952,家樂藥局,桃園市平鎮區中豐路山頂段２７號１樓,(03)4191137,0,4,2020/02/08 03:50:05
5932101002,南勢藥局,桃園市平鎮區中豐路南勢二段１０８號,(03)4395663,0,2,2020/02/08 03:50:05
5932101011,天晴藥局,桃園市平鎮區和平路１２５號３樓,(03)4596503,0,10,2020/02/08 03:50:05
5932101039,平鎮中豐藥局,桃園市平鎮區中豐路山頂段１６４號,(03)4690939,6,0,2020/02/08 03:50:05
5932101057,大天藥局,桃園市平鎮區金陵路二段６號,(03)4570818,0,4,2020/02/08 03:50:05
5932101066,日安藥局,桃園市平鎮區復興街１０８號,(03)4916178,0,4,2020/02/08 03:50:05
5932101075,杏一平鎮環南藥局,桃園市平鎮區環南路２號,(03)4951758,2,0,2020/02/08 03:50:05
5932101100,延平藥局,桃園市平鎮區延平路二段１３６號１樓,(03)4020757,0,4,2020/02/08 03:50:05
5932108378,信泰藥局,桃園市平鎮區南豐路３３號,(03)4695253,0,8,2020/02/08 03:50:05
5932108430,建德藥局,桃園市平鎮區北勢里金陵路１０３號,(03)4686662,2,0,2020/02/08 03:50:05
5932109857,鼎祥藥局,桃園市平鎮區關爺北路四二號,(03)4679124,0,2,2020/02/08 03:50:05
5932111160,謝氏藥局,桃園市新屋區新屋里中華路２９０號,(03)4779233,0,4,2020/02/08 03:50:05
5932111240,新屋藥局,桃園市新屋區中華路２９４號,(03)4971008,0,4,2020/02/08 03:50:05
5932120016,吉利藥師藥局,桃園市觀音區富源里新富路１７０５號,(03)4901701,8,0,2020/02/08 03:50:05
5932120098,金永生藥局,桃園市觀音區觀音里甘泉街７號,(03)4732072,4,2,2020/02/08 03:50:05
5932120105,新惠安藥局,桃園市觀音區崙坪里忠愛路一段３３號,(03)4981650,4,2,2020/02/08 03:50:05
5932123008,立明藥局,桃園市觀音區草漯里大觀路二段３３－１號１樓,(03)4838292,4,2,2020/02/08 03:50:05
5932124087,國際藥局,桃園市觀音區草漯里新生路1547號,(03)4834475,214,54,2020/02/08 03:50:05
5932124185,德洋藥局,桃園市觀音區中山路二段九三九號,(03)4980527,4,0,2020/02/08 03:50:05
5932124265,弘宗藥局,桃園市觀音區中山路１５號,(03)4735659,0,2,2020/02/08 03:50:05
5932124345,甘泉藥局,桃園市觀音區中正路２４２號,(03)4738659,2,10,2020/02/08 03:50:05
5932124354,健康藥局,桃園市觀音區新坡里中山路二段６２５號１樓,(03)4989952,8,0,2020/02/08 03:50:05
5932124372,福星藥局,桃園市觀音區大觀路二段２１３號１樓,(03)4389138,2,0,2020/02/08 03:50:05
5932130049,德怡藥局,桃園市復興區澤仁里忠孝路３４號,(03)3821686,0,24,2020/02/08 03:50:05
5933010064,明德藥局,新竹縣關西鎮中山路１８號,(03)5874335,118,42,2020/02/08 03:50:05
5933010082,仁泰藥局,新竹縣關西鎮石光里６鄰２６８號,(03)5868391,0,2,2020/02/08 03:50:05
5933010091,進安藥局,新竹縣關西鎮正義路１５號,(03)5872153,1,19,2020/02/08 03:50:05
5933010144,佳仁藥局,新竹縣關西鎮中興路１２號,(035)872298,0,6,2020/02/08 03:50:05
5933011196,高平堂藥局,新竹縣關西鎮正義路66號,(03)5872263,0,6,2020/02/08 03:50:05
5933011230,仁禾藥局,新竹縣關西鎮正義路34號,(03)5171368,0,5,2020/02/08 03:50:05
5933020104,廣和藥局,新竹縣新埔鎮中正路２９２號,(035)885959,1,1,2020/02/08 03:50:05
5933021236,康立藥局新埔店,新竹縣新埔鎮中正路３８１號,(03)5896129,1,0,2020/02/08 03:50:05
5933030066,鄧藥局,新竹縣竹東鎮榮樂里大同路４３號,(03)5952908,0,6,2020/02/08 03:50:05
5933030146,榮信藥局,新竹縣竹東鎮忠孝里長春路三段４３號,(035)963549,2,0,2020/02/08 03:50:05
5933031554,鴻達藥局,新竹縣竹東鎮中興路三段１７４號,(03)5835237,0,1,2020/02/08 03:50:05
5933031698,好好藥局,新竹縣竹東鎮中興路三段２７６號,(03)5830678,0,12,2020/02/08 03:50:05
5933031714,健康人生藥局,新竹縣竹東鎮中興路四段１９５號５２館Ｂ１１６室,(03)5910472,0,1,2020/02/08 03:50:05
5933031723,日榮堂藥局,新竹縣竹東鎮長春路一段２８１號,(03)5962335,6,0,2020/02/08 03:50:05
5933031750,仁愛藥局,新竹縣竹東鎮商華街３３號,(03)5953458,2,0,2020/02/08 03:50:05
5933031769,竹東朝陽藥局,新竹縣竹東鎮朝陽路１號１、２樓,(03)5111166,2,0,2020/02/08 03:50:05
5933031778,樂安藥師藥局,新竹縣竹東鎮東林路８９號,(03)5101941,2,3,2020/02/08 03:50:05
5933031803,鑫美藥局,新竹縣竹東鎮長春路三段１９７號三樓,(03)5969615,8,3,2020/02/08 03:50:05
5933050102,健新藥局,新竹縣竹北市中正西路２７１號,(03)5527300,0,4,2020/02/08 03:50:05
5933050111,六久藥局,新竹縣竹北市新社里華興街１４８號,(035)557485,0,2,2020/02/08 03:50:05
5933050424,健安藥局,新竹縣竹北市中山路４５８號,(03)5536591,0,1,2020/02/08 03:50:05
5933051458,北一藥師藥局,新竹縣竹北市中正東路２１０號,(03)5539160,2,0,2020/02/08 03:50:05
5933051627,吉新藥局,新竹縣竹北市中華路３５４號,(03)5512953,0,4,2020/02/08 03:50:05
5933051672,博士藥局,新竹縣竹北市縣政九路１６８號１樓,(035)516243,1,1,2020/02/08 03:50:05
5933052053,真善美藥局,新竹縣竹北市勝利五路１７６號,(03)6589478,2,0,2020/02/08 03:50:05
5933052133,波士頓藥局,新竹縣竹北市民權街６７號,(03)6560060,1,1,2020/02/08 03:50:05
5933052286,健元藥局,新竹縣竹北市中正東路265號,(03)5529891,0,5,2020/02/08 03:50:05
5933052393,立康藥局,新竹縣竹北市華興街２２０號,(03)5527730,1,0,2020/02/08 03:50:05
5933052517,振元藥師藥局,新竹縣竹北市自強南路２０１號,(03)6587052,0,2,2020/02/08 03:50:05
5933052535,嘉岳藥局,新竹縣竹北市勝利三街３８號,(03)6585707,5,0,2020/02/08 03:50:05
5933052704,信安藥局,新竹縣竹北市三民路２４８號,(03)5557960,0,2,2020/02/08 03:50:05
5933052777,竹仁藥師藥局,新竹縣竹北市仁和街６號１樓,(03)5528947,0,3,2020/02/08 03:50:05
5933052811,仁康藥局,新竹縣竹北市縣政九路１７６號２樓,(03)5518777,0,3,2020/02/08 03:50:05
5933052866,晶華藥局,新竹縣竹北市莊敬南路１１０號１樓,(03)5502107,4,0,2020/02/08 03:50:05
5933052875,健樹藥局,新竹縣竹北市莊敬三路３９號１樓,(03)5505262,0,1,2020/02/08 03:50:05
5933052955,仁里藥局,新竹縣竹北市勝利二路１２５號,(03)6673878,0,4,2020/02/08 03:50:05
5933052973,芳鄰藥局,新竹縣竹北市三民路２６１號之１號,(03)6213887,0,2,2020/02/08 03:50:05
5933053023,禾坊藥局,新竹縣竹北市科大一路８５號,(03)5588797,0,4,2020/02/08 03:50:05
5933053041,中一藥局,新竹縣竹北市文興路一段２４２號１樓,(03)6670827,2,0,2020/02/08 03:50:05
5933053103,仁暉藥局,新竹縣竹北市北崙里博愛街２０２號,(03)5528118,0,2,2020/02/08 03:50:05
5933053121,合康藥局竹北,新竹縣竹北市博愛街３３５號,(03)5552288,6,0,2020/02/08 03:50:05
5933053130,日安藥局,新竹縣竹北市自強南路１７７號,(03)6682057,0,3,2020/02/08 03:50:05
5933053158,竹北啄木鳥藥局,新竹縣竹北市博愛街１８３號,(03)5539420,6,0,2020/02/08 03:50:05
5933053167,育禾藥局,新竹縣竹北市莊敬南路１８６號,(03)6683255,0,2,2020/02/08 03:50:05
5933053185,新瓦屋藥局,新竹縣竹北市文興路一段１５０號１樓,(03)6585996,3,0,2020/02/08 03:50:05
5933053194,仁信藥局,新竹縣竹北市嘉豐南路二段５１號,(03)6676218,1,3,2020/02/08 03:50:05
5933053229,合康連鎖藥局竹北二店,新竹縣竹北市福興東路一段３７３號,(03)6583777,4,0,2020/02/08 03:50:05
5933053247,竹北光明藥局,新竹縣竹北市光明一路１３７號,(03)5584545,0,2,2020/02/08 03:50:05
5933061249,家康藥局,新竹縣湖口鄉中央路２８號二樓,(03)5903226,0,4,2020/02/08 03:50:05
5933061543,中興藥局,新竹縣湖口鄉中興村中興２巷１８號,(03)6960881,14,6,2020/02/08 03:50:05
5933061552,信福藥局,新竹縣湖口鄉民權街３３號,(03)5903618,0,1,2020/02/08 03:50:05
5933061632,宏安藥局,新竹縣湖口鄉中山路二段１１０號,(035)996335,0,1,2020/02/08 03:50:05
5933061650,勝利大藥局,新竹縣湖口鄉勝利村漢陽路１號,(03)5987520,0,2,2020/02/08 03:50:05
5933061703,合康藥局湖口,新竹縣湖口鄉民族街１２６號,(03)6992365,10,0,2020/02/08 03:50:05
5933061712,湖山藥局,新竹縣湖口鄉中山路二段１２７號,(03)5904999,2,6,2020/02/08 03:50:05
5933081429,惠生藥局,新竹縣新豐鄉學府路113號,(03)5597110,4,0,2020/02/08 03:50:05
5933081447,彰懷藥局,新竹縣新豐鄉新興路75號1樓,(03)5572995,1,1,2020/02/08 03:50:05
5933081474,立人藥局,新竹縣新豐鄉建興路一段５７號,(03)5578217,0,1,2020/02/08 03:50:05
5933081518,新揚藥局,新竹縣新豐鄉新興路２４３號,(03)5574342,0,2,2020/02/08 03:50:05
5933081536,昌昌藥局,新竹縣新豐鄉新市路１９３號,(03)5598077,2,0,2020/02/08 03:50:05
5933081545,立果藥師藥局,新竹縣新豐鄉新興路５６－１號,(03)5575023,1,0,2020/02/08 03:50:05
5933081563,仁川藥局,新竹縣新豐鄉建興路二段７４７號,(03)5599838,6,2,2020/02/08 03:50:05
5933091112,暘光藥局,新竹縣芎林鄉文山路385號,(03)5121001,2,0,2020/02/08 03:50:05
5933111119,埔元藥局,新竹縣北埔鄉中山路１１４號,(03)5802568,2,2,2020/02/08 03:50:05
5933130529,家佳福藥局,新竹縣尖石鄉嘉樂村2鄰麥樹仁59號,(03)5842808,7,0,2020/02/08 03:50:05
5934010068,志成藥局,宜蘭縣宜蘭市東港路２段４５２號,(03)9385769,5,0,2020/02/08 03:50:05
5934010077,華大藥局,宜蘭縣宜蘭市新民路６４號,(03)9356412,6,0,2020/02/08 03:50:05
5934010200,康禾藥局,宜蘭縣宜蘭市泰山路１５０號,(03)9361977,4,0,2020/02/08 03:50:05
5934010282,厚生藥局,宜蘭縣宜蘭市復興路２２號,(03)9322166,2,0,2020/02/08 03:50:05
5934011403,中興藥局,宜蘭縣宜蘭市中山路３段２０９號,(03)9369769,0,2,2020/02/08 03:50:05
5934011510,李藥局,宜蘭縣宜蘭市中山路２段２１１號,(03)9362234,6,6,2020/02/08 03:50:05
5934011529,宜生藥局,宜蘭縣宜蘭市新民路１１１號,(03)9327893,0,8,2020/02/08 03:50:05
5934011538,宜和藥局,宜蘭縣宜蘭市光復路３６號１樓,(03)9332451,0,4,2020/02/08 03:50:05
5934011565,微風藥師藥局,宜蘭縣宜蘭市神農路２段４６號,(03)9362880,0,1,2020/02/08 03:50:05
5934011725,如康藥局,宜蘭縣宜蘭市中山路２段２２３號１樓,(03)9358647,0,66,2020/02/08 03:50:05
5934011770,日興健保藥局,宜蘭縣宜蘭市舊城西路７７號,(03)9367777,7,26,2020/02/08 03:50:05
5934011850,健康家藥局,宜蘭縣宜蘭市東港路２段４２８號,(03)9371516,4,0,2020/02/08 03:50:05
5934011887,吉祥大藥局,宜蘭縣宜蘭市中山路２段３１１號１樓,(03)9327811,0,30,2020/02/08 03:50:05
5934011958,栢心藥局,宜蘭縣宜蘭市宜興路１段１１１號,(03)9357277,0,30,2020/02/08 03:50:05
5934012008,欣悅藥局,宜蘭縣宜蘭市中山路２段３０３號,(03)9321002,1,0,2020/02/08 03:50:05
5934012017,大榮藥師藥局,宜蘭縣宜蘭市校舍路２３號,(03)9387928,0,8,2020/02/08 03:50:05
5934012026,博安藥局,宜蘭縣宜蘭市民族路４１８號,(03)9320866,1,0,2020/02/08 03:50:05
5934012115,健生藥局,宜蘭縣宜蘭市康樂路５６號,(03)9357387,0,22,2020/02/08 03:50:05
5934012133,仁俊藥局,宜蘭縣宜蘭市神農路１段８７之１號,(03)9327778,5,0,2020/02/08 03:50:05
5934012160,慈幼藥局,宜蘭縣宜蘭市中山路２段３６０號１樓,(03)9321238,12,0,2020/02/08 03:50:05
5934012179,宜蘭和睦藥局,宜蘭縣宜蘭市大新里和睦路４７號１、２樓,(03)9313622,0,6,2020/02/08 03:50:05
5934012197,佳音藥局,宜蘭縣宜蘭市中山路２段５９號１樓,(03)9362869,0,4,2020/02/08 03:50:05
5934012222,康泰藥局,宜蘭縣宜蘭市聖後街１７７號,(03)9358715,4,38,2020/02/08 03:50:05
5934012231,黎明健康藥局,宜蘭縣宜蘭市光復路３０號２樓,(03)9312301,1,46,2020/02/08 03:50:05
5934012259,光得藥局,宜蘭縣宜蘭市中山路３段２２５號,(03)9356584,14,0,2020/02/08 03:50:05
5934012286,健康藥局,宜蘭縣宜蘭市光復路１４９號１樓、２樓,(03)9315088,4,0,2020/02/08 03:50:05
5934012295,神農養生藥局,宜蘭縣宜蘭市神農路１段９１號１樓,(03)9327089,5,0,2020/02/08 03:50:05
5934012339,禮仁藥局,宜蘭縣宜蘭市中山路５段３１號,(03)9288884,10,20,2020/02/08 03:50:05
5934012348,聖心藥局,宜蘭縣宜蘭市復興路３１號,(03)9357099,2,0,2020/02/08 03:50:05
5934012375,宜蘭啄木鳥藥局,宜蘭縣宜蘭市新生里中山路５段１７６號,(03)9289387,0,2,2020/02/08 03:50:05
5934020073,長生藥局,宜蘭縣羅東鎮復興路１段１號,(03)9553222,0,18,2020/02/08 03:50:05
5934021374,博雅藥師藥局,宜蘭縣羅東鎮維揚路２８號,(03)9519007,0,1,2020/02/08 03:50:05
5934021383,東安藥局,宜蘭縣羅東鎮光榮路４８７號,(03)9532277,0,2,2020/02/08 03:50:05
5934021409,德芳藥局,宜蘭縣羅東鎮公正路２５６號,(03)9557166,0,1,2020/02/08 03:50:05
5934021516,興東藥局,宜蘭縣羅東鎮興東路１號１樓,(03)9569621,4,0,2020/02/08 03:50:05
5934021534,佳和藥局,宜蘭縣羅東鎮興東路１２０號２樓,(03)9577734,0,64,2020/02/08 03:50:05
5934021543,宏恩藥局,宜蘭縣羅東鎮和平路１３０－２號,(03)9569906,2,0,2020/02/08 03:50:05
5934021552,慈濟大藥局,宜蘭縣羅東鎮公正路２７４之１號,(03)9551803,0,4,2020/02/08 03:50:05
5934021598,康馥藥局,宜蘭縣羅東鎮民生東路６６號２樓,(03)9573128,8,0,2020/02/08 03:50:05
5934021641,同興藥局,宜蘭縣羅東鎮林場路１３號１樓,(03)9565585,0,20,2020/02/08 03:50:05
5934021776,一生藥師藥局,宜蘭縣羅東鎮中正南路１２７號,(03)9542620,0,5,2020/02/08 03:50:05
5934021794,倉前藥局,宜蘭縣羅東鎮公正里倉前路５７號１樓,(03)9571336,0,28,2020/02/08 03:50:05
5934021847,集祥藥局,宜蘭縣羅東鎮天津路２－４號,(03)9577231,0,16,2020/02/08 03:50:05
5934021927,元氣藥局,宜蘭縣羅東鎮中正南路１９７之２號,(03)9541075,0,24,2020/02/08 03:50:05
5934021954,家安藥局,宜蘭縣羅東鎮中正北路１７號,(03)9550295,0,6,2020/02/08 03:50:05
5934021963,羅東啄木鳥藥局,宜蘭縣羅東鎮中山路２段３０３號,(03)9604670,2,0,2020/02/08 03:50:05
5934022022,光澤醫美藥局,宜蘭縣羅東鎮興東路９９之１號,(03)9566961,4,0,2020/02/08 03:50:05
5934022040,羅東藥局,宜蘭縣羅東鎮興東路２２８號１樓,(03)9574436,2,32,2020/02/08 03:50:05
5934022068,宜寧藥局,宜蘭縣羅東鎮公正路９８號１樓,(03)9555051,6,54,2020/02/08 03:50:05
5934030015,南陽藥局,宜蘭縣蘇澳鎮中山路１段１２０號,(03)9965076,7,10,2020/02/08 03:50:05
5934030051,正蘇西西藥局,宜蘭縣蘇澳鎮中山路一段４７號,(03)9965380,8,0,2020/02/08 03:50:05
5934031101,順慧藥局,宜蘭縣蘇澳鎮華中街５號,(03)9969748,3,46,2020/02/08 03:50:05
5934031110,宜家藥師藥局,宜蘭縣蘇澳鎮中山路１段１１６號,(03)9955727,7,0,2020/02/08 03:50:05
5934031165,宏一藥局,宜蘭縣蘇澳鎮中山路１段２９號,(03)9962125,1,0,2020/02/08 03:50:05
5934031209,仁人健保藥局,宜蘭縣蘇澳鎮蘇港路３６５號,(03)9971168,5,0,2020/02/08 03:50:05
5934041143,群英藥局,宜蘭縣頭城鎮開蘭路４７號,(03)9780500,2,0,2020/02/08 03:50:05
5934041198,頭城健保藥局,宜蘭縣頭城鎮吉祥路８０號,(03)9777794,0,42,2020/02/08 03:50:05
5934051149,和風藥局,宜蘭縣礁溪鄉中山路１段６９號,(03)9883511,0,2,2020/02/08 03:50:05
5934051167,岩峰藥局,宜蘭縣礁溪鄉中山路２段２１號２樓,(03)9887542,4,0,2020/02/08 03:50:05
5934051265,恩好藥局,宜蘭縣礁溪鄉中山路１段９５號,(03)9889256,3,0,2020/02/08 03:50:05
5934061047,壯圍藥局,宜蘭縣壯圍鄉吉祥村壯五路２７９號,(03)9388948,0,2,2020/02/08 03:50:05
5934070037,上新藥局,宜蘭縣員山鄉員山路１段２９６號,(03)9220086,2,0,2020/02/08 03:50:05
5934071034,信毅藥師藥局,宜蘭縣員山鄉員山路１段１８２號,(03)9230815,0,2,2020/02/08 03:50:05
5934081058,華康藥局,宜蘭縣冬山鄉冬山路５段２０２號１樓,(03)9532942,0,1,2020/02/08 03:50:05
5934081067,威仁藥局,宜蘭縣冬山鄉冬山路２１９號,(03)9595351,217,40,2020/02/08 03:50:05
5934081156,樂心藥局,宜蘭縣冬山鄉義成路３段５０２號,(03)9585950,0,24,2020/02/08 03:50:05
5934091081,五結健保藥局,宜蘭縣五結鄉五結路二段４３７號,(03)9503200,2,2,2020/02/08 03:50:05
5934091125,安心藥局,宜蘭縣五結鄉禮運路３８－１號,(03)9551670,0,60,2020/02/08 03:50:05
5934100030,三星健保藥局,宜蘭縣三星鄉三星路５段５１號,(03)9895816,2,1,2020/02/08 03:50:05
5935010017,永佳藥局,苗栗縣苗栗市玉苗里光復路１５６號,(037)331860,16,8,2020/02/08 03:50:05
5935010044,贈光藥局,苗栗縣苗栗市清華里為公路１３３號之１,(037)266786,0,2,2020/02/08 03:50:05
5935010222,正欣藥局,苗栗縣苗栗市清華里褔星街６０號,(037)264502,2,0,2020/02/08 03:50:05
5935010259,德鑫藥局,苗栗縣苗栗市清華里為公路３４８號,(037)261698,4,0,2020/02/08 03:50:05
5935011523,天恩藥局,苗栗縣苗栗市中正路49號,(037)277285,0,2,2020/02/08 03:50:05
5935011550,啟人藥局,苗栗縣苗栗市中正路６１５號,(037)361881,0,2,2020/02/08 03:50:05
5935011621,佳美藥局,苗栗縣苗栗市中山路４９３號,(037)373366,0,2,2020/02/08 03:50:05
5935011710,維新藥局,苗栗縣苗栗市中正路632號1樓,(037)320698,0,14,2020/02/08 03:50:05
5935011916,吉利康藥局,苗栗縣苗栗市中正路340號,(037)370529,2,0,2020/02/08 03:50:05
5935011952,千百岳大藥局,苗栗縣苗栗市上苗里中山路70號,(037)271335,2,2,2020/02/08 03:50:05
5935011998,康安新美藥局,苗栗縣苗栗市中正路739號1樓,(037)373089,0,26,2020/02/08 03:50:05
5935012146,聯合藥師藥局,苗栗縣苗栗市社寮街１４５號,(037)264425,0,4,2020/02/08 03:50:05
5935012253,正忠藥師藥局,苗栗縣苗栗市中正路６０２號,(037)369359,0,2,2020/02/08 03:50:05
5935012315,良品藥局,苗栗縣苗栗市中正路４６８號,(037)366837,0,4,2020/02/08 03:50:05
5935012324,上林藥局,苗栗縣苗栗市建功里２４鄰府前路９１號,(037)320685,2,0,2020/02/08 03:50:05
5935012351,錦岳大藥局,苗栗縣苗栗市民族路１４０號１樓,(037)353046,6,0,2020/02/08 03:50:05
5935020077,源益藥局,苗栗縣苑裡鎮社苓里８４之５號,(037)742533,0,2,2020/02/08 03:50:05
5935020111,大眾藥局,苗栗縣苑裡鎮山腳里１０鄰２４８號,(037)741587,0,10,2020/02/08 03:50:05
5935021261,永信藥師藥局,苗栗縣苑裡鎮新生路３５號,(037)857069,6,0,2020/02/08 03:50:05
5935021270,全家藥局,苗栗縣苑裡鎮信義路２３之１號１樓,(037)861997,0,4,2020/02/08 03:50:05
5935030108,吉泰藥局,苗栗縣通霄鎮通西里和平路29號,(037)758595,8,0,2020/02/08 03:50:05
5935030171,立安藥局,苗栗縣通霄鎮信義路１０７號,(037)760100,4,0,2020/02/08 03:50:05
5935040257,和安藥局,苗栗縣竹南鎮竹南里博愛街１５號,(037)472332,84,78,2020/02/08 03:50:05
5935040266,鴻仁大藥局,苗栗縣竹南鎮竹南里博愛街１８１號,(037)462396,2,0,2020/02/08 03:50:05
5935040408,光復藥局,苗栗縣竹南鎮光復路２１６號,(037)476286,1,0,2020/02/08 03:50:05
5935041450,昇暉藥局,苗栗縣竹南鎮民治街１８號,(037)464347,4,0,2020/02/08 03:50:05
5935041567,京典藥局,苗栗縣竹南鎮博愛街300-2號,(037)550661,0,4,2020/02/08 03:50:05
5935041610,林新藥局,苗栗縣竹南鎮博愛街１２４號,(037)471556,14,0,2020/02/08 03:50:05
5935041629,悅昌藥局,苗栗縣竹南鎮中正路２８號一樓,(037)477195,10,0,2020/02/08 03:50:05
5935041745,瑞士藥師藥局,苗栗縣竹南鎮和平街59號,(037)552708,4,0,2020/02/08 03:50:05
5935041790,慈濟藥局,苗栗縣竹南鎮正南里光復路29號,(037)474849,4,0,2020/02/08 03:50:05
5935041905,米樂中西健保藥局,苗栗縣竹南鎮大營路２０７號,(037)552116,4,0,2020/02/08 03:50:05
5935041914,合康連鎖藥局,苗栗縣竹南鎮博愛街２７０號,(037)474987,2,0,2020/02/08 03:50:05
5935041987,杏一竹南中正藥局,苗栗縣竹南鎮中正路２５７號１樓,(037)480602,0,2,2020/02/08 03:50:05
5935042046,永安藥局,苗栗縣竹南鎮照南里立達街３號,(037)469333,12,0,2020/02/08 03:50:05
5935050164,辰安藥局,苗栗縣頭份市尖豐路３２號,(037)633632,0,4,2020/02/08 03:50:05
5935050182,民昌藥局,苗栗縣頭份鎮忠孝里信東路１３０號,(037)673 232,2,0,2020/02/08 03:50:05
5935050253,泉興藥局,苗栗縣頭份市仁愛里民族路２８號,(037)664367,0,2,2020/02/08 03:50:05
5935050280,李藥局,苗栗縣頭份市珊湖里中正三路２１８號,(037)601248,0,6,2020/02/08 03:50:05
5935050306,康利藥局,苗栗縣頭份市忠孝里仁愛路８６號,(037)666101,0,4,2020/02/08 03:50:05
5935051545,富優藥局,苗栗縣頭份市中華路９３０號,(037)681635,2,0,2020/02/08 03:50:05
5935051689,怡安藥局,苗栗縣頭份市自強路１０３號,(037)592093,4,0,2020/02/08 03:50:05
5935051849,懷生中西藥局,苗栗縣頭份市中正路１９號,(037)672357,2,0,2020/02/08 03:50:05
5935051858,樂田藥妝藥局,苗栗縣頭份市信東路１３５號,(037)598995,2,0,2020/02/08 03:50:05
5935051929,仁方藥局,苗栗縣頭份市自強路１５０巷２－５號１樓,(037)687238,200,54,2020/02/08 03:50:05
5935061425,懷信中西藥局,苗栗縣後龍鎮中山路１０３號,(037)724618,4,0,2020/02/08 03:50:05
5935061434,千江大藥局,苗栗縣後龍鎮忠孝路５９號,(037)037728208,2,2,2020/02/08 03:50:05
5935061443,後龍藥局,苗栗縣後龍鎮中山路２０９號１，２樓,(037)723660,0,2,2020/02/08 03:50:05
5935070022,林大藥局,苗栗縣卓蘭鎮新榮里中正路３２號,(04)25891630,2,0,2020/02/08 03:50:05
5935071216,萊恩藥局,苗栗縣卓蘭鎮上新里上新7之1號,(04)25899369,0,6,2020/02/08 03:50:05
5935071243,卓蘭千百岳大藥局,苗栗縣卓蘭鎮中山路８２號,(04)25895473,6,0,2020/02/08 03:50:05
5935080055,臺健中西藥局,苗栗縣大湖鄉中正路１９號,(037)990638,4,0,2020/02/08 03:50:05
5935081123,景元藥局,苗栗縣大湖鄉中正路９７號,(037)996465,0,2,2020/02/08 03:50:05
5935090015,永信藥局,苗栗縣公館鄉館中村榮光街１６號,(037)223597,0,4,2020/02/08 03:50:05
5935091156,信安藥局,苗栗縣公館鄉大同路７８號,(037)237849,4,0,2020/02/08 03:50:05
5935091263,懷慶中西藥局,苗栗縣公館鄉近光路９４號,(037)239234,0,2,2020/02/08 03:50:05
5935101086,家嘉藥局,苗栗縣銅鑼鄉中正路128號,(037)986388,2,0,2020/02/08 03:50:05
5935131075,安康藥局,苗栗縣三義鄉廣盛中正路114號,(037)875958,0,1,2020/02/08 03:50:05
5935141044,一心藥局,苗栗縣西湖鄉三湖村店仔街４２號,(037)920868,0,23,2020/02/08 03:50:05
5936010057,慈安藥局,台中市豐原區西湳里豐北街４０３號,(04)25236680,6,2,2020/02/08 03:50:05
5936010146,信惠藥局,台中市豐原區豐田里田心路二段２２５號,(04)25263861,0,2,2020/02/08 03:50:05
5936010324,天一藥局,台中市豐原區南陽里南陽路２７５號,(04)25232965,0,10,2020/02/08 03:50:05
5936010379,瑞輝藥局,台中市豐原區西勢里西安街５６號,(04)25262821,199,47,2020/02/08 03:50:05
5936010628,協安大藥局,台中市豐原區府前街６３號,(04)25201599,0,4,2020/02/08 03:50:05
5936012177,橘井藥局,台中市豐原區中正路４２３號,(04)25285948,4,0,2020/02/08 03:50:05
5936012275,瑞康藥局,臺中市豐原區中正路２７４號,(04)25287368,200,50,2020/02/08 03:50:05
5936012515,中正藥局,台中市豐原區中正路１８６號,(04)25298379,0,8,2020/02/08 03:50:05
5936012551,豐原福倫藥局,台中市豐原區中正路２９６號,(04)25276618,0,32,2020/02/08 03:50:05
5936012659,信安藥局,臺中市豐原區三豐路二段３７號,(04)25248736,0,2,2020/02/08 03:50:05
5936020053,生生藥局,台中市東勢區延平里豊勢路２８２號,(04)25875187,4,2,2020/02/08 03:50:05
5936020142,新明通藥局,台中市東勢區延平里豐勢路２３２號,(04)25873969,2,0,2020/02/08 03:50:05
5936021327,千百岳大藥局,臺中市東勢區豐勢路８５號１樓,(04)25887639,0,2,2020/02/08 03:50:05
5936021363,小太陽藥局,臺中市東勢區豐勢路４１２之１、４１６號１樓,(04)25773481,6,0,2020/02/08 03:50:05
5936030077,健聖藥局,台中市大甲區孟春里通天路２２７號,(04)26813292,4,0,2020/02/08 03:50:05
5936031707,大甲福倫藥局,台中市大甲區蔣公路２０２號,(04)26765518,0,4,2020/02/08 03:50:05
5936040117,中央藥局,台中市清水區鎮北街５６號,(04)26222176,200,49,2020/02/08 03:50:05
5936050060,大原藥局,台中市沙鹿區洛泉里四平街１４２號,(04)26626572,0,1,2020/02/08 03:50:05
5936051432,日新藥局,台中市沙鹿區日新街１１７號,(04)26633100,3,0,2020/02/08 03:50:05
5936051450,慈愛藥師藥局,台中市沙鹿區大同街３６－４號１樓,(04)26623360,198,48,2020/02/08 03:50:05
5936051478,佑安藥局,台中市沙鹿區中山路３４６號,(04)26632798,2,0,2020/02/08 03:50:05
5936060164,中港藥局,臺中市梧棲區臺灣大道八段７６６號,(04)26565360,8,0,2020/02/08 03:50:05
5936061269,友達藥局,台中市梧棲區中央路１段８５９號,(04)26567871,6,0,2020/02/08 03:50:05
5936070053,則安藥局,臺中市后里區三豐路四段１８號,(04)25562835,6,6,2020/02/08 03:50:05
5936070124,福美藥局,台中市后里區墩北村四村路１０３號,(04)25562058,4,0,2020/02/08 03:50:05
5936071185,后里東亞大藥局,台中市后里區民生路１２３號,(04)25570225,6,0,2020/02/08 03:50:05
5936090037,皇杰藥局,台中市潭子區潭興路２段４２９號,(04)25367109,0,2,2020/02/08 03:50:05
5936090082,壽安藥局,台中市潭子區東寶里雅潭路２段２５４號,(04)25336328,1,0,2020/02/08 03:50:05
5936090144,宏仁藥局,台中市潭子區潭陽里潭子街２段８號,(04)25367266,0,2,2020/02/08 03:50:05
5936091427,久祥藥局,台中市潭子區中山路二段３８４之７號,(04)25325519,6,14,2020/02/08 03:50:05
5936100047,光田藥局,台中市大雅區橫山里永和路４８號,(04)25663077,4,0,2020/02/08 03:50:05
5936102961,江內藥局,台中市大雅區雅潭路三段５９６號,(04)25652671,0,10,2020/02/08 03:50:05
5936102970,正豐藥局,台中市大雅區民生路２段４號,(04)25678858,4,0,2020/02/08 03:50:05
5936103048,大雅藥局,台中市大雅區雅環路２段２０號,(04)25653456,0,2,2020/02/08 03:50:05
5936110016,景安藥局,台中市新社區新社里中和街４段１９８號,(04)25811486,2,18,2020/02/08 03:50:05
5936111111,政雄藥局,台中市新社區興社街四段七五號,(04)25811087,0,2,2020/02/08 03:50:05
5936150234,建仁藥局,台中市烏日區湖日里中山路二段２９６號,(04)23375612,200,46,2020/02/08 03:50:05
5936150243,萬信藥局,台中市烏日區前竹里中山路１段５號,(04)23372133,3,0,2020/02/08 03:50:05
5936150305,吳藥局,台中市烏日區烏日里中山路二段２２４號,(04)23381148,0,12,2020/02/08 03:50:05
5936150341,原全成藥局,台中市烏日區中山路一段３９７號,(04)23361818,14,6,2020/02/08 03:50:05
5936151393,辰采藥局,台中市烏日區學田路５８８號,(04)23372207,198,48,2020/02/08 03:50:05
5936151419,烏日福倫藥局,台中市烏日區中山路２段１１２號,(04)23360318,8,6,2020/02/08 03:50:05
5936151455,上齊健保藥局,台中市烏日區三民街１５７號,(04)23380876,1,2,2020/02/08 03:50:05
5936160070,彰益藥局,台中市大肚區沙田路三段５６４號,(04)26991255,20,0,2020/02/08 03:50:05
5936171402,上華藥局,台中市龍井區新興路３７號,(04)26320433,0,18,2020/02/08 03:50:05
5936171420,我家健康藥局,台中市龍井區新興路４０之１１號１樓,(04)26317660,6,0,2020/02/08 03:50:05
5936171439,健康生活藥局,台中市龍井區新興路９６之２５號,(04)26523949,2,0,2020/02/08 03:50:05
5936171457,德康藥局,台中市龍井區新興路１３７號,(04)26320137,0,4,2020/02/08 03:50:05
5936180296,浤泰大藥局,臺中市霧峰區中正路８８０號,(04)23328875,0,4,2020/02/08 03:50:05
5936181346,茗生藥局,台中市霧峰區萊園路６－４號１樓,(04)23392277,0,2,2020/02/08 03:50:05
5936190078,愛心藥局,台中市太平區光華里中山路二段４１２–７號,(04)23929396,0,20,2020/02/08 03:50:05
5936190336,仁和藥局,台中市太平區新仁路一段１６０號,(04)22783239,4,0,2020/02/08 03:50:05
5936190505,明芳藥局,台中市太平區光華里大興路１７１號,(04)23921778,3,0,2020/02/08 03:50:05
5936190649,杏原藥局,台中市太平區新坪里樹孝路７７號,(04)23918768,0,12,2020/02/08 03:50:05
5936190676,中美藥師藥局,台中市太平區中山路３段８５號,(04)22778238,9,5,2020/02/08 03:50:05
5936192018,和康藥局,台中市太平區樹孝路４６２號,(04)23917355,0,8,2020/02/08 03:50:05
5936192090,太平東亞藥師藥局,台中市太平區東平路６２２號,(04)23511899,2,6,2020/02/08 03:50:05
5936192134,樹德大藥局,台中市太平區樹德路１０２號１樓,(04)23981782,4,0,2020/02/08 03:50:05
5936192198,德侑健保藥局,台中市太平區中山路４段８６之１號,(04)23959617,0,6,2020/02/08 03:50:05
5936192312,安麗兒藥局太平店,台中市太平區太平路１９０號,(04)22798819,2,0,2020/02/08 03:50:05
5936200032,優美藥師藥局,台中市大里區新仁路３段２２７號,(04)24872277,0,4,2020/02/08 03:50:05
5936200113,日康藥局,台中市大里區中興路２段１１１之１號,(04)24853368,200,84,2020/02/08 03:50:05
5936200293,吉立藥局,台中市大里區金城里塗城路９１７號,(04)24922875,0,28,2020/02/08 03:50:05
5936200453,慈輝藥師藥局,台中市大里區大明路３０６號,(04)24876247,2,0,2020/02/08 03:50:05
5936209287,德芳大藥局,台中市大里區西榮里益民路二段３０４號,(04)24815932,0,2,2020/02/08 03:50:05
5936209349,添貴藥局,台中市大里區西榮里益民路二段１１８號,(04)24819353,6,0,2020/02/08 03:50:05
5936209769,懷安藥局,台中市大里區立新街３６９號,(04)22736808,0,4,2020/02/08 03:50:05
593620A855,三德藥局,台中市大里區瑞城里成功路４１９號,(04)24953856,2,16,2020/02/08 03:50:05
593620A935,成功藥局,台中市大里區塗城路５３０號,(04)24964323,0,2,2020/02/08 03:50:05
593620B012,廣益藥局,台中市大里區中興路２段１６７號,(04)24839630,0,10,2020/02/08 03:50:05
593620B138,聯生中西健保藥局,台中市大里區現岱路１５８巷１１號,(04)24834058,14,0,2020/02/08 03:50:05
593620B307,仁一藥局,臺中市大里區仁化路４９７號,(04)24913610,64,2,2020/02/08 03:50:05
593620B325,福至藥局,台中市大里區成功路３８５號,(04)24929116,0,2,2020/02/08 03:50:05
593620B334,健民藥局,臺中市大里區健民路８３－８號,(04)24927748,6,0,2020/02/08 03:50:05
5936211054,和平藥局,台中市和平區東關路３段１５１之１１號,(04)25941386,338,130,2020/02/08 03:50:05
5936211063,八醫健保藥局和平店,台中市和平區東關路３段１３５號,(04)25941037,196,50,2020/02/08 03:50:05
5937010159,彰化明德藥局,彰化巿興北里三民路２０９號,(04)7299085,0,2,2020/02/08 03:50:05
5937010202,世和生西藥局,彰化縣彰化市一心東街４６號,(04)7384277,0,2,2020/02/08 03:50:05
5937010220,國光藥局,彰化縣彰化市阿夷里泰和路二段４１１號,(04)7286161,6,0,2020/02/08 03:50:05
5937010293,明功藥局,彰化巿中央里長安街１５５號,(04)7222362,0,38,2020/02/08 03:50:05
5937010462,杏全藥局,彰化縣彰化市忠權里彰美路一段１８５號,(04)7240547,6,0,2020/02/08 03:50:05
5937010480,全安堂藥局,彰化縣彰化市中華西路１０３號,(04)7622731,20,58,2020/02/08 03:50:05
5937010533,范藥局,彰化縣彰化市東興里公園路１段２９２號,(04)7271540,0,2,2020/02/08 03:50:05
5937010551,長裕藥局,彰化縣彰化市中央里太平街１８０、１８２號,(04)7221299,0,40,2020/02/08 03:50:05
5937010613,榮源藥局,彰化縣彰化市忠權里辭修路１２８巷９號,(04)7229432,0,10,2020/02/08 03:50:05
5937010668,祥全藥局,彰化縣彰化市永安街４４號,(04)7223078,0,22,2020/02/08 03:50:05
5937010775,全生藥局,彰化縣彰化市光復里和平路８８號,(04)7222086,2,20,2020/02/08 03:50:05
5937010819,日榮堂藥局,彰化縣彰化市光華里和平路５０號,(04)7222396,0,2,2020/02/08 03:50:05
5937010917,尚豪藥局,彰化縣彰化市大埔路６９５號,(04)7113332,0,2,2020/02/08 03:50:05
5937012126,彰化福倫藥局,彰化縣彰化市中正路２段２２４號,(04)7233018,0,10,2020/02/08 03:50:05
5937012555,兆仁藥局,彰化縣彰化市民族路４２６號,(04)7278558,0,34,2020/02/08 03:50:05
5937012582,正光藥局中正店,彰化縣彰化市中正路１段２５３號,(04)7235068,0,4,2020/02/08 03:50:05
5937012850,平安藥局,彰化縣彰化市信義里長發街７號１樓,(04)7269122,0,56,2020/02/08 03:50:05
5937013052,尚豪藥師藥局旭光店,彰化縣彰化市華北里旭光路１７６號,(04)7280320,0,4,2020/02/08 03:50:05
5937013169,中央啄木鳥藥局,彰化縣彰化市崙平里中央路２０６號,(04)7639581,4,0,2020/02/08 03:50:05
5937013285,大仁藥局,彰化縣彰化市忠孝里辭修路８０號１樓,(04)7282678,4,0,2020/02/08 03:50:05
5937013310,彰化必安藥局,彰化縣彰化市莿桐里彰水路１４９號,(04)7619127,0,2,2020/02/08 03:50:05
5937013383,大心藥局,彰化縣彰化市中央里民族路５１７號,(04)7282797,200,50,2020/02/08 03:50:05
5937013418,曉陽藥局,彰化縣彰化市西安里曉陽路２０２號,(04)7270989,3,0,2020/02/08 03:50:05
5937013445,澄星中西藥局,彰化縣彰化市文化里中民街９１號１樓,(04)7236870,4,0,2020/02/08 03:50:05
5937013454,安新健保藥局,彰化縣彰化市自強路３６號１樓,(04)7233160,2,2,2020/02/08 03:50:05
5937013507,原安大藥局,彰化縣彰化市南郭路一段１８０號,(04)7272817,0,2,2020/02/08 03:50:05
5937013561,友誼藥局彰化店,彰化縣彰化市辭修路１９１－２號,(04)7288865,0,8,2020/02/08 03:50:05
5937013570,彰化藥局,彰化縣彰化市永安街２７８、２８０號,(04)7287877,2,44,2020/02/08 03:50:05
5937020128,佳昇大藥局,彰化縣鹿港鎮溝墘里鹿和路三段６０９號,(04)7716789,8,0,2020/02/08 03:50:05
5937021385,忠民藥局,彰化縣鹿港鎮民族路１０８巷３號,(04)7760368,4,2,2020/02/08 03:50:05
5937021401,展宏藥局,彰化縣鹿港鎮中山路５號,(04)7749001,4,0,2020/02/08 03:50:05
5937021750,正光藥局鹿港店,彰化縣鹿港鎮永安里復興路２５１號,(04)7775769,4,0,2020/02/08 03:50:05
5937030160,和平藥局,彰化縣和美鎮美寮路２段７１６號,(04)7559952,0,2,2020/02/08 03:50:05
5937031194,三多藥局,彰化縣和美鎮糖友里糖友１街８８號,(04)7356969,12,0,2020/02/08 03:50:05
5937031452,春生藥局愛民店,彰化縣和美鎮愛民路１０６號,(04)7566092,2,0,2020/02/08 03:50:05
5937031541,友誼藥局和美店,彰化縣和美鎮和東里仁化路１４７、１４９號,(04)7550866,0,4,2020/02/08 03:50:05
5937031621,德美藥局,彰化縣和美鎮竹營里德美路２９３號,(04)7567129,0,2,2020/02/08 03:50:05
5937031667,丁丁藥局和美店,彰化縣和美鎮道周路３１２號,(04)7576322,0,2,2020/02/08 03:50:05
5937031676,博仕藥局,彰化縣和美鎮和線路４７、４９號,(04)7569102,0,4,2020/02/08 03:50:05
5937031710,永合藥局,彰化縣和美鎮彰美路６段１９７號１樓,(04)7557726,0,4,2020/02/08 03:50:05
5937031729,日信藥局,彰化縣和美鎮彰美路５段３１１號,(04)7556952,8,0,2020/02/08 03:50:05
5937041305,希賢藥局,彰化縣北斗鎮斗苑路一段３１號,(04)8781025,0,56,2020/02/08 03:50:05
5937041369,北斗福倫藥局,彰化縣北斗鎮西德里斗苑路１段４２５、４２７號,(04)8886618,0,4,2020/02/08 03:50:05
5937041430,佑田藥局,彰化縣北斗鎮新政里中華路２４７號,(04)8783173,4,2,2020/02/08 03:50:05
5937041458,沛廣藥局,彰化縣北斗鎮中華路２３０號,(04)8781769,6,0,2020/02/08 03:50:05
5937041467,北斗啄木鳥藥局,彰化縣北斗鎮復興路２６９號,(04)8875611,0,2,2020/02/08 03:50:05
5937051641,中美藥局,彰化縣員林市育英路８３之１號,(04)8366708,0,6,2020/02/08 03:50:05
5937051703,員林健康藥局,彰化縣員林市中正路２２４號１樓,(04)8396798,2,0,2020/02/08 03:50:05
5937051712,員林福倫藥局,彰化縣員林市和平里中山路２段１４１號,(04)8371218,4,0,2020/02/08 03:50:05
5937051810,統信藥局,彰化縣員林市新興里正興街３７２號,(04)8367089,198,60,2020/02/08 03:50:05
5937051847,天一藥局,彰化縣員林市光明里中正路４４１號,(04)8384875,2,0,2020/02/08 03:50:05
5937051865,萬年藥局,彰化縣員林市員水路２段２０９號,(04)8366522,8,58,2020/02/08 03:50:05
5937051963,東山永安藥局,彰化縣員林市南東里山腳路４段３１號,(04)8311471,0,4,2020/02/08 03:50:05
5937052031,天天藥局,彰化縣員林市鎮興里員東路一段５５號,(04)8385573,1,10,2020/02/08 03:50:05
5937052184,躍獅永聖藥局,彰化縣員林市三信里中山路２段３２５號,(04)8369065,0,10,2020/02/08 03:50:05
5937052237,正光藥局員林店,彰化縣員林市仁愛里三民東街３１０、３１２號,(04)8328765,0,4,2020/02/08 03:50:05
5937052415,大樹員林藥局,彰化縣員林市大同路二段２０７號,(04)8331353,22,18,2020/02/08 03:50:05
5937060051,鴻明藥局,彰化縣溪湖鎮大竹里平和街１９６號,(04)8820185,200,48,2020/02/08 03:50:05
5937061227,永裕藥局,彰化縣溪湖鎮光華里太平街５４號,(04)8817222,0,22,2020/02/08 03:50:05
5937061254,雙鷹藥局,彰化縣溪湖鎮光平里彰水路３段３７９號,(04)8826572,0,4,2020/02/08 03:50:05
5937061281,佳佳藥局,彰化縣溪湖鎮二溪路１段２８９號,(04)8815523,0,2,2020/02/08 03:50:05
5937061398,寶康藥局,彰化縣溪湖鎮彰水路四段１５３號１樓,(04)8613778,1,1,2020/02/08 03:50:05
5937061432,康健藥局,彰化縣溪湖鎮光平里彰水路３段３８８號,(04)8822549,8,0,2020/02/08 03:50:05
5937061567,凱侖藥局,彰化縣溪湖鎮西溪里員鹿路２段臨１號,(04)8812278,0,2,2020/02/08 03:50:05
5937061647,溪湖藥局,彰化縣溪湖鎮西環路３６５號,(04)8818617,0,2,2020/02/08 03:50:05
5937061656,東環藥局,彰化縣溪湖鎮湖東街８１巷７０－３、７０－４、７０－５號,(04)8820001,0,18,2020/02/08 03:50:05
5937061665,安安藥局,彰化縣溪湖鎮彰水路三段３６３號,(04)8850525,0,2,2020/02/08 03:50:05
5937070020,田中中興藥局,彰化縣田中鎮西路里斗中路一段５４號,(04)8742483,0,24,2020/02/08 03:50:05
5937070039,井田藥局,彰化縣田中鎮碧峰里中南路二段511號,(04)8740453,0,12,2020/02/08 03:50:05
5937070093,朝仁大藥局,彰化縣田中鎮三民里斗中路二段６２０號,(04)8751551,0,2,2020/02/08 03:50:05
5937070128,良安藥局,彰化縣田中鎮北路里員集路二段６１４號,(04)8743196,200,50,2020/02/08 03:50:05
5937070164,安鑠藥局,彰化縣田中鎮中潭里和平路７６０號,(04)8748728,2,20,2020/02/08 03:50:05
5937070173,世華藥局,彰化縣田中鎮新民里民族街１３號,(04)8752965,0,8,2020/02/08 03:50:05
5937070191,仁春藥局,彰化縣田中鎮員集路二段４５３、４５５號,(04)8742409,0,6,2020/02/08 03:50:05
5937071296,大眾藥局,彰化縣田中鎮斗中路一段１４２號,(04)8749723,0,22,2020/02/08 03:50:05
5937071358,景平藥局,彰化縣田中鎮西路里中州路１段２７６號,(04)8760468,0,34,2020/02/08 03:50:05
5937071401,田中啄木鳥藥局,彰化縣田中鎮南路里員集路２段２６６號,(04)8746468,2,0,2020/02/08 03:50:05
5937071456,萬禾藥局,彰化縣田中鎮員集路３段２７７號,(04)8742242,2,1,2020/02/08 03:50:05
5937080115,鎮安藥局,彰化縣二林鎮東和里中山路５２號之２,(04)8960473,0,2,2020/02/08 03:50:05
5937080188,信裕藥局,彰化縣二林鎮南光里南安路４３５號,(04)8963684,0,16,2020/02/08 03:50:05
5937081381,美美藥局,彰化縣二林鎮儒林路２段３０８號１樓,(04)8958789,2,6,2020/02/08 03:50:05
5937081390,永全藥局,彰化縣二林鎮二溪路一段１８號,(04)8958878,0,30,2020/02/08 03:50:05
5937081434,二林福倫藥局,彰化縣二林鎮豐田里斗苑路４段６６９、６７１號,(04)8956818,0,2,2020/02/08 03:50:05
5937081461,育民健保藥局,彰化縣二林鎮東和里新生路７２號,(04)8953956,0,2,2020/02/08 03:50:05
5937081498,新杏林藥局,彰化縣二林鎮東和里斗苑路５段２６０號,(04)8953863,0,2,2020/02/08 03:50:05
5937081514,加佳藥局,彰化縣二林鎮東和里仁愛路６７８號１樓,(04)8963080,9,0,2020/02/08 03:50:05
5937081569,二林藥局,彰化縣二林鎮斗苑路５段３９號,(04)8950010,0,24,2020/02/08 03:50:05
5937101217,友誼藥局,彰化縣伸港鄉新港村中山路１５號,(047)980591,2,0,2020/02/08 03:50:05
5937111188,好鄰居藥局,彰化縣福興鄉沿海路三段２７３號,(04)7707887,6,0,2020/02/08 03:50:05
5937120061,秀水藥局,彰化縣秀水鄉福安村彰水路２段５４１號,(04)7690140,2,0,2020/02/08 03:50:05
5937121228,欣冠藥局,彰化縣秀水鄉中山路３４５號,(04)7689699,0,2,2020/02/08 03:50:05
5937121246,健全藥局,彰化縣秀水鄉安東村中山路２８２－１號,(04)7686649,0,6,2020/02/08 03:50:05
5937130058,華榮藥局,彰化縣花壇鄉花壇村花壇街２１９號,(04)7862173,2,12,2020/02/08 03:50:05
5937131171,祥安藥局,彰化縣花壇鄉彰員路３段８９號,(04)7863460,4,0,2020/02/08 03:50:05
5937131206,花壇福倫藥局,彰化縣花壇鄉中山路２段１５９號１樓,(04)7882818,2,0,2020/02/08 03:50:05
5937131224,恆安藥局,彰化縣花壇鄉花壇村花壇街２４９號１樓,(04)7863990,21,12,2020/02/08 03:50:05
5937131233,春生藥局花壇店,彰化縣花壇鄉花壇村中正路５７－１號,(04)7867715,0,4,2020/02/08 03:50:05
5937131242,善生藥局,彰化縣花壇鄉中正路２００號,(04)7862361,8,0,2020/02/08 03:50:05
5937131279,仁寶藥局,彰化縣花壇鄉長沙村忠孝街１００－２號,(04)7878555,200,50,2020/02/08 03:50:05
5937131288,口庄藥局,彰化縣花壇鄉中山路２段５６２號,(04)7867209,0,1,2020/02/08 03:50:05
5937151075,郭藥局,彰化縣大村鄉茄苳路１段１３２號,(04)8522988,2,0,2020/02/08 03:50:05
5937151128,五行藥局,彰化縣大村鄉黃厝村１２鄰山腳路２－２６號,(04)8527603,200,50,2020/02/08 03:50:05
5937161133,石埤藥局,彰化縣埔鹽鄉石埤村番金路８０之１６號,(04)8655146,2,0,2020/02/08 03:50:05
5937161151,侯藥師藥局,彰化縣埔鹽鄉中正路２０６號,(04)8651837,0,4,2020/02/08 03:50:05
5937170034,淑惠藥局,彰化縣埔心鄉亙北村員鹿路一段２４４號,(04)8297798,2,0,2020/02/08 03:50:05
5937171157,安麗兒藥局埔心店,彰化縣埔心鄉義民村員鹿路２段４３４號１樓,(04)8295129,4,0,2020/02/08 03:50:05
5937171175,旭康專業藥局,彰化縣埔心鄉中興路２３號１樓,(04)8284165,6,0,2020/02/08 03:50:05
5937181288,陳厝厝保健藥局,彰化縣永靖鄉永興路２段１１６號,(04)8232387,0,28,2020/02/08 03:50:05
5937191159,好生藥局,彰化縣社頭鄉社斗路一段２６１號,(04)8739508,0,2,2020/02/08 03:50:05
5937191248,佳和藥局,彰化縣社頭鄉社頭村員集路２段３３３號,(04)8731331,2,2,2020/02/08 03:50:05
5937200037,安濟藥局,彰化縣二水鄉聖化村員集路三段６４０號,(04)8792593,16,14,2020/02/08 03:50:05
5937201085,豐源藥局,彰化縣二水鄉光化村光化２巷１２號１樓,(04)8796832,0,26,2020/02/08 03:50:05
5937201105,安利藥局,彰化縣二水鄉光化村員集路４段３號,(04)8794933,4,18,2020/02/08 03:50:05
5937211094,田尾藥局,彰化縣田尾鄉饒平村光復路２段６６９號,(04)8836725,0,2,2020/02/08 03:50:05
5937221232,堃泰中西藥局,彰化縣埤頭鄉斗苑西路２６７號,(04)8928798,2,0,2020/02/08 03:50:05
5937230035,路上中華藥局,彰化縣芳苑鄉路平村上林路３８８號,(04)8983831,199,50,2020/02/08 03:50:05
5937231112,杏元藥局,彰化縣芳苑鄉民生村建成路４８巷８號,(04)8931095,0,36,2020/02/08 03:50:05
5937231149,新鎮安藥局,彰化縣芳苑鄉仁愛村斗苑路芳苑段１８４號１樓,(04)8986537,10,42,2020/02/08 03:50:05
5937231167,芳苑藥局,彰化縣芳苑鄉芳苑村斗苑路芳苑段１９４巷１７號,(04)8986538,0,42,2020/02/08 03:50:05
5937241038,宜禎藥局,彰化縣大城鄉東城村東平路１７０號,(04)8947246,4,12,2020/02/08 03:50:05
5937241065,順順藥局,彰化縣大城鄉東城村東平路６３－１號,(04)8946379,0,2,2020/02/08 03:50:05
5937251105,宏吉藥局,彰化縣竹塘鄉竹塘村仁愛街５０號,(04)8976709,2,0,2020/02/08 03:50:05
5937251123,上明藥局,彰化縣竹塘鄉竹塘村竹塘街６６號,(04)8970600,10,54,2020/02/08 03:50:05
5937261147,益興藥局,彰化縣溪州鄉大庄村中山巷２７號,(04)8802581,0,36,2020/02/08 03:50:05
5937261227,成記大藥局,彰化縣溪州鄉中山路三段３００號,(04)8891788,0,2,2020/02/08 03:50:05
5938010420,弘昌藥局,南投縣南投市三興里南崗一路８５號,(049)2228902,0,12,2020/02/08 03:50:05
5938020079,仁和藥局,南投縣埔里鎮薰化里中山路三段９７號,(049)2985470,0,6,2020/02/08 03:50:05
5938020088,佳民藥局,南投縣埔里鎮薰化里南昌街２８７號,(049)2987151,6,0,2020/02/08 03:50:05
5938021432,東風中西藥局,南投縣埔里鎮南昌街３０９號,(049)2903112,6,16,2020/02/08 03:50:05
5938021638,大善藥局,南投縣埔里鎮東峰路１９之１號,(049)2930395,264,114,2020/02/08 03:50:05
5938021772,集成藥局,南投縣埔里鎮南興街２７０號,(049)2992837,0,2,2020/02/08 03:50:05
5938021781,幸福藥局,南投縣埔里鎮中正路５４８號,(049)2999800,0,2,2020/02/08 03:50:05
5938021790,健豐藥局,南投縣埔里鎮和四街３號,(049)2423221,0,34,2020/02/08 03:50:05
5938021932,喜樂藥局,南投縣埔里鎮和平東路４１５號,(049)2999992,4,10,2020/02/08 03:50:05
5938021969,宜康健保藥局,南投縣埔里鎮南昌街２６１號,(049)2904170,0,4,2020/02/08 03:50:05
5938022000,禾安康藥局,南投縣埔里鎮南昌街２１９號１樓,(049)2900219,0,50,2020/02/08 03:50:05
5938022019,安欣藥局,南投縣埔里鎮中山路三段９８號,(04)2906620,200,70,2020/02/08 03:50:05
5938022046,品安藥局,南投縣埔里鎮中正路５６３號,(049)2990050,0,2,2020/02/08 03:50:05
5938022064,大樹埔里藥局,南投縣埔里鎮中正路４３８號,(049)2980805,2,0,2020/02/08 03:50:05
5938022135,草新健保藥局,南投縣埔里鎮中山路二段３９０號,(049)2901689,1,0,2020/02/08 03:50:05
5938030075,新慈仁藥局,南投縣草屯鎮山腳里虎山路１３０號,(049)2335426,2,0,2020/02/08 03:50:05
5938030379,豐安藥局,南投縣草屯鎮中正路１２１９號,(049)2334412,0,6,2020/02/08 03:50:05
5938032220,新豐藥局,南投縣草屯鎮中正路１２３２號,(049)2565127,0,8,2020/02/08 03:50:05
5938032355,炎峰藥局,南投縣草屯鎮虎山路７３２號,(049)2380840,6,0,2020/02/08 03:50:05
5938032373,和平藥局,南投縣草屯鎮和平街２９號,(049)2310085,200,50,2020/02/08 03:50:05
5938032408,草屯丁丁藥局,南投縣草屯鎮太平路二段１７９號,(049)2330058,6,0,2020/02/08 03:50:05
5938032453,福安藥局,南投縣草屯鎮碧山路９３號,(049)2333349,2,0,2020/02/08 03:50:05
5938032462,百康藥局,南投縣草屯鎮新豐路７２８巷３４號,(049)2362033,0,34,2020/02/08 03:50:05
5938040044,仁山藥局,南投縣竹山鎮昭德街２３號,(049)2657720,0,3,2020/02/08 03:50:05
5938040160,天佑藥局,南投縣竹山鎮竹圍里前山路一段５８號,(049)2647515,0,4,2020/02/08 03:50:05
5938040277,潘藥局,南投縣竹山鎮竹山里下橫街２６–１１號,(049)2645613,200,50,2020/02/08 03:50:05
5938040348,銘彥童藥局,南投縣竹山鎮竹山里集山路三段８２７號,(049)2642045,0,68,2020/02/08 03:50:05
5938040366,竹山藥局,南投縣竹山鎮中山里竹山路１５０之２號,(049)2644930,12,18,2020/02/08 03:50:05
5938040419,林惠生藥局,南投縣竹山鎮下橫街２６之２號,(049)2652216,0,54,2020/02/08 03:50:05
5938040437,宏明堂藥局,南投縣竹山鎮竹山里橫街８８號,(049)2642202,0,20,2020/02/08 03:50:05
5938041569,竹山福倫藥局,南投縣竹山鎮竹山里集山路三段858號,(049)2658518,3,10,2020/02/08 03:50:05
5938041667,竹山啄木鳥藥局,南投縣竹山鎮集山路三段１０１１號,(049)2655345,0,2,2020/02/08 03:50:05
5938041694,仁惠藥局,南投縣竹山鎮集山路二段９９號,(049)2622158,1,0,2020/02/08 03:50:05
5938041756,集山啄木鳥藥局,南投縣竹山鎮集山路３段４０５號,(049)2659287,0,8,2020/02/08 03:50:05
5938041809,維淇藥師藥局,南投縣竹山鎮集山路三段８１６－１號,(049)2653689,0,48,2020/02/08 03:50:05
5938041818,明仁藥局,南投縣竹山鎮集山路三段９４８－２號,(049)2659650,200,92,2020/02/08 03:50:05
5938041827,華誠藥局,南投縣竹山鎮下橫街７５－８號,(049)2633500,200,102,2020/02/08 03:50:05
5938041845,博愛藥局,南投縣竹山鎮雲林路３５號,(049)2642748,0,50,2020/02/08 03:50:05
5938041854,耀聖藥局,南投縣竹山鎮集山路３段８１６－５號,(049)2652267,0,2,2020/02/08 03:50:05
5938041863,大明藥局,南投縣竹山鎮大明路４８２號,(049)2652500,10,58,2020/02/08 03:50:05
5938050139,省安藥局,南投縣集集鎮民生路３１號,(049)2763442,0,2,2020/02/08 03:50:05
5938061267,豐源藥局,南投縣名間鄉員集路８９號,(049)2736201,0,12,2020/02/08 03:50:05
5938080048,中寮健保藥局,南投縣中寮鄉永安街１３６號,(049)2691940,198,54,2020/02/08 03:50:05
5938100018,佑全藥局,南投縣國姓鄉中興路１０３號,(049)2722998,0,4,2020/02/08 03:50:05
5938100063,興安藥局,南投縣國姓鄉石門村國姓路２７８–１號,(049)2721133,0,10,2020/02/08 03:50:05
5938101140,山芙蓉藥局,南投縣國姓鄉中興路１４６號,(049)2720351,0,18,2020/02/08 03:50:05
5938111271,柔欣藥局,南投縣水里鄉中山路１段５０８號,(049)2770199,0,2,2020/02/08 03:50:05
5938130016,永康藥局,南投縣仁愛鄉大同村仁和路８４號,(049)2802730,0,2,2020/02/08 03:50:05
5939010059,葉藥局,雲林縣斗六市忠孝里大同路２０８號,(05)5339496,0,26,2020/02/08 03:50:05
5939010068,尚陽中西藥局,雲林縣斗六市鎮西里雲林路二段２５０號,(05)5370248,0,2,2020/02/08 03:50:05
5939010200,永聖藥局,雲林縣斗六市鎮北里南京路３９３號１樓,(05)5329858,0,4,2020/02/08 03:50:05
5939010228,重興藥局,雲林縣斗六市榴中里中興路８９號,(05)5573365,0,4,2020/02/08 03:50:05
5939010344,光華藥局,雲林縣斗六市中山路１５號,(05)5322331,0,50,2020/02/08 03:50:05
5939010399,東京大藥局,雲林縣斗六市文化路７９號,(05)5348073,0,6,2020/02/08 03:50:05
5939010504,桂賓藥局,雲林縣斗六市信義里鎮北路３號,(05)5332138,12,0,2020/02/08 03:50:05
5939011789,宏安藥局,雲林縣斗六市大同路９３巷３號,(05)5322468,266,96,2020/02/08 03:50:05
5939011832,汶藥局,雲林縣斗六市大同路１０３號２樓,(05)5344728,2,8,2020/02/08 03:50:05
5939011850,明真西藥局,雲林縣斗六市自由路１號,(05)5321605,0,24,2020/02/08 03:50:05
5939011878,雲萱藥局,雲林縣斗六市雲林路二段３３３之１號,(05)5371688,0,32,2020/02/08 03:50:05
5939012026,明佑藥局,雲林縣斗六市太平路２１９號２樓,(05)5331263,0,30,2020/02/08 03:50:05
5939012160,保加德藥局,雲林縣斗六市雲林路２段２７９號,(05)5347698,6,24,2020/02/08 03:50:05
5939012179,保健藥局,雲林縣斗六市梅林路２８３號,(05)5576037,0,34,2020/02/08 03:50:05
5939012240,究安藥局,雲林縣斗六市雲林路二段２０２號,(05)5375697,0,54,2020/02/08 03:50:05
5939012320,瑞安藥局,雲林縣斗六市中正路１５號,(05)5373085,12,0,2020/02/08 03:50:05
5939012339,永光藥局,雲林縣斗六市中山路９號,(05)5379939,0,6,2020/02/08 03:50:05
5939012428,德昌藥局,雲林縣斗六市明德路１０１號,(05)5340870,0,18,2020/02/08 03:50:05
5939012508,聖康藥局,雲林縣斗六市中正路１１１號,(05)5332609,1,65,2020/02/08 03:50:05
5939012526,世明中西藥局,雲林縣斗六市文化路３２４－１號,(05)5333109,12,26,2020/02/08 03:50:05
5939012580,林博彥藥師藥局,雲林縣斗六市莊敬路６５號,(05)5361258,2,0,2020/02/08 03:50:05
5939012599,斗六藥局,雲林縣斗六市雲林路二段１１３號,(05)5372300,0,56,2020/02/08 03:50:05
5939012606,永兆藥局,雲林縣斗六市北平路１６６號,(05)5378257,0,2,2020/02/08 03:50:05
5939020082,惠生大藥局,雲林縣斗南鎮中天里文元街５０號,(05)5972478,2,30,2020/02/08 03:50:05
5939020091,全安藥局,雲林縣斗南鎮中天里中正路１２３號,(05)5965255,0,30,2020/02/08 03:50:05
5939020171,仁安堂藥局,雲林縣斗南鎮南昌里文元街４３號,(05)5972134,8,2,2020/02/08 03:50:05
5939020224,菩提大藥局,雲林縣斗南鎮延平路二段４１２號,(05)5951539,10,8,2020/02/08 03:50:05
5939021294,玲津藥局,雲林縣斗南鎮中山路１７–２號,(05)5972889,0,34,2020/02/08 03:50:05
5939021392,南安藥局,雲林縣斗南鎮南昌路１３７號１樓,(05)5952777,4,7,2020/02/08 03:50:05
5939021409,佑仁藥局,雲林縣斗南鎮新興街１６０號,(05)5963853,0,26,2020/02/08 03:50:05
5939021445,杏元藥局,雲林縣斗南鎮東仁里１３鄰中山路６號,(05)5963998,0,17,2020/02/08 03:50:05
5939021454,中和藥局,雲林縣斗南鎮石龜里中和路５０號１樓,(05)5979626,0,41,2020/02/08 03:50:05
5939021463,安瑞藥局,雲林縣斗南鎮新興街９４號,(05)5972099,0,46,2020/02/08 03:50:05
5939021481,群安藥局,雲林縣斗南鎮南昌路１５１號２樓,(05)5973100,0,7,2020/02/08 03:50:05
5939021490,庚辛藥局,雲林縣斗南鎮中正路１３９－１號,(05)5953776,0,8,2020/02/08 03:50:05
5939021534,感恩藥局,雲林縣斗南鎮民權路２０號,(05)5955216,0,1,2020/02/08 03:50:05
5939021552,民安藥局,雲林縣斗南鎮中山路８９號,(05)5972076,0,6,2020/02/08 03:50:05
5939021589,信望愛藥局,雲林縣斗南鎮同安街３號,(05)5974549,2,2,2020/02/08 03:50:05
5939030211,晉泰藥局,雲林縣虎尾鎮新興里中正路１８號,(05)6327777,0,24,2020/02/08 03:50:05
5939030220,寶全藥局,雲林縣虎尾鎮中山里新興路８５號,(05)6322169,0,16,2020/02/08 03:50:05
5939030284,張維修藥局,雲林縣虎尾鎮林森路一段３６６號,(05)6326456,0,2,2020/02/08 03:50:05
5939030355,祥惠藥局,雲林縣虎尾鎮惠來里惠來８１之５號,(05)6224308,0,2,2020/02/08 03:50:05
5939030364,勝泰中西藥局,雲林縣虎尾鎮林森路一段４２７號,(05)6329479,0,2,2020/02/08 03:50:05
5939031549,新生藥局,雲林縣虎尾鎮林森路一段２６６–１號,(05)6338588,200,48,2020/02/08 03:50:05
5939031558,正安藥局,雲林縣虎尾鎮仁愛路４２號,(05)6322058,4,60,2020/02/08 03:50:05
5939031576,良方藥局,雲林縣虎尾鎮中山路５７號,(05)6312106,0,10,2020/02/08 03:50:05
5939031585,利芳藥局,雲林縣虎尾鎮光復路３１０號,(05)6311016,0,52,2020/02/08 03:50:05
5939031674,幼安藥局,雲林縣虎尾鎮立仁街５７號,(05)6321280,8,0,2020/02/08 03:50:05
5939031683,大安藥局,雲林縣虎尾鎮中山路１２２號,(05)6331547,0,52,2020/02/08 03:50:05
5939031718,安立藥局,雲林縣虎尾鎮新興里中正路２９號,(05)6325490,2,64,2020/02/08 03:50:05
5939031745,新明藥局,雲林縣虎尾鎮林森路二段４２９號,(05)6335193,198,80,2020/02/08 03:50:05
5939031825,宏恩藥局,雲林縣虎尾鎮林森路一段３３５號,(05)6314781,0,2,2020/02/08 03:50:05
5939031996,端發藥局,雲林縣虎尾鎮林森路一段３２９號,(05)6314168,6,2,2020/02/08 03:50:05
5939032028,上安藥局,雲林縣虎尾鎮西屯里大屯２８５－１號,(05)6657158,0,30,2020/02/08 03:50:05
5939032055,大川藥局,雲林縣虎尾鎮民族路８號,(05)6339178,0,18,2020/02/08 03:50:05
5939032135,東仁藥局,雲林縣虎尾鎮東明路１８６號,(05)6361020,0,32,2020/02/08 03:50:05
5939032144,新生松藥局,雲林縣虎尾鎮民生路３７－５號,(05)6326562,0,48,2020/02/08 03:50:05
5939032162,聯宏藥局,雲林縣虎尾鎮光復路４６８號,(05)6326188,0,36,2020/02/08 03:50:05
5939032180,康是美虎尾藥局,雲林縣虎尾鎮西安里中正路２５８˙２５８─１號,(05)6328411,0,20,2020/02/08 03:50:05
5939032224,文心藥局,雲林縣虎尾鎮信義路６號,(05)6362365,4,0,2020/02/08 03:50:05
5939032233,優良藥局,雲林縣虎尾鎮仁愛路６５號,(05)6314362,2,8,2020/02/08 03:50:05
5939032386,平安藥局,雲林縣虎尾鎮信義路５號,(05)6326900,0,3,2020/02/08 03:50:05
5939032420,虎尾台丞藥局,雲林縣虎尾鎮林森路一段３４６號,(05)6325698,0,56,2020/02/08 03:50:05
5939032484,聖霖藥局,雲林縣虎尾鎮公安路１７８－１９號,(05)6329334,0,44,2020/02/08 03:50:05
5939032528,慶安藥局,雲林縣虎尾鎮公安路１１５－１號,(05)6328029,10,42,2020/02/08 03:50:05
5939032555,福瑞藥局,雲林縣虎尾鎮仁愛路９０號,(05)6365190,0,20,2020/02/08 03:50:05
5939032564,林森瑞安藥局,雲林縣虎尾鎮林森路二段８９號,(05)6328034,8,0,2020/02/08 03:50:05
5939032608,兒侒藥局,雲林縣虎尾鎮弘道路５１號,(05)6311246,598,150,2020/02/08 03:50:05
5939032617,永德健保藥局,雲林縣虎尾鎮德興路８３號,(05)6322802,12,0,2020/02/08 03:50:05
5939040164,一元藥局,雲林縣西螺鎮福興路１７５號,(05)5879987,2,0,2020/02/08 03:50:05
5939040253,福安藥局,雲林縣西螺鎮福田里社口路８３號,(05)5871281,0,24,2020/02/08 03:50:05
5939041410,禾安藥局,雲林縣西螺鎮中山路７５號,(05)5868789,6,32,2020/02/08 03:50:05
5939041465,仁祥藥局,雲林縣西螺鎮中和里中山路４６號,(05)5882111,0,42,2020/02/08 03:50:05
5939041483,建興藥局,雲林縣西螺鎮正興村建興路２０２號,(05)5868267,0,28,2020/02/08 03:50:05
5939041590,長春藥局,雲林縣西螺鎮建興路１５０號,(05)5876222,0,48,2020/02/08 03:50:05
5939041705,祐祐藥局,雲林縣西螺鎮光復西路３６２號,(05)5878758,0,1,2020/02/08 03:50:05
5939041750,上祐藥局,雲林縣西螺鎮西興南路３４２號,(05)5883753,0,18,2020/02/08 03:50:05
5939041812,林森育安藥局,雲林縣西螺鎮中正路１６０號,(05)5879951,8,0,2020/02/08 03:50:05
5939041830,第一藥局,雲林縣西螺鎮中山路２１７、２１７－１號１樓,(05)5875323,7,1,2020/02/08 03:50:05
5939041849,西螺藥局,雲林縣西螺鎮光復西路１２３、１２５號,(05)5872112,2,42,2020/02/08 03:50:05
5939041876,呈恩藥局,雲林縣西螺鎮吳厝里１鄰吳厝２－３號,(05)5882559,6,48,2020/02/08 03:50:05
5939041894,可安藥局,雲林縣西螺鎮吳厝里吳厝２７－１１號,(05)5880971,0,16,2020/02/08 03:50:05
5939050071,義泰藥局,雲林縣土庫鎮宮北里中正路２０２號,(05)6624778,0,2,2020/02/08 03:50:05
5939050124,常春藤藥局,雲林縣土庫鎮忠正里中山路２４６號,(05)6627371,0,28,2020/02/08 03:50:05
5939051176,大方藥局,雲林縣土庫鎮中正路１０６號,(05)6629199,0,22,2020/02/08 03:50:05
5939051185,土庫台丞藥局,雲林縣土庫鎮中正路１１２號,(05)6626677,0,2,2020/02/08 03:50:05
5939051194,友杏健康健保藥局,雲林縣土庫鎮北平里民權路１４號,(05)6651758,0,10,2020/02/08 03:50:05
5939051229,祥安藥局,雲林縣土庫鎮東平里馬光路３８－１號,(05)6656610,0,72,2020/02/08 03:50:05
5939060111,慶輝藥局,雲林縣北港鎮華勝里大同路２３２號,(05)7835078,0,80,2020/02/08 03:50:05
5939060255,家庭藥局,雲林縣北港鎮文化路１０１號,(05)7826739,2,30,2020/02/08 03:50:05
5939060317,益安大藥局,雲林縣北港鎮華勝里公園路１８之２號,(05)7730779,0,4,2020/02/08 03:50:05
5939060371,宏仁藥局,雲林縣北港鎮大同路３３２號,(05)7839890,0,12,2020/02/08 03:50:05
5939061412,久久藥局,雲林縣北港鎮華勝里公園路４１號,(05)7835949,0,54,2020/02/08 03:50:05
5939061494,聯勝藥局,雲林縣北港鎮文昌路１０６號,(05)7833220,6,18,2020/02/08 03:50:05
5939061501,南方藥局,雲林縣北港鎮共榮里博愛路１１９號,(05)7832178,0,42,2020/02/08 03:50:05
5939061583,大元藥局,雲林縣北港鎮民樂路７２號,(05)7833636,0,2,2020/02/08 03:50:05
5939061850,北港家源藥局,雲林縣北港鎮大同路３０３號,(05)7832104,0,2,2020/02/08 03:50:05
5939061869,德豐藥局,雲林縣北港鎮公園路１２號,(05)7835338,0,40,2020/02/08 03:50:05
5939061887,大樹北港藥局,雲林縣北港鎮華勝路９９號,(05)7830783,0,12,2020/02/08 03:50:05
5939061903,大同瑞安藥局,雲林縣北港鎮大同路２１５號,(05)7831720,10,0,2020/02/08 03:50:05
5939070135,鴻銘藥局,雲林縣古坑鄉西平村中山路３７７號,(05)5821267,55,68,2020/02/08 03:50:05
5939070162,廣醫藥局,雲林縣古坑鄉西平村中山路２１９號,(05)5829703,0,16,2020/02/08 03:50:05
5939071196,華慶藥局,雲林縣古坑鄉中山路７９號,(05)5825488,0,66,2020/02/08 03:50:05
5939071203,朝陽藥局,雲林縣古坑鄉中山路２３８號,(05)5828873,0,31,2020/02/08 03:50:05
5939071276,慈生藥局,雲林縣古坑鄉麻園村平和２２號,(05)5828222,0,83,2020/02/08 03:50:05
5939071285,振明藥局,雲林縣古坑鄉中山路１７０號,(05)5821229,0,40,2020/02/08 03:50:05
5939071310,禾安藥局,雲林縣古坑鄉中正路９６號,(05)5828318,0,1,2020/02/08 03:50:05
5939081094,尚成藥局,雲林縣大埤鄉中山路７６號,(05)5910088,8,0,2020/02/08 03:50:05
5939090146,明泰藥局,雲林縣莿桐鄉莿桐村中山路１０６號,(05)5842824,2,0,2020/02/08 03:50:05
5939091278,大美社區藥局,雲林縣莿桐鄉大美村２３－１號,(05)5848579,1,0,2020/02/08 03:50:05
5939091287,順安藥局,雲林縣莿桐鄉饒平村饒平南路２６號,(05)5842329,0,2,2020/02/08 03:50:05
5939091296,安安藥局,雲林縣莿桐鄉西安路３－２號,(05)5841328,10,32,2020/02/08 03:50:05
5939100030,仁愛藥局,雲林縣林內鄉林中村中正路１８４號,(05)5892259,1,0,2020/02/08 03:50:05
5939101126,昇陽大藥局,雲林縣林內鄉中西路１７號,(05)5899896,2,2,2020/02/08 03:50:05
5939111239,成恩藥局,雲林縣二崙鄉油車村文化路２３６號,(05)5989955,0,2,2020/02/08 03:50:05
5939120050,韓藥局,雲林縣崙背鄉中山路１６３號,(05)6962462,0,30,2020/02/08 03:50:05
5939120069,慈恩藥局,雲林縣崙背鄉南陽村永昌路６２號,(05)6964122,0,28,2020/02/08 03:50:05
5939121119,聖心藥局,雲林縣崙背鄉南陽村中山路１９３號,(05)6967273,0,32,2020/02/08 03:50:05
5939121137,莊藥局,雲林縣崙背鄉民權路１８０號,(05)6960510,6,42,2020/02/08 03:50:05
5939121164,立洲藥局,雲林縣崙背鄉正義路２９１、２９３號,(05)6969331,0,4,2020/02/08 03:50:05
5939121173,元美藥局,雲林縣崙背鄉港尾村６１－２號,(05)6962496,0,8,2020/02/08 03:50:05
5939121208,詠大藥局,雲林縣崙背鄉南陽村中山路１０９－２號,(05)6967990,0,4,2020/02/08 03:50:05
5939121217,美康藥局,雲林縣崙背鄉西榮村中山路３８０號,(05)6961500,0,86,2020/02/08 03:50:05
5939121253,崙背台丞藥局,雲林縣崙背鄉建國路５６號,(05)6966789,0,2,2020/02/08 03:50:05
5939130029,見春藥局,雲林縣麥寮鄉橋頭村仁德路７４號,(05)6912265,0,12,2020/02/08 03:50:05
5939130109,祐民保健藥局,雲林縣麥寮鄉橋頭村仁德路４９號,(05)6910919,0,40,2020/02/08 03:50:05
5939131286,新興藥局,雲林縣麥寮鄉麥豐村新興路３７－１號,(05)6938030,0,24,2020/02/08 03:50:05
5939131384,台安藥局,雲林縣麥寮鄉麥豐村新興路１６號,(05)6933311,0,2,2020/02/08 03:50:05
5939131419,怡安藥局,雲林縣麥寮鄉中山路１０８─２號,(05)6930634,204,48,2020/02/08 03:50:05
5939131437,立昇藥局,雲林縣麥寮鄉華興路９１號,(05)6933066,200,50,2020/02/08 03:50:05
5939131473,立昇藥局,雲林縣麥寮鄉華興路９１號,(05)6933066,1,0,2020/02/08 03:50:05
5939140034,豐安藥局,雲林縣東勢鄉東北村康安路７６號,(05)6991672,200,105,2020/02/08 03:50:05
5939140061,義和堂中西藥局,雲林縣東勢鄉東南村東勢東路１２號,(05)6991028,1,55,2020/02/08 03:50:05
5939141139,東新藥局,雲林縣東勢鄉東勢西路５５號,(05)6998959,0,24,2020/02/08 03:50:05
5939141219,安康藥局,雲林縣東勢鄉東南村康安路１８號,(05)6993866,0,36,2020/02/08 03:50:05
5939150012,博順藥局,雲林縣褒忠鄉中正路３２５之３號,(05)6971048,0,6,2020/02/08 03:50:05
5939151091,立佳藥局,雲林縣褒忠鄉中正路８９號,(05)6977840,0,44,2020/02/08 03:50:05
5939151135,三民藥局,雲林縣褒忠鄉三民路１５號,(05)6975515,4,6,2020/02/08 03:50:05
5939161140,木川藥局,雲林縣台西鄉中山路３９３號,(05)6986220,0,4,2020/02/08 03:50:05
5939170023,永昇藥局,雲林縣元長鄉下寮村東庄路３５號,(05)7861838,0,2,2020/02/08 03:50:05
5939171039,嘉民藥局,雲林縣元長鄉長南村元南路６２號,(05)7880513,202,100,2020/02/08 03:50:05
5939171075,立安藥局,雲林縣元長鄉南興路１１之４號,(05)7981995,2,70,2020/02/08 03:50:05
5939171093,和平藥局,雲林縣元長鄉下寮村東興路３３號,(05)7862551,2,28,2020/02/08 03:50:05
5939171119,順元藥局,雲林縣元長鄉中山路２５號,(05)7886555,0,66,2020/02/08 03:50:05
5939180010,仁醫堂中西藥局,雲林縣四湖鄉大同路１９號,(05)7723399,0,76,2020/02/08 03:50:05
5939180074,仁安堂藥局,雲林縣四湖鄉中山西路１８５號,(05)7875563,0,24,2020/02/08 03:50:05
5939181124,小林藥局,雲林縣四湖鄉中正路４２９號,(05)7876917,0,24,2020/02/08 03:50:05
5939181133,陽明藥局,雲林縣四湖鄉中正路４２２號,(05)7876519,0,66,2020/02/08 03:50:05
5939181231,大家藥局,雲林縣四湖鄉中正路４３３號,(05)7877435,0,46,2020/02/08 03:50:05
5939181302,應生藥局,雲林縣四湖鄉中正路３７８號,(05)7877235,0,58,2020/02/08 03:50:05
5939181339,威仁藥局,雲林縣四湖鄉中山西路７０號,(05)7875041,0,10,2020/02/08 03:50:05
5939181357,心安藥局,雲林縣四湖鄉中山西路６６－１號,(05)7876098,0,44,2020/02/08 03:50:05
5939181366,好美麗藥局,雲林縣四湖鄉中正路７３－３０號,(05)7874609,0,50,2020/02/08 03:50:05
5939190025,呂藥師藥局,雲林縣口湖鄉梧南村文光路１２號,(05)7907472,4,46,2020/02/08 03:50:05
5939190114,陳永明藥局,雲林縣口湖鄉梧南村光明路５９號,(05)7907468,0,66,2020/02/08 03:50:05
5939191139,寶健藥局,雲林縣口湖鄉梧南村光明路１７２號,(05)7907453,6,38,2020/02/08 03:50:05
5939191175,安泰藥局,雲林縣口湖鄉湖東村文安街３４號,(05)7893589,0,8,2020/02/08 03:50:05
5939191326,順生藥局,雲林縣口湖鄉口湖村口湖路３２４號,(05)7895799,0,13,2020/02/08 03:50:05
5939191371,好厝邊藥局,雲林縣口湖鄉崙東村明仁路３３號,(05)7993072,2,16,2020/02/08 03:50:05
5939191380,亞洲藥局,雲林縣口湖鄉崙東村中山路７８－２號,(05)7991108,0,4,2020/02/08 03:50:05
5939200011,優生藥局,雲林縣水林鄉水林路９９巷２號,(05)7856307,200,110,2020/02/08 03:50:05
5939200053,嘉南藥局,雲林縣水林鄉水北村自強街２號,(05)7853216,0,28,2020/02/08 03:50:05
5939201158,健安藥局,雲林縣水林鄉松北村蔦松路６９之１號,(05)7841025,0,58,2020/02/08 03:50:05
5939201265,蔦松藥師藥局,雲林縣水林鄉松中村蔦松路１７６號,(05)7840608,0,46,2020/02/08 03:50:05
5939201283,義生藥局,雲林縣水林鄉水林路１９７號,(05)7853701,0,17,2020/02/08 03:50:05
5939201327,金花藥局,雲林縣水林鄉水北村水林路２２２號,(05)7856112,0,56,2020/02/08 03:50:05
5940010154,石原藥局,嘉義縣朴子市中正里中正路１４９號,(05)3792389,6,8,2020/02/08 03:50:05
5940011286,榮一藥局,嘉義縣朴子市山通路６１號,(05)3792448,0,1,2020/02/08 03:50:05
5940011295,正仁藥局,嘉義縣朴子市竹圍里南通路三段５５９號,(05)3798978,0,9,2020/02/08 03:50:05
5940011302,開元藥局,嘉義縣朴子市開元路１５４號,(05)3700014,0,6,2020/02/08 03:50:05
5940011606,德家藥局,嘉義縣朴子市文化里１２鄰海通路２１－５號,(05)3709595,0,20,2020/02/08 03:50:05
5940011688,久久藥局,嘉義縣朴子市中興路６５號,(05)3704552,4,4,2020/02/08 03:50:05
5940011777,朴子啄木鳥藥局,嘉義縣朴子市永和里應菜埔２９－３號,(05)3208028,196,50,2020/02/08 03:50:05
5940011786,朴子藥局,嘉義縣朴子市竹圍里海通路４３－８號,(05)3703223,0,14,2020/02/08 03:50:05
5940011820,華信藥局,嘉義縣朴子市朴子市平和里市東路２８號,(05)3705889,6,0,2020/02/08 03:50:05
5940011839,信男藥局,嘉義縣朴子市開元里開元路１７４號,(05)3790099,2,0,2020/02/08 03:50:05
5940011848,鼎元藥局,嘉義縣朴子市竹圍里八德路４５號１樓,(05)3661102,200,50,2020/02/08 03:50:05
5940021086,進發藥局,嘉義縣布袋鎮興中里後寮路７２巷２７號,(05)3470388,0,50,2020/02/08 03:50:05
5940021157,康富藥師藥局,嘉義縣布袋鎮博愛二街２２號,(05)3470511,14,0,2020/02/08 03:50:05
5940030058,萬有藥局,嘉義縣大林鎮平林里民權路３６號,(05)2654246,0,2,2020/02/08 03:50:05
5940031368,溝背藥局,嘉義縣大林鎮義和里三塊厝７－７號,(05)2955878,204,50,2020/02/08 03:50:05
5940040072,三和藥局,嘉義縣民雄鄉中樂村中樂路５３號,(05)2262488,198,58,2020/02/08 03:50:05
5940040205,神輝中西藥局,嘉義縣民雄鄉東榮村民生路１２號,(05)2263633,2,54,2020/02/08 03:50:05
5940040349,正道藥局,嘉義縣民雄鄉中樂村復興路３８號,(05)2268345,0,14,2020/02/08 03:50:05
5940041364,大明藥局,嘉義縣民雄鄉西安路２５號,(05)2060640,0,6,2020/02/08 03:50:05
5940041435,嘉方藥局,嘉義縣民雄鄉中樂村昇平路５８號,(05)2066747,0,8,2020/02/08 03:50:05
5940041542,愛立安藥局,嘉義縣民雄鄉福興１１１號,(05)2203985,0,6,2020/02/08 03:50:05
5940041560,永安藥局,嘉義縣民雄鄉民族路４９號,(05)2268517,0,40,2020/02/08 03:50:05
5940041677,大方藥局,嘉義縣民雄鄉中樂村民族路４０－２號,(05)2268560,2,4,2020/02/08 03:50:05
5940041695,春森藥局,嘉義縣民雄鄉建國路一段３１巷９６號之２,(05)2266957,2,49,2020/02/08 03:50:05
5940041702,大祐藥局,嘉義縣民雄鄉西安村２１－１號１樓,(05)2067077,0,50,2020/02/08 03:50:05
5940041711,安心藥局,嘉義縣民雄鄉西安村西安路３６－１號,(05)2063393,2,32,2020/02/08 03:50:05
5940041720,民雄久久藥局,嘉義縣民雄鄉西安村安和路２號之１,(05)2263294,1,0,2020/02/08 03:50:05
5940050023,盛安藥局,嘉義縣溪口鄉溪東村溪民路４號,(05)2692663,0,2,2020/02/08 03:50:05
5940050069,明生藥局,嘉義縣溪口鄉溪東村民生街１５５號,(05)2698027,0,24,2020/02/08 03:50:05
5940051075,濟安藥局,嘉義縣溪口鄉溪東村民生街５４號,(05)2696078,0,26,2020/02/08 03:50:05
5940051100,滋元藥局,嘉義縣溪口鄉中正路１０９之３號,(05)2696287,0,66,2020/02/08 03:50:05
5940051119,宇安藥局,嘉義縣溪口鄉坪頂村溪民路３１號,(05)2697736,0,40,2020/02/08 03:50:05
5940051128,大成藥局,嘉義縣溪口鄉溪東村民生街１３９號,(05)2697522,0,32,2020/02/08 03:50:05
5940060056,黃莉雅藥局,嘉義縣新港鄉宮前村新民路１６號,(05)3747329,0,10,2020/02/08 03:50:05
5940061133,新安藥局,嘉義縣新港鄉大興村福德路４２號,(05)3746386,0,34,2020/02/08 03:50:05
5940061160,公園藥局,嘉義縣新港鄉福德村中山路７２巷２０號,(05)3740656,2,6,2020/02/08 03:50:05
5940090081,永聖藥局,嘉義縣義竹鄉六桂村１９３－１號,(05)3416185,0,25,2020/02/08 03:50:05
5940090107,人生藥局,嘉義縣義竹鄉六桂村２鄰義竹１５３號,(05)3411428,0,8,2020/02/08 03:50:05
5940100019,全信藥局,嘉義縣鹿草鄉後堀村６６號,(05)3750477,0,8,2020/02/08 03:50:05
5940101061,嘉恩藥局,嘉義縣鹿草鄉西井村鹿草路２６１附２,(05)3751568,0,1,2020/02/08 03:50:05
5940111245,信宜藥師藥局,嘉義縣太保市太保里７號,(05)3717360,4,0,2020/02/08 03:50:05
5940111361,慧敏藥局,嘉義縣太保市北新里中山路一段８０２號,(05)2381133,200,44,2020/02/08 03:50:05
5940111450,祥和藥局,嘉義縣太保市太保二路１４９號１樓,(05)3623006,0,4,2020/02/08 03:50:05
5940120137,德安藥局,嘉義縣水上鄉南和村後寮２６之６號,(05)2688835,0,52,2020/02/08 03:50:05
5940120191,大嘉藥局,嘉義縣水上鄉正義路１巷１６號,(05)2689031,100,14,2020/02/08 03:50:05
5940121241,杏同藥局,嘉義縣水上鄉水頭村中正路１１６號,(05)2600037,1,11,2020/02/08 03:50:05
5940121349,照安藥局,嘉義縣水上鄉水頭村中興路４０８號,(05)2687897,0,1,2020/02/08 03:50:05
5940130080,華大藥局,嘉義縣中埔鄉中埔村中正路３５號,(05)2531223,11,0,2020/02/08 03:50:05
5940131283,一心藥局,嘉義縣中埔鄉富收村頂中下街３１、３１－１號１樓,(05)2303553,0,2,2020/02/08 03:50:05
5940131354,宏達藥局,嘉義縣中埔鄉金蘭村頂山門４４－１號１樓,(05)2399786,2,0,2020/02/08 03:50:05
5940131381,頂六藥局,嘉義縣中埔鄉金蘭村頂山門３４之６５號,(05)2303192,0,50,2020/02/08 03:50:05
5940131390,寶興藥局,嘉義縣中埔鄉中山路五段９６７號,(05)2397308,0,1,2020/02/08 03:50:05
5940140031,泰安藥局,嘉義縣竹崎鄉內埔村元興路１０６號,(05)2542758,0,74,2020/02/08 03:50:05
5940140068,邱藥局,嘉義縣竹崎鄉灣橋村３６３號,(05)2791199,0,34,2020/02/08 03:50:05
5940140111,大豐藥局,嘉義縣竹崎鄉內埔村元興路１１１號,(05)2542688,0,6,2020/02/08 03:50:05
5940141207,灣橋藥局,嘉義縣竹崎鄉灣橋村２２４號,(05)2793577,2,52,2020/02/08 03:50:05
5940141305,東義藥局,嘉義縣竹崎鄉獅埜村東義２０－１８號,(05)2110957,0,17,2020/02/08 03:50:05
5940150073,科有藥局,嘉義縣梅山鄉北興街１２號,(05)2621106,12,4,2020/02/08 03:50:05
5940151132,太田藥局,嘉義縣梅山鄉中山路１６７號,(05)2626447,1,1,2020/02/08 03:50:05
5940161030,博勝藥局,嘉義縣番路鄉下坑村下坑５３號,(05)2591127,0,1,2020/02/08 03:50:05
5941010103,亞洲藥局,臺南市新營區延平里復興路３３之２號,(06)6327366,0,46,2020/02/08 03:50:05
5941010185,安立藥局,臺南市新營區王公里中正路９８號,(06)6321689,0,6,2020/02/08 03:50:05
5941010256,人生藥局,臺南市新營區永生里中山路２４９號,(06)6322458,12,22,2020/02/08 03:50:05
5941010283,成大藥局,臺南市新營區太北里７３之１號,(06)6524398,2,0,2020/02/08 03:50:05
5941010292,嘉南藥局,臺南市新營區中營里中山路３４之３號,(06)6322613,6,20,2020/02/08 03:50:05
5941010416,佑康藥局,臺南市新營區新進路２段１０３號,(06)6354620,0,2,2020/02/08 03:50:05
5941011495,毛藥局,臺南市新營區民權里三民路１０８號,(06)6323466,0,2,2020/02/08 03:50:05
5941011548,欣欣藥局,臺南市新營區太北里１４６之２８號,(06)6530179,198,48,2020/02/08 03:50:05
5941011600,人安藥局,臺南市新營區民權里信義街７０號,(06)6376863,2,16,2020/02/08 03:50:05
5941011637,健而康藥局,臺南市新營區中山路２００號,(06)6355224,0,52,2020/02/08 03:50:05
5941011646,仁愛藥局,臺南市新營區民權路８２號,(06)6320209,2,78,2020/02/08 03:50:05
5941011708,兆豐藥局,臺南市新營區忠政里中正路５７–１６號,(06)6352205,6,26,2020/02/08 03:50:05
5941011780,均安藥局,臺南市新營區三民路１３８之１附１號,(06)6376987,0,6,2020/02/08 03:50:05
5941011833,幼幼藥局,臺南市新營區復興路１２９之３號,(06)6353953,0,12,2020/02/08 03:50:05
5941011842,康泰藥師藥局,臺南市新營區民生路１６之１號１樓,(06)6377807,4,0,2020/02/08 03:50:05
5941011851,新日康藥局,臺南市新營區三仙里民權路６３之３號,(06)6332833,13,0,2020/02/08 03:50:05
5941030089,新信安藥局,臺南市白河區中山路５１號,(06)6852173,0,34,2020/02/08 03:50:05
5941030114,協宏藥局,臺南市白河區竹門里９８之３號,(06)6852961,0,92,2020/02/08 03:50:05
5941031237,泰安藥局,臺南市白河區外角里新興路４８７號,(06)6840560,0,70,2020/02/08 03:50:05
5941040049,安安藥局,臺南市麻豆區興中路８８號,(06)5727475,4,0,2020/02/08 03:50:05
5941040067,永福藥局,臺南市麻豆區仁愛路７號,(06)5723329,0,8,2020/02/08 03:50:05
5941041224,信義藥局,臺南市麻豆區晉江里信義路３４之１２號,(06)5725120,26,56,2020/02/08 03:50:05
5941041233,神農藥局,臺南市麻豆區東角里興中路１９５號,(06)5721136,1,12,2020/02/08 03:50:05
5941041297,台灣藥局,臺南市麻豆區信義路１１之１３號,(06)5726126,2,2,2020/02/08 03:50:05
5941041313,市伍藥局,臺南市麻豆區中正路７３號１樓,(06)5724589,0,28,2020/02/08 03:50:05
5941041322,紘信藥局,臺南市麻豆區中山路１４７號,(06)5711289,1,12,2020/02/08 03:50:05
5941050045,佳晟藥局,臺南市佳里區安西里光復路２６５號,(06)7220732,0,2,2020/02/08 03:50:05
5941050054,立昌藥局,臺南市佳里區安西里光復路２４４號,(06)7225314,0,18,2020/02/08 03:50:05
5941050063,新生中西藥局,臺南市佳里區忠仁里新生路８７號,(06)7224563,0,2,2020/02/08 03:50:05
5941051266,佑佑藥局,臺南市佳里區安西里文化路２４８號,(06)7214426,0,20,2020/02/08 03:50:05
5941051417,賀康藥局,臺南市佳里區文化路２０７號,(06)7221447,0,16,2020/02/08 03:50:05
5941051426,家名藥局,臺南市佳里區延平路３５７號,(06)7236695,0,9,2020/02/08 03:50:05
5941051453,佳佳藥局,臺南市佳里區中山路３８６號,(06)7227639,0,30,2020/02/08 03:50:05
5941051462,星興藥局,臺南市佳里區延平路４０３號,(06)7236993,0,100,2020/02/08 03:50:05
5941051499,雅倫藥局,臺南市佳里區建南街１６５號１樓,(06)7229488,0,4,2020/02/08 03:50:05
5941051524,萊安藥局,臺南市佳里區中山路２２２號,(06)7223780,0,6,2020/02/08 03:50:05
5941051542,黃藥師藥局,臺南市佳里區忠孝路２９３號１樓,(06)7217033,0,4,2020/02/08 03:50:05
5941060050,炳騰藥局,台南市新化區那拔里２９０號,(06)5911687,4,0,2020/02/08 03:50:05
5941061146,欣華藥局,臺南市新化區護國里中正路４０４號,(06)5908832,0,26,2020/02/08 03:50:05
5941061173,杏安藥局,臺南市新化區武安里信義路３２０號,(06)5801081,0,20,2020/02/08 03:50:05
5941061306,千福藥局,臺南市新化區中山路４２４號１樓,(06)5905862,6,0,2020/02/08 03:50:05
5941080016,世酆藥局,臺南市學甲區仁得里成功路１１－１號,(06)7838779,1,6,2020/02/08 03:50:05
5941080052,一安藥局,臺南市學甲區新生里華宗路４４１號,(06)7835504,6,30,2020/02/08 03:50:05
5941081157,芳鄰藥局,臺南市學甲區仁得里建國路１１９號,(06)7822389,200,50,2020/02/08 03:50:05
5941081184,慈生藥局,臺南市學甲區慈生里濟生路９４之５號１樓,(06)7821818,0,68,2020/02/08 03:50:05
5941081193,信忠藥局,臺南市學甲區中正路２７４號,(06)7832363,0,20,2020/02/08 03:50:05
5941100013,嘉民藥局,臺南市後壁區嘉民里上茄苳１４６號,(06)6882322,0,32,2020/02/08 03:50:05
5941100040,瑞益藥局,臺南市後壁區嘉田里５８－１號,(06)6881486,0,6,2020/02/08 03:50:05
5941101092,慈慧藥局,臺南市後壁區菁豐里６８–２號,(06)6621976,6,46,2020/02/08 03:50:05
5941110019,豐源中西藥局,台南市東山區東中里達雲路１段３５號,(06)6802615,36,4,2020/02/08 03:50:05
5941111061,杏春堂中西藥局,臺南市東山區中興路９７號,(06)6802682,2,0,2020/02/08 03:50:05
5941120015,楊生藥局,臺南市下營區中山路一段９０號,(06)6891723,2,0,2020/02/08 03:50:05
5941121110,健安藥局,臺南市下營區後街里中正北路７３號１樓,(06)6790417,0,8,2020/02/08 03:50:05
5941131296,康健藥局,臺南市六甲區復興街５５之１號,(06)6995195,0,32,2020/02/08 03:50:05
5941131303,泰和藥局,臺南市六甲區二甲里中山路１０１號１樓,(06)6989623,2,4,2020/02/08 03:50:05
5941131312,慧佳藥局,臺南市六甲區建國街７６號,(06)6990892,200,100,2020/02/08 03:50:05
5941131321,民康藥局,臺南市六甲區中正路５３１之１號,(06)6980980,12,30,2020/02/08 03:50:05
5941140035,全民藥局,臺南市官田區隆田里中山路一段４０號,(06)5791057,1,0,2020/02/08 03:50:05
5941151056,三和藥局,臺南市大內區內江里２７０號,(06)5762187,6,0,2020/02/08 03:50:05
5941161070,厚真藥局,臺南市西港區營西里２鄰後營１７號,(06)7962628,0,4,2020/02/08 03:50:05
5941190017,憲宗藥局,臺南市北門區東壁里７０４號,(06)7864225,0,26,2020/02/08 03:50:05
5941190044,謝藥局,臺南市北門區保吉里４１２號１樓,(06)7864192,14,0,2020/02/08 03:50:05
5941200027,重仁藥局,臺南市新市區新市里中興街４８號,(06)5998586,2,0,2020/02/08 03:50:05
5941230025,柏林藥局,臺南市玉井區玉田里中正路２２４號,(06)5742386,0,30,2020/02/08 03:50:05
5941231111,大眾藥局,臺南市玉井區中華路２３７號,(06)5744099,0,6,2020/02/08 03:50:05
5941231120,晨暉藥局,臺南市玉井區中華路１８４號,(06)5749695,0,42,2020/02/08 03:50:05
5941241117,信安藥局,臺南市楠西區東勢里茄拔路１６５號,(06)5753177,4,0,2020/02/08 03:50:05
5941260014,又佳藥局,臺南市左鎮區中正里１５６之９號,(06)5732367,6,28,2020/02/08 03:50:05
5941270074,歐大藥局,臺南市仁德區中洲里中洲路５４１號,(06)2664831,0,18,2020/02/08 03:50:05
5941270109,振裕藥局,臺南市仁德區二行里二行一路１６５號,(06)2661478,0,1,2020/02/08 03:50:05
5941270154,成吉藥局,臺南市仁德區新田里中正路二段４６８號,(06)2798003,7,0,2020/02/08 03:50:05
5941270163,太子藥局,臺南市仁德區太子里太子路３３８號,(06)2729906,3,0,2020/02/08 03:50:05
5941271302,大力藥局仁德店,臺南市仁德區後壁里中正路二段２６４號,(06)2705958,0,4,2020/02/08 03:50:05
5941271455,成吉藥局仁義店,臺南市仁德區仁義路４２之１號,(06)2497307,2,0,2020/02/08 03:50:05
5941280043,道仁藥局,臺南市歸仁區許厝里中山路一段４７８號,(06)2301967,0,8,2020/02/08 03:50:05
5941280089,躍達藥局,臺南市歸仁區大智街１０號,(06)2301360,0,6,2020/02/08 03:50:05
5941280141,歐美藥師藥局,臺南市歸仁區後市里民權北路６８號,(06)3308010,0,2,2020/02/08 03:50:05
5941281282,仁銨藥局,臺南市歸仁區中山路一段３２２號,(06)3304861,8,16,2020/02/08 03:50:05
5941281362,安麗兒藥局,臺南市歸仁區辜厝里中山路二段７１號,(06)2399212,1,0,2020/02/08 03:50:05
5941281442,倍安藥局,台南市歸仁區大潭里長榮路１段２３２號,(06)2782913,0,18,2020/02/08 03:50:05
5941281451,生祥大藥局,臺南市歸仁區中山路２段４６號之１號,(06)2396538,0,2,2020/02/08 03:50:05
5941291206,和聖藥局,臺南市關廟區中山路２段１３７之８號,(06)5963687,0,18,2020/02/08 03:50:05
5941310064,鐘藥局,臺南市永康區崑山里大灣路１０１２號,(06)2726635,2,0,2020/02/08 03:50:05
5941310206,一航藥局,臺南市永康區復國一路２３３號,(06)3115595,0,2,2020/02/08 03:50:05
5941310528,邱藥局,臺南市永康區中華西街５５號１樓,(06)3020828,200,52,2020/02/08 03:50:05
5941310573,林藥局,臺南市永康區鹽行里中正南路７６０號,(06)2546564,0,2,2020/02/08 03:50:05
5941310715,都都藥局,臺南市永康區中山南路１２８號,(06)2314815,0,32,2020/02/08 03:50:05
5941310957,久大藥師藥局,臺南市永康區崑山里大灣路１０５８號,(06)2724195,0,2,2020/02/08 03:50:05
5941312577,麗生藥師藥局,臺南市永康區大灣路２８０號,(06)2737099,0,2,2020/02/08 03:50:05
5941312648,上宜藥局,臺南市永康區中華一路７０號,(06)3116288,0,2,2020/02/08 03:50:05
5941312755,佑健康藥師藥局,臺南市永康區文化路２０２之３號,(06)2316257,0,4,2020/02/08 03:50:05
5942010081,杏門藥局,高雄市鳳山區老爺里海洋二路１７８號,(07)7635781,2,0,2020/02/08 03:50:05
5942010125,中央藥局,高雄市鳳山區五甲三路７１號,(07)8217320,4,2,2020/02/08 03:50:05
5942010214,謝藥局,高雄縣鳳山市南江街１２６號,(07)7226685,204,46,2020/02/08 03:50:05
5942010269,大華藥局,高雄市鳳山區青年路二段４６６號,(07)7774881,4,0,2020/02/08 03:50:05
5942010321,南億藥局,高雄市鳳山區光復路７４號,(07)7105010,0,26,2020/02/08 03:50:05
5942010349,長英藥局,高雄市鳳山區八德路二段２６７號,(07)7805002,0,13,2020/02/08 03:50:05
5942010358,護民藥局,高雄市鳳山區光遠路２０５號,(07)7462525,0,2,2020/02/08 03:50:05
5942010563,一心堂藥局,高雄市鳳山區五甲二路５２３號,(07)8213971,0,2,2020/02/08 03:50:05
5942010643,王藥局,高雄市鳳山區一甲里南江街１２９號,(07)7716581,184,50,2020/02/08 03:50:05
5942010812,一仁藥局,高雄市鳳山區自由路２００號,(07)7425004,0,10,2020/02/08 03:50:05
5942010947,銘豐大藥局,高雄市鳳山區海洋二路１７５號,(07)7636795,0,2,2020/02/08 03:50:05
5942011211,永吉藥局,高雄市鳳山區瑞興路４０２之１號,(07)7018047,0,68,2020/02/08 03:50:05
5942011275,壹家二益藥局,高雄市鳳山區文德里文衡路４００號一樓,(07)7761648,0,2,2020/02/08 03:50:05
5942011480,頂好藥師藥局,高雄市鳳山區光華東路１５號,(07)7430834,0,22,2020/02/08 03:50:05
5942011524,中華藥局,高雄市鳳山區中山路１４２號,(07)7472853,0,2,2020/02/08 03:50:05
5942011766,見康藥局,高雄市鳳山區中崙路５７８號,(07)7535158,36,0,2020/02/08 03:50:05
5942011800,福德中西藥局,高雄縣鳳山市鳳北路３６之１號,(07)7465530,1,0,2020/02/08 03:50:05
5942011819,鳳山丁丁藥局,高雄市鳳山區協和里自由路１５１號１樓,(07)7101080,2,0,2020/02/08 03:50:05
5942013260,辰好藥局,高雄市鳳山區中山東路２８１號,(07)7027064,2,2,2020/02/08 03:50:05
5942013653,鳳林藥局中山店,高雄市鳳山區瑞竹里中山東路２３１號,(07)7019039,0,6,2020/02/08 03:50:05
5942013699,新怡安藥局,高雄市鳳山區海洋里新富路５１２號,(07)7633565,6,0,2020/02/08 03:50:05
5942013788,佳恩藥局,高雄市鳳山區和德里中山路７５－１號,(07)7460297,0,19,2020/02/08 03:50:05
5942013797,北京藥局,高雄市鳳山區一甲里五甲二路３４２號１樓,(07)7117100,6,0,2020/02/08 03:50:05
5942013868,好郝藥局建國店,高雄市鳳山區建國路三段３９３號１樓,(07)7779771,4,6,2020/02/08 03:50:05
5942013902,順發藥局,高雄市鳳山區新強里新富路２３９號,(07)7630666,0,8,2020/02/08 03:50:05
5942014052,長青連鎖藥局大士店,高雄市鳳山區五甲一路１３９號,(07)7104618,0,2,2020/02/08 03:50:05
5942014203,久億藥局,高雄市鳳山區海洋一路１２１號,(07)7663095,1,0,2020/02/08 03:50:05
5942014212,菩提大藥局,高雄市鳳山區新興里維新路１２１號１樓,(07)7903323,6,24,2020/02/08 03:50:05
5942020023,醫聯藥局,高雄市岡山區前峰里公園西路３段１２５號,(07)6259873,14,0,2020/02/08 03:50:05
5942021486,人人藥局,高雄市岡山區維新東街２號,(07)6230678,6,0,2020/02/08 03:50:05
5942021726,天德藥局,高雄市岡山區碧紅里中山北路３９號,(07)6230111,6,0,2020/02/08 03:50:05
5942030056,賜安藥局,高雄市旗山區大德里中山路１１號,(07)6612057,0,2,2020/02/08 03:50:05
5942030092,天明藥局,高雄市旗山區大同路至誠巷１５號,(07)6621311,0,25,2020/02/08 03:50:05
5942030181,良安藥局,高雄市旗山區旗南一路５３號,(07)6617532,0,42,2020/02/08 03:50:05
5942030225,吉本藥局,高雄市旗山區旗南里中洲路４７４－１號,(07)6663226,0,34,2020/02/08 03:50:05
5942031366,辰安藥局,高雄市旗山區延平一路５４５號,(07)6623545,0,12,2020/02/08 03:50:05
5942031428,奇奇藥局,高雄市旗山區旗文路１４４－７號,(07)6622910,0,12,2020/02/08 03:50:05
5942031437,美心藥局,高雄市旗山區瑞吉里延平一路３３５號,(07)6626638,0,40,2020/02/08 03:50:05
5942040089,進安堂藥局,高雄市美濃區忠孝路１段３７２號,(07)6812741,26,20,2020/02/08 03:50:05
5942041326,萬安藥局,高雄市美濃區成功路２１９－１號,(07)6812332,0,6,2020/02/08 03:50:05
5942041344,李藥局,高雄市美濃鎮忠孝路一段２－３號,(07)6818682,0,6,2020/02/08 03:50:05
5942051528,聯安藥局,高雄市林園區林園北路３４２號１樓,(07)6429882,8,0,2020/02/08 03:50:05
5942060054,德恩藥局,高雄市大寮區義和路１９２號,(07)6513778,0,22,2020/02/08 03:50:05
5942060152,洋洋藥局,高雄市大寮區中庄里鳳屏一路５１２號,(07)7034256,194,56,2020/02/08 03:50:05
5942060385,義和藥局,高雄市大寮區義和里義和路１６１號,(07)6527206,1,16,2020/02/08 03:50:05
5942070167,中元藥局,高雄市大樹區大樹村中興南路７９號,(07)6512041,0,6,2020/02/08 03:50:05
5942071315,一順藥局,高雄市大樹區實踐街８８之１號,(07)6516999,0,2,2020/02/08 03:50:05
5942080010,仁信藥局,高雄市仁武區仁武里中正路１４６號,(07)3716115,0,6,2020/02/08 03:50:05
5942080038,日建藥局,高雄市仁武區灣內里仁忠路３２號,(07)3713497,0,4,2020/02/08 03:50:05
5942081222,星億藥局,高雄市仁武區中正路１６７、１６９號,(07)3712815,200,50,2020/02/08 03:50:05
5942081393,明曜藥局,高雄市仁武區灣內村仁雄路６－６號,(07)3736846,2,6,2020/02/08 03:50:05
5942091184,大社服安藥師藥局,高雄市大社區大社里中山路１２９號,(07)3521375,8,6,2020/02/08 03:50:05
5942100080,復元藥局,高雄市鳥松區鳥松村大仁南路５號,(07)7312979,0,10,2020/02/08 03:50:05
5942101112,有健藥局,高雄市鳥松區本館路３４７號,(07)3790784,0,28,2020/02/08 03:50:05
5942110077,照安藥局,高雄市橋頭區橋南路５５號,(07)6113230,0,8,2020/02/08 03:50:05
5942121114,吉暉藥局,高雄市燕巢區中興路１４號,(07)6169393,4,4,2020/02/08 03:50:05
5942140100,慶德藥局,高雄市阿蓮區阿蓮里中正路５９０號,(07)6312256,26,0,2020/02/08 03:50:05
5942151407,誼康藥局,高雄市路竹區竹東里中山路５４１號,(07)6964043,2,6,2020/02/08 03:50:05
5942171043,明正藥局,高雄市茄萣區茄萣路一段３９１號,(07)6922049,0,4,2020/02/08 03:50:05
5942171114,提安藥局,高雄市茄萣區白砂路２５３巷８號１樓,(07)6906385,400,100,2020/02/08 03:50:05
5942171123,安麗兒藥局,高雄市茄萣區嘉賜里仁愛路三段２２０號,(07)6906029,6,0,2020/02/08 03:50:05
5942171141,天佑藥局,高雄市茄萣區茄萣路二段２２８－１號,(07)6904778,6,0,2020/02/08 03:50:05
5942190039,立達藥局,高雄市彌陀區中正西路２５９－２號,(07)6179277,0,4,2020/02/08 03:50:05
5942190128,柏青藥師藥局,高雄市彌陀區中正路彌靖里中正路１９７號,(07)6107542,4,0,2020/02/08 03:50:05
5942191198,平順藥局,高雄市彌陀區中正路２７８號一樓,(07)6100498,0,4,2020/02/08 03:50:05
5942201199,安麗兒藥局梓官店,高雄市梓官區嘉展路４７９號,(07)6106189,0,4,2020/02/08 03:50:05
5942211122,永昇藥局,高雄市六龜區太平路８５號,(07)6895522,0,42,2020/02/08 03:50:05
5942220023,維康藥局,高雄市甲仙區西安里中正路２２號,(07)6752585,0,12,2020/02/08 03:50:05
5942220032,文殊堂藥局,高雄市甲仙區西安里文化路２２號,(07)6752176,0,38,2020/02/08 03:50:05
5942221173,永富藥局,高雄市甲仙區和安街３０號,(07)6754383,0,68,2020/02/08 03:50:05
5942230065,明峰藥局,高雄市杉林區上平村山仙路１７４號,(07)6772778,36,13,2020/02/08 03:50:05
5942240025,蔡藥局,高雄市內門區內門里內門路６４號,(07)6671131,66,36,2020/02/08 03:50:05
5943010076,大茂藥局,屏東縣屏東市逢甲路８５號,(08)7323293,0,3,2020/02/08 03:50:05
5943010101,正欣藥局,屏東縣屏東市前進里清進巷１０７號,(08)7524138,0,6,2020/02/08 03:50:05
5943010156,新東洋藥局,屏東縣屏東市民生路２３８號,(08)7323388,6,2,2020/02/08 03:50:05
5943010192,立眾藥局,屏東縣屏東市勝利路１９０－４號,(08)7665443,22,102,2020/02/08 03:50:05
5943010254,大和藥局,屏東市太平里中正路１６７－１號,(08)7328052,0,10,2020/02/08 03:50:05
5943010263,進東藥局,屏東市平和里民權路４３－３號,(08)7333446,10,30,2020/02/08 03:50:05
5943010272,新東海藥局,屏東市長春里民生路１１６號,(08)7224861,199,51,2020/02/08 03:50:05
5943010281,應安藥局,屏東縣屏東市必信里民族路３０５－７號,(08)7327128,0,10,2020/02/08 03:50:05
5943010343,名石藥局,屏東縣屏東市大連路６０－１０號,(08)7363184,2,36,2020/02/08 03:50:05
5943010432,億泰藥局,屏東市勝利里自由路５８２號,(08)7324005,4,30,2020/02/08 03:50:05
5943010629,有宏藥局,屏東縣屏東市中正里中正路６８８巷１１號,(08)7365564,166,58,2020/02/08 03:50:05
5943010665,中美藥局,屏東市扶風里林森路４５號,(08)7348697,8,18,2020/02/08 03:50:05
5943010763,一生藥局,屏東縣屏東市民族路４９２號,(08)7665353,6,0,2020/02/08 03:50:05
5943011055,振東中西藥局,屏東縣屏東市崇蘭里１００之６號,(08)7656522,3,0,2020/02/08 03:50:05
5943011135,昱昇藥師藥局,屏東市北勢里中正路３７３－１號,(08)7377471,1,0,2020/02/08 03:50:05
5943011279,馥生中西藥局,屏東縣屏東市大武里大武路５４號,(08)7536611,200,50,2020/02/08 03:50:05
5943012570,和信藥局,屏東縣屏東市棒球路８９號,(08)7515918,4,2,2020/02/08 03:50:05
5943012605,中正藥局,屏東縣屏東市中正路１９１號,(08)7339012,0,44,2020/02/08 03:50:05
5943012614,杏林藥局,屏東縣屏東市復興路１３８號,(08)7530233,18,44,2020/02/08 03:50:05
5943012687,禾康藥局,屏東縣屏東市中正路４６０號,(08)7375818,4,26,2020/02/08 03:50:05
5943012758,晉榮藥局,屏東縣屏東市大連路６之１號,(08)7380908,0,184,2020/02/08 03:50:05
5943012801,瑞光藥局,屏東縣屏東市瑞光路二段２５０號,(08)7380002,0,52,2020/02/08 03:50:05
5943012874,明美藥局,屏東縣屏東市復興路２３９號,(08)7515620,0,42,2020/02/08 03:50:05
5943012892,立健藥局,屏東縣屏東市勝利里廣東路９６２號,(08)7328039,0,2,2020/02/08 03:50:05
5943012981,信康生活藥局,屏東縣屏東市永大路２３３號,(08)7519477,198,49,2020/02/08 03:50:05
5943013040,新東京藥局,屏東縣屏東市棒球路４７號,(08)7515817,2,0,2020/02/08 03:50:05
5943013166,名正生活美藥局,屏東縣屏東市復興南路１段９９號,(08)7524395,2,4,2020/02/08 03:50:05
5943013184,統合藥局林森店,屏東縣屏東市林森路２５之４９號,(08)7233370,2,0,2020/02/08 03:50:05
5943013237,美加康藥局,屏東縣屏東市廣東南路６５號,(08)7512530,32,2,2020/02/08 03:50:05
5943013308,佳美屏基健保藥局,屏東縣屏東市華山里大連路６０之６號,(08)7373766,2,0,2020/02/08 03:50:05
5943013317,心安藥局,屏東縣屏東市自由路４６３號２樓,(08)7343603,0,66,2020/02/08 03:50:05
5943013424,永昇藥局,屏東縣屏東市民生路１８之１１號,(08)7210069,0,36,2020/02/08 03:50:05
5943013479,吉康美妝保健藥局,屏東縣屏東市永福路２０號,(08)7330803,3,22,2020/02/08 03:50:05
5943013497,明正藥局,屏東縣屏東市自由路３８１號,(08)7384391,0,50,2020/02/08 03:50:05
5943013577,佳欣藥局,屏東縣屏東市莊敬街一段９４號,(08)7367992,0,24,2020/02/08 03:50:05
5943013620,增健康藥局,屏東縣屏東市自由路５７９號,(08)7666630,2,40,2020/02/08 03:50:05
5943013648,信安藥局,屏東縣屏東市金泉里漢口街１１號,(08)7322332,0,26,2020/02/08 03:50:05
5943013746,柏吉藥師藥局,屏東縣屏東市勝利路３２２巷１３號,(08)7668255,234,84,2020/02/08 03:50:05
5943013808,真心藥局,屏東縣屏東市廣東路１０１８號,(08)7334355,0,10,2020/02/08 03:50:05
5943013817,永泰藥師藥局,屏東縣屏東市龍華路１５２號,(08)7531880,4,0,2020/02/08 03:50:05
5943013853,復順藥局,屏東縣屏東市公園東路８４－２號,(08)7215662,0,16,2020/02/08 03:50:05
5943013871,人和藥局,屏東縣屏東市林森路５４－１號,(08)7663883,0,2,2020/02/08 03:50:05
5943013880,一二藥局,屏東縣屏東市廣東路１０９４號,(08)7324688,6,0,2020/02/08 03:50:05
5943013899,尚正藥局,屏東縣屏東市端正里中正路１１５之４號,(08)7665899,0,54,2020/02/08 03:50:05
5943013924,喜樂社區藥局,屏東縣屏東市公裕街１６２號,(08)7666552,0,10,2020/02/08 03:50:05
5943013951,大林藥師藥局,屏東縣屏東市平和里仁愛路５９號１樓,(08)7320680,0,5,2020/02/08 03:50:05
5943013979,彥芳藥局,屏東縣屏東市自由路３６４－３號,(08)7385559,0,70,2020/02/08 03:50:05
5943014001,康乃爾藥局,屏東縣屏東市大豐路９－１號,(08)7550506,7,52,2020/02/08 03:50:05
5943014038,冠綸藥局,屏東縣屏東市華正路２５５號１樓,(08)7365488,190,50,2020/02/08 03:50:05
5943014047,自由藥局,屏東縣屏東市自由路４００號,(08)7386682,0,36,2020/02/08 03:50:05
5943014092,屏東藥局,屏東縣屏東市自由路６３１號,(08)7323331,2,16,2020/02/08 03:50:05
5943014109,維康藥局,屏東縣屏東市中華路６１－１號,(08)7346888,7,14,2020/02/08 03:50:05
5943014118,信康加藥局,屏東縣屏東市建豐路２０８號,(08)7382158,5,0,2020/02/08 03:50:05
5943014145,廣東藥局,屏東縣屏東市廣東路６８２－２．６８４號,(08)7362210,4,52,2020/02/08 03:50:05
5943014163,寬懷藥局,屏東縣屏東市中山路４０號,(08)7333555,0,22,2020/02/08 03:50:05
5943020063,大安藥局,屏東縣潮州鎮永春里光春路７１號,(08)7884500,10,0,2020/02/08 03:50:05
5943020090,晉源藥師藥局,屏東縣潮州鎮新興路６５之１號,(08)7886819,3,22,2020/02/08 03:50:05
5943020134,東隆藥局,屏東縣潮州鎮同榮里建基路１１７號,(08)7882810,0,48,2020/02/08 03:50:05
5943020232,健惠藥局,屏東縣潮州鎮大同路４９號,(08)7894797,204,52,2020/02/08 03:50:05
5943020358,民安藥局,屏東縣潮州鎮同榮里西市路３８號,(08)7885763,0,62,2020/02/08 03:50:05
5943020367,安欣藥師藥局,屏東縣潮州鎮延平路一六八號,(08)7805759,2,8,2020/02/08 03:50:05
5943021426,日得藥局,屏東縣潮州鎮延平路１７６號,(08)7885685,2,30,2020/02/08 03:50:05
5943021515,鈺康藥局,屏東縣潮州鎮四維路２１３號,(08)7800921,196,54,2020/02/08 03:50:05
5943021604,葉錦霖藥局,屏東縣潮州鎮新榮里中山五巷３－４號,(08)7885629,0,20,2020/02/08 03:50:05
5943021631,健鑫藥局,屏東縣潮州鎮萬年路１４１號,(08)7862685,0,18,2020/02/08 03:50:05
5943021695,立康藥局,屏東縣潮州鎮介壽路７７號１樓,(08)7800995,0,6,2020/02/08 03:50:05
5943021720,潮州藥局,屏東縣潮州鎮介壽路１－１號,(08)7894000,0,36,2020/02/08 03:50:05
5943021739,新生西藥局,屏東縣潮州鎮中洲路１９８號,(08)7886022,4,26,2020/02/08 03:50:05
5943021757,潮美藥局,屏東縣潮州鎮蓬榮街２６號,(08)7895388,0,54,2020/02/08 03:50:05
5943021766,欣正宗藥局,屏東縣潮州鎮新生路３６號,(08)7892250,0,4,2020/02/08 03:50:05
5943030112,怡仁藥局,屏東縣東港鎮頂中里中正路１０７號,(08)8322159,0,12,2020/02/08 03:50:05
5943031324,嘉祐藥局,屏東縣東港鎮中正路一段６８號,(08)8310209,208,44,2020/02/08 03:50:05
5943031495,東華藥局,屏東縣東港鎮中正路８３號,(08)8322616,6,0,2020/02/08 03:50:05
5943031619,健人藥局,屏東縣東港鎮中正路１４２號,(08)8333828,0,6,2020/02/08 03:50:05
5943031771,東港藥局,屏東縣東港鎮中正路２５７˙２５７－１號,(08)8325133,0,2,2020/02/08 03:50:05
5943031780,東港丁丁藥局,屏東縣東港鎮長春一路９７號,(08)8336068,0,1,2020/02/08 03:50:05
5943031806,旭安藥局,屏東縣東港鎮光復路一段１８０號１樓,(08)8310552,6,2,2020/02/08 03:50:05
5943040047,聖鑫藥局,屏東縣恆春鎮中正路７３號,(08)8891132,0,2,2020/02/08 03:50:05
5943050150,成大藥局,屏東縣萬丹鄉萬全村萬榮街８３號１．２樓,(08)7771643,1,1,2020/02/08 03:50:05
5943051282,建霖藥局,屏東縣萬丹鄉萬惠村萬丹路一段６號１F,(08)7777299,4,0,2020/02/08 03:50:05
5943051291,張藥局,屏東縣萬丹鄉社中村社皮路三段２３２號,(08)7077289,0,16,2020/02/08 03:50:05
5943051415,好藥多藥局,屏東縣萬丹鄉水泉村萬新路１３８８號,(08)7770055,0,2,2020/02/08 03:50:05
5943060030,睦昌藥局,屏東縣長治鄉崑崙路１８８之１５號,(08)7622433,0,54,2020/02/08 03:50:05
5943060067,長興藥師藥局,屏東縣長治鄉長興路３０６號,(08)7382328,0,1,2020/02/08 03:50:05
5943061082,佑安藥局,屏東縣長治鄉新潭村長興路２４之１號,(08)7383958,0,24,2020/02/08 03:50:05
5943061135,宏大藥師藥局潭頭店,屏東縣長治鄉潭頭路１５５號,(08)7369957,0,2,2020/02/08 03:50:05
5943081100,東寧藥局,屏東縣九如鄉東寧村東寧路１８０號,(08)7394122,0,4,2020/02/08 03:50:05
5943081137,九如藥局,屏東縣九如鄉東寧村九如路二段２３０號,(08)7397777,2,0,2020/02/08 03:50:05
5943081155,信昌藥局,屏東縣九如鄉九如路２段１１９號,(08)7397337,6,0,2020/02/08 03:50:05
5943090029,亞洲藥局,屏東縣里港鄉永春路８號,(08)7752938,17,0,2020/02/08 03:50:05
5943091160,里港寶康藥局,屏東縣里港鄉仁和路２４號,(08)7721189,6,0,2020/02/08 03:50:05
5943100516,益通藥局,屏東縣鹽埔鄉新二村維新路７４之８號,(08)7932241,0,4,2020/02/08 03:50:05
5943101125,聯豐藥局,屏東縣鹽埔鄉新二村維新路７２之１號,(08)7930808,2,0,2020/02/08 03:50:05
5943110035,永效藥局,屏東縣高樹鄉司馬村長美路８３號,(08)7960295,7,40,2020/02/08 03:50:05
5943110044,宏順藥局,屏東縣高樹鄉長榮村南昌路２－２號,(08)7962136,0,12,2020/02/08 03:50:05
5943110062,永昌藥局,屏東縣高樹鄉產業路１６３號,(08)7956087,0,1,2020/02/08 03:50:05
5943111167,必佳藥局,屏東縣高樹鄉高樹村南興路６０－６號,(08)7967927,0,42,2020/02/08 03:50:05
5943120022,何藥局,屏東縣萬巒鄉佳佐村民生路１２９號,(08)7836888,198,66,2020/02/08 03:50:05
5943125125,昕妙春藥局,屏東縣萬巒鄉新置村新隆路４８號,(08)7850153,0,6,2020/02/08 03:50:05
5943125189,寶合康藥局,屏東縣萬巒鄉佳和村佳興路３６－８號,(08)7831017,196,52,2020/02/08 03:50:05
5943130082,健林藥局,屏東縣內埔鄉中興路１５７號,(08)7790635,2,0,2020/02/08 03:50:05
5943130260,內埔藥師藥局,屏東縣內埔鄉東寧村南寧路２號,(08)7788919,0,2,2020/02/08 03:50:05
5943131365,內埔藥師藥局文化店,屏東縣內埔鄉內埔村文化路３８２號,(08)7693929,0,20,2020/02/08 03:50:05
5943131392,內田藥局,屏東縣內埔鄉內田村廣濟路２５５號,(08)7692222,0,28,2020/02/08 03:50:05
5943131481,禾韻藥局,屏東縣內埔鄉龍泉村東川路３５號,(08)7700378,2,0,2020/02/08 03:50:05
5943131534,內埔啄木鳥藥局,屏東縣內埔鄉光明路４７１號,(08)7787078,0,5,2020/02/08 03:50:05
5943140015,新健安藥局,屏東縣竹田鄉竹田村自強路６６－３號,(08)7710789,3,0,2020/02/08 03:50:05
5943140060,富田藥局,屏東縣竹田鄉中正路１３３－１號,(08)7711858,0,4,2020/02/08 03:50:05
5943151027,安泰藥局新埤店,屏東縣新埤鄉新華路１６３號,(08)7973793,0,16,2020/02/08 03:50:05
5943151054,永聖藥局,屏東縣新埤鄉中正路７７號,(08)7972379,206,66,2020/02/08 03:50:05
5943161078,水底寮健人藥師藥局,屏東縣枋寮鄉中華路２６５號,(08)8716828,4,0,2020/02/08 03:50:05
5943161130,新鴻藥局,屏東縣枋寮鄉中山路３１１號,(08)8783321,10,8,2020/02/08 03:50:05
5943170077,健安藥局,屏東縣新園鄉中洲村南興路１７０號,(08)8322649,2,42,2020/02/08 03:50:05
5943170095,長安中西藥局,屏東縣新園鄉中洲村南興路１９４號,(08)8336986,0,8,2020/02/08 03:50:05
5943181070,佳恩藥局,屏東縣崁頂鄉興農路４８號,(08)8635257,0,18,2020/02/08 03:50:05
5943190088,壽泰健康藥局,屏東縣林邊鄉仁和村中山路１９１號,(08)8752366,6,0,2020/02/08 03:50:05
5943200016,萬隆發藥局,屏東縣南州鄉仁里村三民路３９號,(08)8642176,2,0,2020/02/08 03:50:05
5943200052,源明藥局,屏東縣南州鄉三民路１４８號,(08)8642276,194,54,2020/02/08 03:50:05
5943201095,南州健人藥師藥局,屏東縣南州鄉三民路１４９號,(08)8646828,0,4,2020/02/08 03:50:05
5943221131,美美藥局,屏東縣琉球鄉中山路７５之３號,(08)8612191,1,0,2020/02/08 03:50:05
5943231048,車城藥局,屏東縣車城鄉福興村中山路４２號,(08)8825329,0,4,2020/02/08 03:50:05
5943251068,莊淳溢藥局,屏東縣枋山鄉善餘村德隆路35-1號,(08)8771836,180,90,2020/02/08 03:50:05
5943310553,康健藥局,屏東縣春日鄉春日村春日路１８-１號,(08)8782098,1,0,2020/02/08 03:50:05
5944010043,新見安藥局,澎湖縣馬公市光明里光復路９５號,(06)9277346,0,4,2020/02/08 03:50:05
5944011335,振發藥局,澎湖縣馬公市中華路１９７號,(06)9274529,2,0,2020/02/08 03:50:05
5944011371,永安藥局,澎湖縣馬公市陽明路１１２號,(06)9265317,0,4,2020/02/08 03:50:05
5944011424,宏淇藥局,澎湖縣馬公市大勇街５０號,(06)9260782,0,6,2020/02/08 03:50:05
5944011442,澎躍藥局,澎湖縣馬公市朝陽里文昌街５０－５號６樓,(06)9277343,0,54,2020/02/08 03:50:05
5944020558,全民藥局,澎湖縣湖西鄉湖西村１５０－３號,(06)9920403,0,4,2020/02/08 03:50:05
5944040014,金福藥局,澎湖縣西嶼鄉池東村４３之２號,(06)9984048,2,0,2020/02/08 03:50:05
5945010047,邱藥局,花蓮縣花蓮市忠孝街４８號,(03)8324573,2,0,2020/02/08 03:50:05
5945010118,永昇藥局,花蓮縣花蓮市化道路２１２之１號,(03)8225887,0,4,2020/02/08 03:50:05
5945010136,保康藥局,花蓮縣花蓮市建國路２段３４０號,(03)8579760,0,10,2020/02/08 03:50:05
5945010154,郭藥局,花蓮縣花蓮市中美路９５號之３,(03)8230761,2,0,2020/02/08 03:50:05
5945010289,易生藥局,花蓮縣花蓮市中正路４４３號,(03)8322927,0,2,2020/02/08 03:50:05
5945011311,祥悅藥局,花蓮縣花蓮市和平路５４９號,(03)8323808,4,60,2020/02/08 03:50:05
5945011366,康復藥局,花蓮縣花蓮市中和街２０１號,(03)8323658,0,50,2020/02/08 03:50:05
5945011428,博愛藥局,花蓮縣花蓮市南京街２７６號,(03)8323335,0,38,2020/02/08 03:50:05
5945011517,宏卿藥局,花蓮縣花蓮市林森路４１９號,(03)8328152,200,50,2020/02/08 03:50:05
5945011526,奧爾思藥局,花蓮縣花蓮市博愛街２１５號,(03)8325573,0,56,2020/02/08 03:50:05
5945011759,康馨藥局,花蓮縣花蓮市鎮國街１３號,(03)8325988,0,30,2020/02/08 03:50:05
5945011795,晉嘉藥局,花蓮縣花蓮市明禮路７１之８號,(03)8347329,4,0,2020/02/08 03:50:05
5945012069,華康藥局,花蓮縣花蓮市建國路１９６號,(03)8328366,0,2,2020/02/08 03:50:05
5945012096,林森藥局,花蓮縣花蓮市林森路３０９之１號B１,(03)8336321,0,32,2020/02/08 03:50:05
5945012112,金英寶藥局,花蓮縣花蓮市國富十街９８號１樓,(03)8569596,0,2,2020/02/08 03:50:05
5945012185,惠生藥局,花蓮縣花蓮市新港街４９號,(03)8336836,0,16,2020/02/08 03:50:05
5945012229,富康大藥局,花蓮縣花蓮市中美路７３－２號一樓,(03)8227396,2,0,2020/02/08 03:50:05
5945012434,博文藥局,花蓮縣花蓮市光復街２２號,(03)8345657,4,6,2020/02/08 03:50:05
5945012498,安安藥局,花蓮縣花蓮市中山路１４２－８號,(03)8334514,0,28,2020/02/08 03:50:05
5945012630,三光藥局,花蓮縣花蓮市中華路２５１－３號１樓,(03)8333605,0,110,2020/02/08 03:50:05
5945012649,活泉藥局,花蓮縣花蓮市中正路１７６號,(03)8316633,0,2,2020/02/08 03:50:05
5945012685,慈田藥局,花蓮縣花蓮市中華路１８８號,(03)8316889,0,4,2020/02/08 03:50:05
5945012701,人仁藥局,花蓮縣花蓮市博愛街１８４－１號,(03)8332267,0,4,2020/02/08 03:50:05
5945012738,安邦健康藥局,花蓮縣花蓮市中美路６３－３號,(03)8341177,0,4,2020/02/08 03:50:05
5945012783,益康大藥局,花蓮縣花蓮市國富里富國路１４６號１樓,(03)8564099,0,4,2020/02/08 03:50:05
5945012934,小甜甜藥局,花蓮縣花蓮市林森路２５８－２號１樓,(03)8355562,4,52,2020/02/08 03:50:05
5945013002,杏家藥局,花蓮縣花蓮市明禮路５號１樓,(03)8323367,4,50,2020/02/08 03:50:05
5945013011,國泰藥局,花蓮縣花蓮市中華路４５９－１號,(03)8530959,0,2,2020/02/08 03:50:05
5945013057,富強健康藥局,花蓮縣花蓮市國裕里２２鄰富強路１２８號,(03)8571839,0,4,2020/02/08 03:50:05
5945013066,藍天藥局,花蓮縣花蓮市林森路４２１號,(03)8328152,0,22,2020/02/08 03:50:05
5945013137,柏陞藥局,花蓮縣花蓮市和平路４９８號,(03)8315339,8,36,2020/02/08 03:50:05
5945021040,人和藥局,花蓮縣鳳林鎮中正路２００號,(03)8762712,0,2,2020/02/08 03:50:05
5945021059,家恩藥局,花蓮縣鳳林鎮中和路２００號之１,(03)8760469,0,2,2020/02/08 03:50:05
5945030076,仁仁藥局,花蓮縣玉里鎮光復路１５２號,(03)8886566,2,66,2020/02/08 03:50:05
5945031199,仁德藥局,花蓮縣玉里鎮中華路１４０號,(03)8882333,0,36,2020/02/08 03:50:05
5945031260,里安藥局,花蓮縣玉里鎮復興街３０號,(038)883737,46,26,2020/02/08 03:50:05
5945031279,錦玉藥局,花蓮縣玉里鎮民生街４４巷３１號,(03)8880648,202,99,2020/02/08 03:50:05
5945041060,佳安藥局,花蓮縣新城鄉北埔村北埔路５０號,(03)8261608,0,16,2020/02/08 03:50:05
5945051413,永安藥局,花蓮縣吉安鄉吉安路２段１３４號,(03)8547952,2,52,2020/02/08 03:50:05
5945051422,甜膠囊藥局,花蓮縣吉安鄉建國路二段２２３之１號,(03)8460699,4,2,2020/02/08 03:50:05
5945051520,洄瀾藥局,花蓮縣吉安鄉中山路三段２７９號,(03)8525217,0,22,2020/02/08 03:50:05
5945051539,和安藥局,花蓮縣吉安鄉永安村吉安路一段３２號,(03)8570032,12,0,2020/02/08 03:50:05
5945051575,宜康藥局,花蓮縣吉安鄉中華路二段１３４號,(03)8512980,0,8,2020/02/08 03:50:05
5945051593,明德藥局,花蓮縣吉安鄉中山路二段１７１號,(03)8513102,0,14,2020/02/08 03:50:05
5945051619,仁愛藥局,花蓮縣吉安鄉慶豐村中山路三段２８０號,(03)8511635,0,4,2020/02/08 03:50:05
5945051717,宜美藥局,花蓮縣吉安鄉中山路２段１號,(03)8524680,0,6,2020/02/08 03:50:05
5945061106,志成藥局,花蓮縣壽豐鄉志學村中正路３７號,(03)8661303,0,20,2020/02/08 03:50:05
5945061188,壽豐藥局,花蓮縣壽豐鄉壽豐路二段７４號,(03)8650872,0,44,2020/02/08 03:50:05
5945070516,平安藥局,花蓮縣光復鄉光華里忠孝路９８號,(03)8700765,10,34,2020/02/08 03:50:05
5945070534,菩濟藥局,花蓮縣光復鄉敦厚路６號,(03)8705968,0,66,2020/02/08 03:50:05
5945070589,快樂藥局,花蓮縣光復鄉中正路一段５９號,(03)8700668,0,64,2020/02/08 03:50:05
5945091088,立健藥局,花蓮縣瑞穗鄉中華路９２號,(03)8870184,10,2,2020/02/08 03:50:05
5945091113,瑞安藥局,花蓮縣瑞穗鄉中山路１段６號,(03)8876616,2,0,2020/02/08 03:50:05
5946011459,賀順藥局,台東縣台東市更生路５６號,(089)345223,8,0,2020/02/08 03:50:05
5946011477,杏林藥局,台東縣台東市中正里光明路１２６號,(089)328674,0,2,2020/02/08 03:50:05
5946011486,大東藥局,台東縣台東市中山路２３８號,(089)349747,4,0,2020/02/08 03:50:05
5946011566,正德藥局,台東縣台東市更生路１９９號２樓,(089)334181,0,4,2020/02/08 03:50:05
5946011851,合興大藥局,臺東縣台東市四維路３段４０號,(089)220995,0,2,2020/02/08 03:50:05
5946012214,采宏健康藥局,臺東縣台東市民生里更生路１２６號,(089)330192,0,4,2020/02/08 03:50:05
5946012232,大正藥局,臺東縣臺東市中興路２段４３４號,(089)239775,2,0,2020/02/08 03:50:05
5946012241,精湛藥局,臺東縣臺東市中正路３４４號,(089)356119,2,35,2020/02/08 03:50:05
5946012287,安心藥局,臺東縣台東市新生路８５號２樓,(089)348337,0,3,2020/02/08 03:50:05
5946012312,仁愛藥局,臺東縣臺東市光明路４０號,(089)350360,2,1,2020/02/08 03:50:05
5946020047,成功健康藥局,臺東縣成功鎮中山路１７號,(089)853332,0,16,2020/02/08 03:50:05
5946030025,大豐藥局,台東縣關山鎮中華路３８號,(089)810502,0,2,2020/02/08 03:50:05
5946041028,安康藥局,台東縣卑南鄉太平里和平路１１１之６號,(089)383729,0,8,2020/02/08 03:50:05
5946061093,仁和藥局,台東縣太麻里鄉泰和村外環路２１８號,(089)781523,0,24,2020/02/08 03:50:05
5946080552,伯安健康藥局,臺東縣長濱鄉長濱村１０鄰長濱路１０５號,(089)832519,20,38,2020/02/08 03:50:05
5946091108,鹿野藥局,台東縣鹿野鄉中華路２段１４６號１樓,(089)552027,0,48,2020/02/08 03:50:05
5990010677,沛禾藥局,金門縣金城鎮民權路１４０號,(082)323520,2,0,2020/02/08 03:50:05
5990020020,大金藥局,金門縣金沙鎮汶沙里五福街１號,(082)355382,2,6,2020/02/08 03:50:05
