醫事機構代碼,醫事機構名稱,醫事機構地址,醫事機構電話,成人口罩剩餘數,兒童口罩剩餘數,來源資料時間
0145080011,衛生福利部花蓮醫院豐濱原住民分院,花蓮縣豐濱鄉豐濱村光豐路４１號,(03)8358141,530,279,2020/02/13 16:37:09
0291010010,連江縣立醫院,連江縣南竿鄉復興村２１７號,(083)623995,0,64,2020/02/13 16:37:09
2331240014,新北市平溪區衛生所,新北市平溪區公園街１７號１樓,(02)24951015,0,258,2020/02/13 16:37:09
2331260016,新北市貢寮區衛生所,新北市貢寮區朝陽街７０巷１０號、新北市貢寮區仁愛路１２８號,(02)24901431,0,136,2020/02/13 16:37:09
2331290014,新北市烏來區衛生所,新北市烏來區新烏路５段１０９號,(02)26617200,0,56,2020/02/13 16:37:09
2333070010,新竹縣橫山鄉衛生所,新竹縣橫山鄉大肚村３鄰新興街１４１巷１０號,(03)5932004,0,70,2020/02/13 16:37:09
2333120015,新竹縣峨眉鄉衛生所,新竹縣峨眉鄉峨眉村峨眉街２鄰５號,(03)5800314,3,184,2020/02/13 16:37:09
2333140017,新竹縣五峰鄉衛生所,新竹縣五峰鄉大隘村六鄰９９號,(03)5851005,317,126,2020/02/13 16:37:09
2334110013,宜蘭縣大同鄉衛生所,宜蘭縣大同鄉崙埤村朝陽４０號,(03)9801175,64,190,2020/02/13 16:37:09
2335110017,苗栗縣南庄鄉衛生所,苗栗縣南庄鄉東村大同路１７號,(037)822024,6,74,2020/02/13 16:37:09
2335150011,苗栗縣造橋鄉衛生所,苗栗縣造橋鄉造橋村１４鄰８－２號,(037)542755,0,10,2020/02/13 16:37:09
2335170013,苗栗縣獅潭鄉衛生所,苗栗縣獅潭鄉新店村１３０之６號,(037)931309,0,138,2020/02/13 16:37:09
2335180019,苗栗縣泰安鄉衛生所,苗栗縣泰安鄉清安村２鄰７２號,(037)941054,0,152,2020/02/13 16:37:09
2336210034,臺中市和平區梨山衛生所,臺中市和平區梨山里中正路６８號,(04)25989540,112,110,2020/02/13 16:37:09
2338070010,南投縣鹿谷鄉衛生所,南投縣鹿谷鄉中正路二段２０號,(049)2752002,0,136,2020/02/13 16:37:09
2338120015,南投縣信義鄉衛生所,南投縣信義鄉明德村玉山路４５號,(049)2791148,2,106,2020/02/13 16:37:09
2340170016,嘉義縣大埔鄉衛生所,嘉義縣大埔鄉大埔村５３－１號,(05)2521214,0,110,2020/02/13 16:37:09
2341140012,臺南市官田區衛生所,臺南市官田區隆田里中山路一段１２８號,(06)5791493,400,100,2020/02/13 16:37:09
2341250013,台南市南化區衛生所,臺南市南化區南化里２２６－１號,(06)5771139,52,236,2020/02/13 16:37:09
2341300018,臺南市龍崎區衛生所,臺南市龍崎區崎頂里新市子１５８號,(06)5941397,0,270,2020/02/13 16:37:09
2342130010,高雄市田寮區衛生所,高雄市田寮區南安里崗北路３２號,(07)6361504,0,252,2020/02/13 16:37:09
2342180010,高雄市永安區衛生所,高雄市永安區永安路２６號,(07)6912015,2,50,2020/02/13 16:37:09
2342250017,高雄市茂林區衛生所,高雄市茂林區茂林里茂林巷８－４號,(07)6801046,868,270,2020/02/13 16:37:09
2342260013,高雄市桃源區衛生所,高雄市桃源區桃源里南進巷１８８－１號,(07)6861126,976,316,2020/02/13 16:37:09
2342270019,高雄市那瑪夏區衛生所,高雄市那瑪夏區瑪雅里６鄰平和巷２５２號,(07)6701142,672,164,2020/02/13 16:37:09
2343240015,屏東縣滿州鄉衛生所,屏東縣滿州鄉滿州村中山路３１號,(08)8801279,16,128,2020/02/13 16:37:09
2343260017,屏東縣三地門鄉衛生所,屏東縣三地門鄉三地村行政街４號,(08)7991284,1000,314,2020/02/13 16:37:09
2343270013,屏東縣霧台鄉衛生所,屏東縣霧台鄉霧台村神山巷６８號,(08)7902232,1407,391,2020/02/13 16:37:09
2343280019,屏東縣瑪家鄉衛生所,屏東縣瑪家鄉北葉村風景巷８６號,(08)7991164,0,138,2020/02/13 16:37:09
2343290015,屏東縣泰武鄉衛生所,屏東縣泰武鄉佳平村１７９號,(08)7832059,1048,306,2020/02/13 16:37:09
2343300016,屏東縣來義鄉衛生所,屏東縣來義鄉古樓村中正路９０號,(08)7850103,1040,324,2020/02/13 16:37:09
2343320018,屏東縣獅子鄉衛生所,屏東縣獅子鄉楓林村楓林二巷３１號,(08)8771324,1058,318,2020/02/13 16:37:09
2343330014,屏東縣牡丹鄉衛生所,屏東縣牡丹鄉石門村１９號,(08)8831013,790,254,2020/02/13 16:37:09
2344011036,澎湖縣馬公市第三衛生所,澎湖縣馬公市西文里１１８之２號,(06)9211723,146,222,2020/02/13 16:37:09
2344030013,澎湖縣白沙鄉衛生所,澎湖縣白沙鄉赤崁村３５９號,(06)9931044,18,126,2020/02/13 16:37:09
2344030022,澎湖縣白沙鄉鳥嶼衛生所,澎湖縣白沙鄉鳥嶼村漁港新村３號,(06)9916092,704,276,2020/02/13 16:37:09
2344030031,澎湖縣白沙鄉吉貝衛生所,澎湖縣白沙鄉吉貝村８－１３號,(06)9911430,682,280,2020/02/13 16:37:09
2344050015,澎湖縣望安鄉衛生所,澎湖縣望安鄉西安村３６－７號,(06)9991036,292,332,2020/02/13 16:37:09
2344050024,澎湖縣望安鄉將軍衛生所,澎湖縣望安鄉將軍村１２鄰將軍澳１之３號,(06)9902066,944,354,2020/02/13 16:37:09
2344060011,澎湖縣七美鄉衛生所,澎湖縣七美鄉中和村埔內５４號,(06)9971005,0,214,2020/02/13 16:37:09
2345100014,花蓮縣富里鄉衛生所,花蓮縣富里鄉富里村中山路２０３號,(03)8831029,0,152,2020/02/13 16:37:09
2345110010,花蓮縣秀林鄉衛生所,花蓮縣秀林鄉秀林村１２鄰秀林路８８號,(03)8612122,4,0,2020/02/13 16:37:09
2345120016,花蓮縣萬榮鄉衛生所,花蓮縣萬榮鄉萬榮村１２號,(03)8751651,213,231,2020/02/13 16:37:09
2345130012,花蓮縣卓溪鄉衛生所,花蓮縣卓溪鄉卓溪村中正路６５號,(03)8882592,223,167,2020/02/13 16:37:09
2346050013,台東縣大武鄉衛生所,台東縣大武鄉大武村濱海路１００號,(089)791325,78,104,2020/02/13 16:37:09
2346070015,臺東縣東河鄉衛生所,臺東縣東河鄉東河村南東河路１０鄰３００號,(089)896289,53,182,2020/02/13 16:37:09
2346110014,台東縣綠島鄉衛生所,台東縣綠島鄉中寮村１－１號,(089)672511,74,189,2020/02/13 16:37:09
2346120010,台東縣延平鄉衛生所,台東縣延平鄉桃源村昇平路１１號,(089)561040,565,224,2020/02/13 16:37:09
2346130016,台東縣海端鄉衛生所,台東縣海端鄉海端村３鄰２９號,(089)931391,0,102,2020/02/13 16:37:09
2346140012,台東縣達仁鄉衛生所,台東縣達仁鄉安朔村復興路１２２號,(089)702209,918,318,2020/02/13 16:37:09
2346150018,台東縣金峰鄉衛生所,台東縣金峰鄉賓茂村１鄰１４號,(089)772201,811,240,2020/02/13 16:37:09
2346160014,台東縣蘭嶼鄉衛生所,台東縣蘭嶼鄉紅頭村３６號,(089)732575,1016,334,2020/02/13 16:37:09
2390040518,金門縣金寧鄉衛生所,金門縣金寧鄉盤山村仁愛新屯２之１號,(082)325735,0,38,2020/02/13 16:37:09
2390050032,金門縣烈嶼鄉衛生所,金門縣烈嶼鄉西口村西方６－５號,(082)362078,0,80,2020/02/13 16:37:09
2391020010,連江縣北竿鄉衛生所,連江縣北竿鄉塘岐村２５號,(083)655592,284,182,2020/02/13 16:37:09
2391030016,連江縣莒光鄉西莒衛生所,連江縣莒光鄉青帆村１４－１號,(083)689122,1413,404,2020/02/13 16:37:09
2391030026,連江縣莒光鄉東莒衛生所,連江縣莒光鄉大坪村３０－１號,(083)689038,1231,370,2020/02/13 16:37:09
2391040012,連江縣東引鄉衛生所,連江縣東引鄉中柳村１２３號,(083)677206,910,350,2020/02/13 16:37:09
5901010058,安郁藥局,台北市松山區八德路３段１２巷５１弄１６號１樓,(02)25774551,0,114,2020/02/13 16:37:09
5901010076,榮星藥局,台北市松山區南京東路４段１３３巷５弄１號,(02)27124696,1,1,2020/02/13 16:37:09
5901010085,安世藥局,台北市松山區南京東路４段１３３巷５弄９號,(02)27133405,0,28,2020/02/13 16:37:09
5901010094,明一藥局,台北市松山區南京東路５段５９巷２８弄２５號１樓,(02)27691654,8,84,2020/02/13 16:37:09
5901010165,傑安藥局,台北市松山區八德路２段４３７巷７弄８號１樓,(02)27524155,0,108,2020/02/13 16:37:09
5901010174,仁弘藥局,台北市松山區民生東路３段１１３巷２５弄６號１樓,(02)27136764,10,46,2020/02/13 16:37:09
5901010192,益華藥局,台北市松山區民生東路５段１３８巷６號,(02)27624898,0,48,2020/02/13 16:37:09
5901010272,德靈藥局,台北市松山區富錦街５４８號,(02)27646998,0,126,2020/02/13 16:37:09
5901010290,健全藥局,台北市松山區民權東路３段１０３巷２０號,(02)27128293,0,84,2020/02/13 16:37:09
5901010496,瑞昌大藥局,台北市松山區民權東路３段１０３巷１０號,(02)27151881,0,78,2020/02/13 16:37:09
5901010576,合生藥局,台北市松山區南京東路５段１２３巷４５號１樓,(02)27602932,0,42,2020/02/13 16:37:09
5901011662,上允藥局,台北市松山區民生東路５段７８號,(02)27696905,0,200,2020/02/13 16:37:09
5901011699,建東大藥局,台北市松山區三民路９７號１樓,(02)27676237,0,110,2020/02/13 16:37:09
5901011733,和諧藥局,台北市松山區民生東路５段１４８號２樓,(02)27568580,0,164,2020/02/13 16:37:09
5901011760,延壽藥局,台北市松山區延壽街３２７號,(02)27685159,0,162,2020/02/13 16:37:09
5901011975,萬泰藥局,台北市松山區敦化北路２２２巷３８號,(02)27135891,4,26,2020/02/13 16:37:09
5901012203,博荃藥局,台北市松山區敦化北路４巷５１號,(02)27316736,0,84,2020/02/13 16:37:09
5901012383,德川中西藥局,台北市松山區八德路４段９６號,(02)27683399,0,156,2020/02/13 16:37:09
5901012409,家音藥局,台北市松山區民生東路５段７３號,(02)37652080,12,48,2020/02/13 16:37:09
5901012454,敦北藥局,台北市松山區民生東路４段８０巷５號,(02)27155691,0,136,2020/02/13 16:37:09
5901012490,中美藥局,台北市松山區富錦街５３１號,(02)27627468,0,81,2020/02/13 16:37:09
5901012507,康麗藥局,台北市松山區南京東路３段３０３巷２０號,(02)27174117,0,38,2020/02/13 16:37:09
5901012516,惠登藥局,台北市松山區民生東路３段１３０巷３４號,(02)25472432,0,75,2020/02/13 16:37:09
5901012561,松田藥局,台北市松山區延吉街９－６號,(02)25798005,0,96,2020/02/13 16:37:09
5901012570,予志藥局,台北市松山區富錦街５２１號,(02)27623522,0,39,2020/02/13 16:37:09
5901012598,婕登藥局,台北市松山區八德路４段６９９號,(02)27482893,6,23,2020/02/13 16:37:09
5901012632,晨安藥局,台北市松山區八德路３段１５５巷２０弄２號,(02)25798460,1,60,2020/02/13 16:37:09
5901012650,銘德藥局,台北市松山區八德路２段３６６巷２８號,(02)27511833,8,124,2020/02/13 16:37:09
5901012669,政昇藥局,台北市松山區南京東路５段３５６號１３樓,(02)27560286,8,224,2020/02/13 16:37:09
5901012712,立康大藥局,台北市松山區八德路四段２－１號,(02)27471749,0,2,2020/02/13 16:37:09
5901012749,躍獅松和藥局,台北市松山區八德路四段６６６－１號,(02)27492569,2,140,2020/02/13 16:37:09
5901012758,京東藥局,台北市松山區南京東路五段２７２號,(02)27679503,0,86,2020/02/13 16:37:09
5901012767,晨新藥局,台北市松山區八德路４段９１巷１－１號,(02)27422951,0,4,2020/02/13 16:37:09
5901012918,躍獅京華藥局,台北市松山區南京東路５段７１號,(02)27666508,0,10,2020/02/13 16:37:09
5901012963,綠之家藥局,台北市松山區延壽街４２８號,(02)25289595,0,4,2020/02/13 16:37:09
5901013004,德安藥局,台北市松山區八德路３段１９５號２樓,(02)25782670,0,152,2020/02/13 16:37:09
5901013095,康采藥局,台北市松山區南京東路５段２９１巷１７－２號,(02)27670271,214,277,2020/02/13 16:37:09
5901013120,誠康中西藥局,台北市松山區南京東路５段５９巷３１弄４３號,(02)27619679,8,79,2020/02/13 16:37:09
5901013139,慶昌藥局,台北市松山區延吉街２９號,(02)25770820,0,83,2020/02/13 16:37:09
5901013148,唯康藥局,台北市松山區八德路３段２１１號,(02)25775000,0,2,2020/02/13 16:37:09
5901013157,西松健康人生藥局,台北市松山區南京東路５段２９１巷７號,(02)27687807,0,30,2020/02/13 16:37:09
5901013200,專品南京藥局,台北市松山區南京東路４段７３號,(02)25147685,0,87,2020/02/13 16:37:09
5901013246,芝欣藥局,台北市松山區八德路３段１４８號,(02)25706677,0,64,2020/02/13 16:37:09
5901013264,佑翔藥局,台北市松山區民生東路５段９５號,(02)87875050,4,204,2020/02/13 16:37:09
5901013308,立赫敦北藥局,台北市松山區敦化北路２２２巷２０號,(02)27199277,46,34,2020/02/13 16:37:09
5901013326,富景藥局,台北市松山區三民路１４５號,(02)27455666,4,26,2020/02/13 16:37:09
5901013344,健康活力藥師藥局,台北市松山區民生東路５段２１９號,(02)27455556,0,118,2020/02/13 16:37:09
5901013362,啄木鳥藥局,台北市松山區八德路４段２０９號、２１１號（１、２層）,(02)27422413,0,68,2020/02/13 16:37:09
5901013371,玖田藥局,台北市松山區八德路４段６５５號,(02)27666578,0,202,2020/02/13 16:37:09
5901013380,澄馨藥局,台北市松山區三民路３７號,(02)27420159,3,104,2020/02/13 16:37:09
5901013399,一安正昇藥局,台北市松山區南京東路５段３４８號,(02)27680993,102,82,2020/02/13 16:37:09
5901013406,美優康藥局,台北市松山區民生東路４段１１７之１號,(02)27152319,0,100,2020/02/13 16:37:09
5901013433,杏一延吉藥局,臺北市松山區延吉街３２號,(02)25798450,0,38,2020/02/13 16:37:09
5901013442,松山八德藥局,臺北市松山區八德路２段４００號,(02)27782773,0,198,2020/02/13 16:37:09
5901013451,新德大藥局,臺北市松山區饒河街２０４號,(02)27673402,0,210,2020/02/13 16:37:09
5901013460,光點延新藥局,台北市松山區延壽街１０１號,(02)27667795,0,50,2020/02/13 16:37:09
5901013488,欣生藥局,臺北市松山區民生東路５段１３８巷１號,(02)27567611,70,218,2020/02/13 16:37:09
5901013497,民生盛康藥局,臺北市松山區民生東路５段２０４號,(02)27460758,32,110,2020/02/13 16:37:09
5901013504,杏一台北長庚藥局,臺北市松山區敦化北路１９９巷２弄３號,(02)25149463,0,4,2020/02/13 16:37:09
5901013513,立赫民生藥局,臺北市松山區民生東路４段６８號,(02)27139200,36,62,2020/02/13 16:37:09
5901013522,大樹松山藥局,臺北市松山區民生東路５段１０７號,(02)27562226,0,88,2020/02/13 16:37:09
5901020296,百立藥局,台北市大安區和平東路３段２２８巷６６號１樓,(02)27327211,28,195,2020/02/13 16:37:09
5901020303,宏恩藥局,台北市大安區大安路１段１８１號,(02)27000956,2,116,2020/02/13 16:37:09
5901020376,靜園藥局,台北市大安區和平東路２段１１８巷５７之１號,(02)27336390,6,123,2020/02/13 16:37:09
5901020385,延吉大藥局,台北市大安區延吉街１５３號１樓,(02)27819227,0,80,2020/02/13 16:37:09
5901020465,杏友藥局,台北市大安區復興南路２段１５１巷２５號,(02)27079451,6,84,2020/02/13 16:37:09
5901020554,師大藥局,台北市大安區師大路９９號１樓,(02)23623479,0,22,2020/02/13 16:37:09
5901020563,施寶藥局,台北市大安區安東街５０－５號１樓,(02)27114175,0,32,2020/02/13 16:37:09
5901020590,燕福藥局,台北市大安區羅斯福路３段２８３巷１４弄１４號之３,(02)23627307,0,124,2020/02/13 16:37:09
5901020616,龍護大藥局,台北市大安區大安路１段２２４巷７號１Ｆ,(02)23250686,0,114,2020/02/13 16:37:09
5901020634,新廣生藥局,台北市大安區仁愛路４段３４號,(02)27071221,5,103,2020/02/13 16:37:09
5901020652,寶德藥局,台北市大安區樂利路１０５號１Ｆ,(02)27364240,0,62,2020/02/13 16:37:09
5901020661,泰佑藥局,台北市大安區安和路２段７２號１Ｆ,(02)27056841,0,24,2020/02/13 16:37:09
5901020670,杏安堂藥局,台北市大安區忠孝東路４段７７巷３０號１樓,(02)27517636,0,221,2020/02/13 16:37:09
5901020689,四維藥局,台北市大安區復興南路２段１５１巷４３號１樓,(02)27094222,94,184,2020/02/13 16:37:09
5901020698,羅斯福藥局,台北市大安區羅斯福路３段２８３巷９弄３號,(02)23699606,0,74,2020/02/13 16:37:09
5901020732,赫慶藥局,台北市大安區瑞安街２０８巷１１弄５號１樓,(02)27063497,0,94,2020/02/13 16:37:09
5901020787,吉成藥局,台北市大安區泰順街７號,(02)23636475,24,73,2020/02/13 16:37:09
5901020858,順天堂藥局,台北市大安區龍泉街９６號,(02)23627149,0,48,2020/02/13 16:37:09
5901020876,大興藥局,台北市大安區通化街３９巷５０弄１５號１樓,(02)27053369,0,86,2020/02/13 16:37:09
5901020901,辰安藥局,台北市大安區大安路１段３１巷２８號,(02)27119536,10,198,2020/02/13 16:37:09
5901021248,永誠藥局,台北市大安區忠孝東路４段２１６巷２５之１號,(02)27520273,0,2,2020/02/13 16:37:09
5901021346,正昌藥局,台北市大安區通化街３８巷９號１樓,(02)27540070,0,92,2020/02/13 16:37:09
5901021382,建如藥局,台北市大安區和平東路３段２２８巷１１號１Ｆ,(02)27331456,0,14,2020/02/13 16:37:09
5901021408,生百藥局,台北市大安區臨江街１２４號,(02)27371011,2,162,2020/02/13 16:37:09
5901022521,台安藥局,台北市大安區和平東路２段３５３號１樓,(02)27549099,18,66,2020/02/13 16:37:09
5901022601,生光藥局,台北市大安區忠孝東路３段２４８巷２號,(02)27780862,0,72,2020/02/13 16:37:09
5901022898,永康藥局,台北市大安區麗水街６之２號,(02)23279362,0,46,2020/02/13 16:37:09
5901023073,世中欣藥局,台北市大安區永康街２巷８號,(02)23938947,0,168,2020/02/13 16:37:09
5901023091,加豐藥局,台北市大安區忠孝東路３段２１６巷３弄１號１樓,(02)27219678,152,310,2020/02/13 16:37:09
5901023153,崇光藥局,台北市大安區忠孝東路３段３０５號７樓之３,(02)27217958,0,224,2020/02/13 16:37:09
5901023215,大愛健康藥局,台北市大安區敦化南路２段６３巷６５號,(02)27092156,0,202,2020/02/13 16:37:09
5901023304,麗樺藥師藥局,台北市大安區麗水街３號,(02)23952628,0,2,2020/02/13 16:37:09
5901023313,安和藥局,台北市大安區安和路１段１０２巷３號,(02)27092349,48,170,2020/02/13 16:37:09
5901023331,佑安藥局,台北市大安區延吉街２３３巷９號,(02)27069339,0,226,2020/02/13 16:37:09
5901023386,弘昇藥局,台北市大安區復興南路１段１０７巷３２號,(02)27110061,46,136,2020/02/13 16:37:09
5901023519,惠盈藥局,台北市大安區辛亥路２段１７１巷３１號,(02)87321366,0,76,2020/02/13 16:37:09
5901023523,聯合仁愛藥局,台北市大安區大安路１段１５７巷３號,(02)27039269,4,132,2020/02/13 16:37:09
5901023591,一心藥局,台北市大安區和平東路３段２３８號,(02)27321818,0,106,2020/02/13 16:37:09
5901023653,信安健康藥局,台北市大安區仁愛路４段１２２巷５８號,(02)27084858,0,47,2020/02/13 16:37:09
5901023680,新富川藥局,台北市大安區大安路１段５１巷４號,(02)27114758,20,126,2020/02/13 16:37:09
5901023706,聖英藥局,台北市大安區仁愛路４段２６６巷１５弄１８號,(02)27055851,0,202,2020/02/13 16:37:09
5901023724,元氣生活健保藥局,台北市大安區新生南路１段１６１巷１０號,(02)27060580,10,92,2020/02/13 16:37:09
5901023831,康乃馨藥局,台北市大安區建國南路１段３２７號,(02)23257097,0,74,2020/02/13 16:37:09
5901023902,惠良藥局,台北市大安區和平東路３段９３－１號,(02)27387872,0,106,2020/02/13 16:37:09
5901023966,愛維康生活藥局,台北市大安區四維路１７０巷２１號,(02)27059791,0,14,2020/02/13 16:37:09
5901024098,杏一瑞安藥局,台北市大安區瑞安街２０８巷１１弄１號,(02)27096710,32,84,2020/02/13 16:37:09
5901024114,好安心藥局,台北市大安區和平東路２段９８之２號,(02)23772166,0,16,2020/02/13 16:37:09
5901024123,中山樂方藥局,台北市大安區仁愛路４段１１２巷１２號,(02)27050622,40,62,2020/02/13 16:37:09
5901024178,天康忠孝藥局,台北市大安區忠孝東路３段２２３－１號,(02)77137763,0,101,2020/02/13 16:37:09
5901024212,中力信義藥局,台北市大安區信義路４段５１號,(02)23250266,2,149,2020/02/13 16:37:09
5901024221,安居藥局,台北市大安區安居街１９號,(02)23773537,0,122,2020/02/13 16:37:09
5901024310,躍獅新生藥局,台北市大安區和平東路２段２０號,(02)23623367,0,68,2020/02/13 16:37:09
5901024347,博大藥局,台北市大安區安和路２段６５號,(02)27027858,0,20,2020/02/13 16:37:09
5901024427,博昱仁愛藥局,臺北市大安區仁愛路４段６５號,(02)87739258,2,0,2020/02/13 16:37:09
5901024472,忠孝康承健保藥局,台北市大安區復興南路１段１０７巷４號,(02)87733378,2,94,2020/02/13 16:37:09
5901024481,微笑藥師藥局,台北市大安區信義路３段３１巷４號,(02)27009655,12,22,2020/02/13 16:37:09
5901024516,博昱師大藥局,台北市大安區羅斯福路３段１８９號,(02)23696966,0,4,2020/02/13 16:37:09
5901024525,國泰維康藥局,台北市大安區仁愛路４段２６６巷１５弄２０號,(02)27542185,0,136,2020/02/13 16:37:09
5901024543,奇威藥局,台北市大安區雲和街９３號,(02)23651110,0,80,2020/02/13 16:37:09
5901024632,艾登安和藥局,台北市大安區安和路１段１２３號,(02)27015201,0,36,2020/02/13 16:37:09
5901024669,百岳藥局,台北市大安區和平東路２段３１１巷１１號,(02)27551037,0,154,2020/02/13 16:37:09
5901024678,大安健康人生藥局,台北市大安區信義路４段３４號,(02)27025553,0,104,2020/02/13 16:37:09
5901024696,仁華藥局,台北市大安區臥龍街１５５號,(02)27336762,198,178,2020/02/13 16:37:09
5901024703,吾家藥局,台北市大安區信義路４段２６５巷６之１號,(02)27066425,0,56,2020/02/13 16:37:09
5901024712,早安藥局,台北市大安區建國南路２段１５１巷４２號,(02)27002209,0,50,2020/02/13 16:37:09
5901024721,麗泰藥局,台北市大安區復興南路２段１５１巷４號,(02)27079595,0,90,2020/02/13 16:37:09
5901024758,兆安健保藥局,台北市大安區通化街１３９號,(02)27363069,0,103,2020/02/13 16:37:09
5901024767,杏一樂業藥局,台北市大安區樂業街１６２號,(02)27383194,8,118,2020/02/13 16:37:09
5901024810,博興藥局,台北市大安區四維路１９８巷２８號,(02)23256668,4,64,2020/02/13 16:37:09
5901024829,威康藥局,台北市大安區和平東路２段２５５之１號,(02)27061149,0,2,2020/02/13 16:37:09
5901024838,昶青藥局,台北市大安區濟南路３段２２之１號,(02)27515678,0,98,2020/02/13 16:37:09
5901024856,杏一台北國泰藥局,台北市大安區仁愛路４段２６６巷１５弄４號,(02)27011785,96,124,2020/02/13 16:37:09
5901024865,沛林東區生活藥粧藥局,台北市大安區敦化南路１段１８７巷１７號,(02)27763759,0,170,2020/02/13 16:37:09
5901024874,奇異果大安藥局,台北市大安區大安路１段１９０號,(02)23250891,0,18,2020/02/13 16:37:09
5901024883,躍獅敦和藥局,台北市大安區和平東路３段１０號,(02)23785767,2,0,2020/02/13 16:37:09
5901024892,太醫藥局,台北市大安區師大路１２號,(02)23685125,0,94,2020/02/13 16:37:09
5901024909,康維健保藥局,台北市大安區敦化南路１段３２９巷１５號,(02)27000120,0,116,2020/02/13 16:37:09
5901024918,康祥藥局,台北市大安區忠孝東路４段２１６巷２１號,(02)27817891,26,22,2020/02/13 16:37:09
5901090074,慈仁藥局,台北市大同區歸綏街２６１號１樓,(02)25572733,0,88,2020/02/13 16:37:09
5901090127,三銘大藥局,台北市大同區迪化街１段８０號,(02)25583392,0,86,2020/02/13 16:37:09
5901090154,柯藥局,台北市大同區重慶北路３段３３５巷６號,(02)25948515,4,24,2020/02/13 16:37:09
5901090181,時春藥局,台北市大同區赤峰街４號,(02)25597918,0,10,2020/02/13 16:37:09
5901090216,裕仁藥局,台北市大同區迪化街２段２７０號－１,(02)25910064,0,182,2020/02/13 16:37:09
5901090243,建祥藥局,台北市大同區寧夏路１７號、１７－１號,(02)25556476,0,56,2020/02/13 16:37:09
5901090289,正利民藥局,台北市大同區延平北路３段１０５號,(02)25924842,4,40,2020/02/13 16:37:09
5901090323,泰元藥局,台北市大同區哈密街９１號,(02)25914592,0,82,2020/02/13 16:37:09
5901090369,保慶藥局,台北市大同區保安街２１號,(02)25538988,0,18,2020/02/13 16:37:09
5901091473,快安藥局,台北市大同區南京西路２８２、２８４號,(02)25561925,20,45,2020/02/13 16:37:09
5901091544,得意藥師藥局,台北市大同區延平北路２段２２９號,(02)25534294,0,104,2020/02/13 16:37:09
5901091624,健康美藥局,台北市大同區民族西路１６５號,(02)25976707,0,52,2020/02/13 16:37:09
5901091688,宏泰藥師藥局,台北市大同區酒泉街１３１號,(02)25957025,186,86,2020/02/13 16:37:09
5901091759,儷安藥局,台北市大同區錦西街５３巷１６號,(02)25578033,26,34,2020/02/13 16:37:09
5901091820,富康藥局,台北市大同區延平北路２段１２６號,(02)25537782,0,8,2020/02/13 16:37:09
5901091839,春鄰藥局,台北市大同區長安西路３５號,(02)25492000,0,52,2020/02/13 16:37:09
5901091857,佳禾藥局,台北市大同區大龍街２６２號,(02)25953806,0,18,2020/02/13 16:37:09
5901091884,躍獅雙蓮藥局,台北市大同區涼州街４號,(02)25537551,10,62,2020/02/13 16:37:09
5901091973,延平新聖安藥局,台北市大同區延平北路３段３５號,(02)25923399,0,113,2020/02/13 16:37:09
5901091991,德芳藥局,台北市大同區民生西路９１號,(02)25576869,2,32,2020/02/13 16:37:09
5901092014,旭豐藥局,台北市大同區昌吉街９６號,(02)25853880,2,50,2020/02/13 16:37:09
5901092041,酒泉春天藥局,台北市大同區酒泉街９４號、９４號２樓,(02)25977932,0,100,2020/02/13 16:37:09
5901092050,中興聯合藥局,台北市大同區鄭州路１２７號（實際營業地址：１樓）,(02)25502952,6,62,2020/02/13 16:37:09
5901092069,躍獅遠東藥局,台北市大同區南京西路３７４號（實際營業地址：１樓）,(02)25594835,44,108,2020/02/13 16:37:09
5901092078,大同民生藥局,台北市大同區民生西路１２８，１３０號,(02)25558886,8,118,2020/02/13 16:37:09
5901100057,百源堂大藥局,台北市中山區長安東路２段４７－５號,(02)25364362,0,12,2020/02/13 16:37:09
5901100066,名祥藥局,台北市中山區龍江路１６６號,(02)25036265,2,146,2020/02/13 16:37:09
5901100155,大信藥局,台北市中山區林森北路１５９巷６號,(02)25719080,0,202,2020/02/13 16:37:09
5901100244,定好大藥局,台北市中山區農安街１２５巷３４號,(02)25946788,0,77,2020/02/13 16:37:09
5901100333,明美藥局,台北市中山區長春路６９號,(02)25365419,48,127,2020/02/13 16:37:09
5901100342,順泰藥局,台北市中山區錦州街２６６號,(02)25038916,0,154,2020/02/13 16:37:09
5901100422,滿順藥局,台北市中山區伊通街５４號１樓,(02)25075283,0,2,2020/02/13 16:37:09
5901100431,長生藥局,台北市中山區松江路３６２巷５５號１樓,(02)25816210,3,114,2020/02/13 16:37:09
5901100440,優豐藥局,台北市中山區民生東路１段３２號,(02)25602565,197,94,2020/02/13 16:37:09
5901100495,能康藥局,台北市中山區長春路４６號,(02)25429426,0,22,2020/02/13 16:37:09
5901100628,貢玄藥局,台北市中山區錦州街２０７號,(02)25637847,0,104,2020/02/13 16:37:09
5901100664,阿里藥局,台北市中山區錦州街２５１號,(02)25020638,44,156,2020/02/13 16:37:09
5901100717,榮昌藥局,台北市中山區雙城街１７－３號,(02)25964593,0,120,2020/02/13 16:37:09
5901100771,良佑藥局,台北市中山區撫順街６－２號１樓,(02)25916402,0,78,2020/02/13 16:37:09
5901100799,立大藥局,台北市中山區吉林路１４４巷１４號,(02)25313844,2,136,2020/02/13 16:37:09
5901100959,武璋大藥局,台北市中山區伊通街９７號之２,(02)25072026,0,47,2020/02/13 16:37:09
5901101072,長青藥局,台北市中山區興安街５５號１樓,(02)25053160,6,92,2020/02/13 16:37:09
5901101161,晏晟藥局,台北市中山區林森北路６２５號,(02)25851445,4,0,2020/02/13 16:37:09
5901101205,大直藥局,台北市中山區北安路６１７號１樓,(02)25320522,0,4,2020/02/13 16:37:09
5901101250,美日藥局,台北市中山區天津街６６號１樓,(02)25631662,2,96,2020/02/13 16:37:09
5901101321,文德藥局,台北市中山區龍江路３５６巷１９號１樓,(02)25181178,0,186,2020/02/13 16:37:09
5901101509,永直藥局,台北市中山區北安路５９５巷２弄６號,(02)85098059,0,118,2020/02/13 16:37:09
5901101536,展佑藥局,台北市中山區長春路１４６－１號,(02)25232803,10,2,2020/02/13 16:37:09
5901101607,蓁榛健康生活藥局,台北市中山區合江街１００－２號１樓,(02)25099333,0,108,2020/02/13 16:37:09
5901101625,中崙藥局,台北市中山區八德路２段３０７號,(02)27114971,0,38,2020/02/13 16:37:09
5901101652,祥泰藥局,台北市中山區林森北路１３６號,(02)25313097,0,186,2020/02/13 16:37:09
5901101910,嘉恩藥局,台北市中山區錦州街３２１號,(02)25181418,0,84,2020/02/13 16:37:09
5901101929,樂活苑藥局,台北市中山區北安路５４６號１樓,(02)25323296,4,28,2020/02/13 16:37:09
5901101992,大愛藥師藥局,台北市中山區吉林路２５５號１樓,(02)25424723,0,174,2020/02/13 16:37:09
5901102015,久大藥局,台北市中山區林森北路４８０號,(02)25111594,8,126,2020/02/13 16:37:09
5901102060,專心藥局,台北市中山區伊通街１１２－２號,(02)25155847,0,130,2020/02/13 16:37:09
5901102408,康林藥局,台北市中山區興安街１０５號,(02)25171867,2,2,2020/02/13 16:37:09
5901102417,民生興安藥局,台北市中山區民生東路３段９０－１號,(02)25018310,2,48,2020/02/13 16:37:09
5901102444,啟美藥師藥局,台北市中山區錦州街２８２號,(02)25178032,0,70,2020/02/13 16:37:09
5901102560,龍江藥局,台北市中山區龍江路３５６巷１４號,(02)25023724,0,82,2020/02/13 16:37:09
5901102579,晴光藥局,台北市中山區農安街２３之２號,(02)25951393,2,126,2020/02/13 16:37:09
5901102597,德惠藥局,台北市中山區德惠街１２２號,(02)25971131,4,204,2020/02/13 16:37:09
5901102631,金生藥局,台北市中山區長安東路２段１６７－１號,(02)87729808,0,98,2020/02/13 16:37:09
5901102686,富宥康藥局,臺北市中山區北安路６０８巷５弄２２號,(02)25325277,0,136,2020/02/13 16:37:09
5901102748,淮濟藥師藥局,台北市中山區北安路５７０號〈實際營業地址：１樓及地下１樓〉,(02)85098636,2,98,2020/02/13 16:37:09
5901102828,逸帆藥局,台北市中山區錦州街１８９號,(02)25222323,0,113,2020/02/13 16:37:09
5901102837,正傑健保藥局,台北市中山區長安東路２段１８１號,(02)27310181,0,114,2020/02/13 16:37:09
5901102855,錦西春天生活藥局,台北市中山區錦西街１０號,(02)25312658,2,52,2020/02/13 16:37:09
5901102873,盛康藥局,台北市中山區吉林路３９９號,(02)25969580,0,76,2020/02/13 16:37:09
5901102891,中山藥局,臺北市中山區林森北路１２８號,(02)25236979,2,4,2020/02/13 16:37:09
5901102962,中興藥局,台北市中山區長安東路２段２２６號,(02)27774628,1,115,2020/02/13 16:37:09
5901102971,保德明水藥局,台北市中山區北安路６０８巷４弄１號,(02)85097769,0,12,2020/02/13 16:37:09
5901102999,廣福中西藥局,台北市中山區錦州街４０６號,(02)25189489,0,100,2020/02/13 16:37:09
5901103030,錦康活力藥局,台北市中山區民生東路２段１４７巷１１弄１號地下,(02)25158282,3,86,2020/02/13 16:37:09
5901103110,大直健康藥局,台北市中山區北安路５９１號,(02)25323310,0,84,2020/02/13 16:37:09
5901103147,娸淇藥局,台北市中山區伊通街９５號,(02)25082762,0,10,2020/02/13 16:37:09
5901103183,OK藥師藥局,台北市中山區興安街９５號,(02)25170068,0,74,2020/02/13 16:37:09
5901103192,昶青林森藥局,台北市中山區林森北路１１９巷５２號,(02)25639939,0,156,2020/02/13 16:37:09
5901103209,麗恩藥局,台北市中山區林森北路５７５之５號,(02)25981982,0,158,2020/02/13 16:37:09
5901103227,建誠中西藥局,台北市中山區龍江路３８５之１號,(02)25158608,0,78,2020/02/13 16:37:09
5901103236,誠意中西藥局,台北市中山區林森北路６１３號,(02)25950951,6,116,2020/02/13 16:37:09
5901103272,長安藥局,台北市中山區長安東路２段１７１－３號,(02)27772740,18,130,2020/02/13 16:37:09
5901103325,仁一藥局,台北市中山區林森北路５２０號,(02)25711742,36,138,2020/02/13 16:37:09
5901103334,大直小太陽藥局,台北市中山區北安路６０７之１號,(02)85093208,0,104,2020/02/13 16:37:09
5901103343,王中興藥局,台北市中山區龍江路２７３號,(02)25034281,102,114,2020/02/13 16:37:09
5901103352,美康正康藥局,台北市中山區北安路６１６之１號、６１８號２樓之１,(02)25323077,6,97,2020/02/13 16:37:09
5901103405,大直永安藥局,台北市中山區北安路５６７之２號,(02)25332125,0,112,2020/02/13 16:37:09
5901103414,元宏藥局,台北市中山區北安路４５８巷４１弄４９號,(02)25339728,2,124,2020/02/13 16:37:09
5901103423,農安藥局,台北市中山區農安街１８之１號,(02)25959293,110,178,2020/02/13 16:37:09
5901103450,東東藥局,台北市中山區長春路２５７之２號,(02)25031730,4,152,2020/02/13 16:37:09
5901103469,聖晨藥局,台北市中山區農安街１４０號,(02)25960359,0,134,2020/02/13 16:37:09
5901103487,錦州春天生活藥局,台北市中山區錦州街２１３號、２１３號２樓,(02)25213586,26,60,2020/02/13 16:37:09
5901103496,杏一龍錦藥局,台北市中山區龍江路２６４號,(02)25174618,28,112,2020/02/13 16:37:09
5901103512,大樹龍江藥局,台北市中山區龍江路２４２號,(02)25035666,0,100,2020/02/13 16:37:09
5901103521,中華藥局,台北市中山區農安街４５之１號,(02)25997888,0,169,2020/02/13 16:37:09
5901103530,農安盛康藥局,台北市中山區農安街２６７號,(02)25038205,0,102,2020/02/13 16:37:09
5901103549,康廷藥局,台北市中山區北安路６１１號,(02)25335890,2,108,2020/02/13 16:37:09
5901103558,佳頤中西藥局,台北市中山區長春路１４７之１號,(02)25641479,2,50,2020/02/13 16:37:09
5901103576,康銓藥局,台北市中山區農安街１７４號,(02)25039393,8,80,2020/02/13 16:37:09
5901103585,禾全藥局,台北市中山區龍江路３３２號,(02)25165721,52,38,2020/02/13 16:37:09
5901110080,葛蘭素藥局,台北市內湖區內湖路２段１０３巷１２８號１樓,(02)27997824,0,118,2020/02/13 16:37:09
5901110133,泰成藥局,台北市內湖區內湖路３段１３５號１樓,(02)27921231,0,80,2020/02/13 16:37:09
5901110268,赫得藥局,台北市內湖區康樂街７２巷１７弄４號１Ｆ,(02)26328642,0,4,2020/02/13 16:37:09
5901110302,富盛藥局,台北市內湖區成功路４段６１巷２５弄１２號１樓,(02)27908667,0,58,2020/02/13 16:37:09
5901110311,永安藥局,台北市內湖區文德路２１０巷３０弄４８號,(02)26586658,14,56,2020/02/13 16:37:09
5901110339,富山藥局,台北市內湖區麗山街３６４巷２號１樓,(02)27996446,0,2,2020/02/13 16:37:09
5901110393,明湖藥局,台北市內湖區東湖路７巷２７號１Ｆ,(02)26313515,0,38,2020/02/13 16:37:09
5901110446,清白藥局,台北市內湖區東湖路１０８號,(02)26305743,0,6,2020/02/13 16:37:09
5901110624,宏光藥局,台北市內湖區成功路２段２２１號１樓,(02)27919068,0,26,2020/02/13 16:37:09
5901111890,安康藥局,台北市內湖區安康路４８２號,(02)26327675,8,60,2020/02/13 16:37:09
5901112100,盧狄聯合藥局,台北市內湖區康寧路３段１８９巷５７號,(02)26308897,5,122,2020/02/13 16:37:09
5901112351,康信藥局,台北市內湖區民權東路６段２９６巷２９號,(02)26342088,382,66,2020/02/13 16:37:09
5901112413,維安藥局,台北市內湖區成功路３段１７４巷２３號,(02)27944520,0,122,2020/02/13 16:37:09
5901112593,康健藥局,台北市內湖區康樂街８０號,(02)26305825,4,76,2020/02/13 16:37:09
5901112600,匯安藥局,台北市內湖區內湖路１段７０３之１號,(02)26579255,56,84,2020/02/13 16:37:09
5901112682,富康東湖藥局,台北市內湖區東湖路１１９巷４９弄１６號,(02)26323222,4,34,2020/02/13 16:37:09
5901112726,高昱藥局,台北市內湖區陽光街３２１巷２６號２樓之１５,(02)87519962,16,149,2020/02/13 16:37:09
5901112762,樂活藥師藥局,台北市內湖區內湖路２段３６８號,(02)27968052,0,14,2020/02/13 16:37:09
5901112780,樂康藥妝藥局,台北市內湖區文德路１１７號,(02)26562110,13,104,2020/02/13 16:37:09
5901112824,思恩藥局,台北市內湖區成功路４段６１巷２６號,(02)27965808,0,20,2020/02/13 16:37:09
5901112842,早安元氣藥局,台北市內湖區成功路４段５３號１樓,(02)27925994,5,59,2020/02/13 16:37:09
5901112860,展恩藥局,台北市內湖區民權東路６段１３６巷４號,(02)27953041,4,0,2020/02/13 16:37:09
5901112879,壹零捌藥局,台北市內湖區成功路４段３４４號,(02)27910061,0,17,2020/02/13 16:37:09
5901112977,瑞光藥局,台北市內湖區瑞光路２１２號,(02)87513365,0,4,2020/02/13 16:37:09
5901112995,昇龍藥局,台北市內湖區東湖路１５１號,(02)26316783,2,60,2020/02/13 16:37:09
5901113018,桔子藥局,台北市內湖區內湖路２段３３３號,(02)27930052,4,88,2020/02/13 16:37:09
5901113027,晟安藥局,台北市內湖區金龍路１３５號,(02)87919320,10,94,2020/02/13 16:37:09
5901113045,西湖藥局,台北市內湖區內湖路１段３５５號,(02)26279291,2,0,2020/02/13 16:37:09
5901113081,宜昇優良藥局,台北市內湖區康寧路３段１６５巷２３弄５號,(02)26327817,0,28,2020/02/13 16:37:09
5901113143,躍獅寶湖藥局,台北市內湖區民權東路６段１２３巷２８號,(02)87928335,10,80,2020/02/13 16:37:09
5901113198,傑昇藥局,台北市內湖區內湖路２段２２７號,(02)27925957,0,34,2020/02/13 16:37:09
5901113223,仕德安藥局,台北市內湖區新明路２１０號,(02)27961683,11,4,2020/02/13 16:37:09
5901113250,大內湖藥局,台北市內湖區成功路４段１２號,(02)27956286,0,50,2020/02/13 16:37:09
5901113269,樂齡藥師藥局,台北市內湖區內湖路３段１０３號,(02)27919707,68,131,2020/02/13 16:37:09
5901113296,喜越藥局,台北市內湖區內湖路１段２８５巷５９弄７號,(02)26271955,2,10,2020/02/13 16:37:09
5901113303,禾康藥局,台北市內湖區內湖路１段２９６號,(02)26562669,16,2,2020/02/13 16:37:09
5901113312,江南大藥局,台北市內湖區文德路２２巷９弄５６號,(02)26595430,8,0,2020/02/13 16:37:09
5901113330,躍獅大湖藥局,台北市內湖區成功路４段３２９號,(02)27945376,2,154,2020/02/13 16:37:09
5901113349,澴山藥局,台北市內湖區環山路１段４號,(02)87978793,1,48,2020/02/13 16:37:09
5901113367,瑞暉藥局,台北市內湖區文德路１０５號,(02)26276828,0,26,2020/02/13 16:37:09
5901113376,內湖藥局,台北市內湖區康寧路１段１１６號,(02)27940545,0,182,2020/02/13 16:37:09
5901113385,躍獅康成藥局,台北市內湖區成功路４段６１巷１１號,(02)87922031,0,88,2020/02/13 16:37:09
5901113394,富康文德藥局,台北市內湖區文德路２２巷２７弄４號,(02)26272000,0,26,2020/02/13 16:37:09
5901113438,晶龍藥局,台北市內湖區成功路４段２１８號,(02)27956255,2,136,2020/02/13 16:37:09
5901113456,佑全內湖康寧藥局,台北市內湖區康寧路３段３９號、３９號２樓、４１號、４３號,(02)26346578,0,4,2020/02/13 16:37:09
5901113527,杏一港墘藥局,台北市內湖區港墘路８３號,(02)87978746,0,71,2020/02/13 16:37:09
5901113536,原大藥局,台北市內湖區內湖路１段７３７巷５０弄５號,(02)26596358,0,22,2020/02/13 16:37:09
5901113545,和康健保藥局,台北市內湖區文德路６６巷４１號,(02)27997202,0,70,2020/02/13 16:37:09
5901113554,葫光藥局,台北市內湖區康寧路３段５４巷６號,(02)26336611,96,22,2020/02/13 16:37:09
5901113563,耀元藥局,台北市內湖區康樂街１５０號,(02)26337369,0,62,2020/02/13 16:37:09
5901120022,旭村藥局,台北市南港區興華路１１２號,(02)27820948,28,20,2020/02/13 16:37:09
5901120139,裕成藥局,台北市南港區玉成街１６６巷１３號,(02)27851227,0,166,2020/02/13 16:37:09
5901120175,新錦安藥局,台北市南港區南港路３段３４號,(02)27825218,0,32,2020/02/13 16:37:09
5901120184,仁泰藥局,台北市南港區同德路２８號,(02)27855464,200,219,2020/02/13 16:37:09
5901121421,祥安藥局,台北市南港區中坡南路２５號,(02)26547322,10,152,2020/02/13 16:37:09
5901121449,麗康藥局,台北市南港區同德路５１號,(02)26515236,13,145,2020/02/13 16:37:09
5901121501,親親藥局,台北市南港區玉成街１４０巷７號１樓,(02)26537635,2,28,2020/02/13 16:37:09
5901121574,上丞藥師藥局,台北市南港區成福路１０號１樓,(02)26535589,24,128,2020/02/13 16:37:09
5901121583,健園藥局,台北市南港區研究院路１段１９號１樓,(02)27851567,4,34,2020/02/13 16:37:09
5901121592,忠孝藥局,台北市南港區成福路１６號,(02)27862829,2,142,2020/02/13 16:37:09
5901121618,新東發藥局,台北市南港區成福路１９８號,(02)27855190,0,78,2020/02/13 16:37:09
5901121627,富康活力藥局,台北市南港區研究院路１段１０１巷８號,(02)27828810,4,8,2020/02/13 16:37:09
5901121672,亞博藥師藥局,台北市南港區興華路８１號,(02)27838090,78,32,2020/02/13 16:37:09
5901121725,佳龍藥局,台北市南港區研究院路２段８０號,(02)27885951,2,22,2020/02/13 16:37:09
5901121734,湳港藥局,台北市南港區研究院路１段１０１巷１２號,(02)27892200,1,40,2020/02/13 16:37:09
5901121798,進慧藥局,台北市南港區研究院路１段１６３號,(02)27887049,0,145,2020/02/13 16:37:09
5901121823,儀安健保藥局,台北市南港區同德路７４號,(02)27859893,0,100,2020/02/13 16:37:09
5901121841,泓安藥局,臺北市南港區興華路７５號,(02)27861083,0,62,2020/02/13 16:37:09
5901121850,健涵藥局,台北市南港區舊莊街１段１４７號,(02)27837285,7,40,2020/02/13 16:37:09
5901121869,南港藥局,台北市南港區南港路一段１６６號,(02)27829137,0,44,2020/02/13 16:37:09
5901121896,順翔藥局,台北市南港區研究院路２段１７０號,(02)27824332,1,90,2020/02/13 16:37:09
5901121903,景星藥局,台北市南港區南港路３段２６號,(02)27838816,0,69,2020/02/13 16:37:09
5901121912,成恩藥局,台北市南港區成福路２３號,(02)27856602,19,144,2020/02/13 16:37:09
5901121930,小藥師健保藥局,台北市南港區福德街３２０之１號,(02)27867002,0,72,2020/02/13 16:37:09
5901121958,心亮藥局,台北市南港區玉成街６６之７號,(02)27881677,0,40,2020/02/13 16:37:09
5901121976,杏安藥局,台北市南港區昆陽街１４０巷１６號,(02)27864119,0,84,2020/02/13 16:37:09
5901121985,勝安藥局,台北市南港區舊莊街１段１６５號,(02)27828450,9,208,2020/02/13 16:37:09
5901122026,杏一中坡藥局,台北市南港區中坡南路３３號、３５號,(02)27827418,0,194,2020/02/13 16:37:09
5901122035,成福大藥局,臺北市南港區成福路８號,(02)27859221,2,146,2020/02/13 16:37:09
5901150011,南風藥局,台北市士林區美崙街１９號１樓,(02)28320375,0,84,2020/02/13 16:37:09
5901150057,菁安藥局,台北市士林區美侖街１３號１樓,(02)28323951,0,34,2020/02/13 16:37:09
5901150128,新興藥局,台北市士林區德行西路１１７號,(02)28362643,0,72,2020/02/13 16:37:09
5901150146,坤成泰藥局,台北市士林區大南路４１２號,(02)28813903,0,97,2020/02/13 16:37:09
5901150235,杏城藥局,台北市士林區天母東路２４號,(02)28725144,0,12,2020/02/13 16:37:09
5901150244,佳赫藥局,台北市士林區文昌路４４號,(02)28367202,0,44,2020/02/13 16:37:09
5901150253,文祥藥局,台北市士林區光華路２６巷２弄２號,(02)28623487,0,184,2020/02/13 16:37:09
5901150271,建芳藥局,台北市士林區德行東路１４８號,(02)28357172,34,36,2020/02/13 16:37:09
5901150280,慈航藥局,台北市士林區文林路４４１號,(02)28815988,0,2,2020/02/13 16:37:09
5901150342,士林三安藥局,台北市士林區大南路１１號,(02)28812631,8,238,2020/02/13 16:37:09
5901150351,啟宏藥局,台北市士林區大東路９０－１號１樓,(02)28825811,0,124,2020/02/13 16:37:09
5901150397,博惠藥局,台北巿士林區華榮街１６號,(02)28320379,0,206,2020/02/13 16:37:09
5901150459,有德堂大藥局,台北市士林區中山北路６段２２７號,(02)28318387,78,190,2020/02/13 16:37:09
5901150468,太安藥局,台北市士林區延平北路５段１５７號,(02)28111468,0,52,2020/02/13 16:37:09
5901150511,三原藥局,台北市士林區延平北路５段２９３號,(02)28111888,0,76,2020/02/13 16:37:09
5901150548,田倉藥局,台北市士林區士東路１２４號,(02)88662188,42,104,2020/02/13 16:37:09
5901150575,日康藥局,台北市士林區士東路１２號１樓,(02)28358558,0,98,2020/02/13 16:37:09
5901150593,安寧藥局,台北市士林區劍潭路９１號,(02)28803319,0,54,2020/02/13 16:37:09
5901150600,環安藥局,台北市士林區大南路２４４號１樓,(02)28828478,0,92,2020/02/13 16:37:09
5901150682,加赫藥局,台北市士林區文昌路７６號,(02)28336362,2,38,2020/02/13 16:37:09
5901150762,麗森藥局,台北市士林區天母西路５１號,(02)28714152,0,20,2020/02/13 16:37:09
5901150771,天母大和藥師藥局,台北市士林區德行東路１８９－１號１樓,(02)28310142,0,42,2020/02/13 16:37:09
5901150815,陽明藥局,台北市士林區菁山路１０號１樓,(02)28612863,0,124,2020/02/13 16:37:09
5901151956,康鈺藥局,台北市士林區德行東路１３３號１樓,(02)28313915,2,124,2020/02/13 16:37:09
5901152024,今欣藥局,台北市士林區天母西路４１巷９號１樓,(02)28713129,0,12,2020/02/13 16:37:09
5901152051,士新藥局,台北市士林區文昌路６２號,(02)28331332,0,100,2020/02/13 16:37:09
5901152079,資生堂藥局,台北市士林區承德路４段４０巷１７號１Ｆ,(02)28857588,8,96,2020/02/13 16:37:09
5901152122,社子全民藥局,台北市士林區延平北路５段１２０號,(02)28127412,0,184,2020/02/13 16:37:09
5901152131,康華藥局,台北市士林區中山北路７段１４巷２號２樓,(02)28743223,0,134,2020/02/13 16:37:09
5901152186,詠恩藥局,台北市士林區延平北路５段３１６號１樓,(02)28119479,0,154,2020/02/13 16:37:09
5901152293,安泰藥師藥局,台北市士林區延平北路六段８３號（實際使用：１、２樓）,(02)28166977,0,72,2020/02/13 16:37:09
5901152453,家赫藥局,台北市士林區忠義街８０號１樓,(02)28346453,4,2,2020/02/13 16:37:09
5901152471,得安藥局,台北市士林區文林路１４０號,(02)28836336,0,202,2020/02/13 16:37:09
5901152604,達揚藥局,台北市士林區社正路３６號１樓,(02)88115559,0,57,2020/02/13 16:37:09
5901152640,仁大藥局,台北市士林區社子街１３號１樓,(02)88113793,0,162,2020/02/13 16:37:09
5901152659,和樹藥局,台北市士林區後港街４５巷１號１樓,(02)28821188,0,12,2020/02/13 16:37:09
5901152686,三光藥局,台北市士林區延平北路５段３２０號１樓,(02)28123786,0,136,2020/02/13 16:37:09
5901152720,博信藥局,台北市士林區延平北路６段６１號,(02)28128295,0,18,2020/02/13 16:37:09
5901152739,芳圓藥局,台北市士林區社子街２６－１號,(02)28168666,30,96,2020/02/13 16:37:09
5901152748,柏雅大藥局,台北市士林區德行西路６４號,(02)88664398,0,54,2020/02/13 16:37:09
5901152793,信光藥局,台北市士林區文昌路６８號,(02)28366277,6,116,2020/02/13 16:37:09
5901152837,文昌大藥局,台北市士林區文昌路７２號,(02)28376196,12,134,2020/02/13 16:37:09
5901152873,幸福藥局,台北市士林區德行東路１０９巷８號,(02)28346650,0,32,2020/02/13 16:37:09
5901152882,天爵藥局,台北市士林區中山北路６段４５０巷１號,(02)28733759,0,146,2020/02/13 16:37:09
5901152971,石川藥師藥局,台北市士林區忠義街７０號,(02)28385850,0,40,2020/02/13 16:37:09
5901153058,誼安藥局,台北市士林區通河街４２號,(02)28851899,0,94,2020/02/13 16:37:09
5901153101,聖賢藥局,台北市士林區士商路５８號,(02)28833046,0,36,2020/02/13 16:37:09
5901153110,美麗田藥局,台北市士林區通河街７８號,(02)28855990,0,24,2020/02/13 16:37:09
5901153245,大東健保藥局,臺北市士林區大東路８６－４號,(02)28834672,0,96,2020/02/13 16:37:09
5901153263,健揚藥局,台北市士林區延平北路５段２５１號,(02)28163698,0,43,2020/02/13 16:37:09
5901153272,光榮藥局,台北市士林區社中街１１８號,(02)28136060,0,32,2020/02/13 16:37:09
5901153325,天母康甯健保藥局,台北市士林區克強路８號,(02)28366631,30,146,2020/02/13 16:37:09
5901153405,社正藥局,台北市士林區社正路１２號,(02)28118704,4,126,2020/02/13 16:37:09
5901153432,大南春天生活藥局,台北市士林區大南路３１７、３１９號,(02)28882196,0,84,2020/02/13 16:37:09
5901153496,躍獅忠誠藥局,台北市士林區忠義街７０號,(02)28387948,0,82,2020/02/13 16:37:09
5901153503,祥新藥局,台北市士林區社子街６５號,(02)28110906,0,146,2020/02/13 16:37:09
5901153521,天母台安藥局,台北市士林區天母西路３４號,(02)28728017,0,6,2020/02/13 16:37:09
5901153567,華齡春天生活藥局,台北市士林區華齡街３６、３８號,(02)28882156,0,28,2020/02/13 16:37:09
5901153585,德行春天生活藥局,台北市士林區德行東路７６號,(02)28380306,2,28,2020/02/13 16:37:09
5901153656,德行盛康藥局,台北市士林區德行東路２０６之１號,(02)28348756,0,114,2020/02/13 16:37:09
5901153665,康佑藥局,台北市士林區延平北路５段１７６號,(02)28119981,0,105,2020/02/13 16:37:09
5901153674,愛佳藥局,台北市士林區承德路４段２２２之１號,(02)28811199,0,2,2020/02/13 16:37:09
5901153683,安奕藥局,台北市士林區葫蘆街３０巷１２號,(02)28133289,0,78,2020/02/13 16:37:09
5901153727,前港盛康藥局,台北市士林區前港街２８號,(02)28831079,0,44,2020/02/13 16:37:09
5901153745,藥本家藥局,台北市士林區中山北路７段１４巷２６號,(02)28766682,0,4,2020/02/13 16:37:09
5901153781,文林生活健保藥局,台北市士林區文林路５６２號（實際使用：１樓）,(02)28381971,0,72,2020/02/13 16:37:09
5901153790,天母盛康藥局,台北市士林區天母東路８巷８４號,(02)28720208,4,74,2020/02/13 16:37:09
5901153807,中山盛康藥局,台北市士林區中山北路７段１６２號,(02)28771887,24,30,2020/02/13 16:37:09
5901153816,士東台安藥局,台北市士林區士東路８６之２號（實際使用：１樓）,(02)28315667,8,40,2020/02/13 16:37:09
5901153825,太和堂中西藥局,台北市士林區大東路７４號（實際使用：１樓）,(02)28814122,6,54,2020/02/13 16:37:09
5901153852,躍獅芝山藥局,台北市士林區福華路１５４號（實際使用：１樓）,(02)28365822,14,92,2020/02/13 16:37:09
5901153861,佩佩藥局,台北市士林區中山北路６段１８２號,(02)28382662,0,50,2020/02/13 16:37:09
5901153870,容育藥局,台北市士林區延平北路６段８號（實際使用：１樓）,(02)28113680,0,70,2020/02/13 16:37:09
5901153889,新光維康藥局,台北市士林區基河路２５０之３號（實際使用：１樓）,(02)28801011,0,66,2020/02/13 16:37:09
5901160044,石牌藥局,台北市北投區石牌路１段４９號,(02)28214986,0,50,2020/02/13 16:37:09
5901160053,天蓮藥局,台北市北投區石牌路１段１６６巷１１５號,(02)28211824,39,44,2020/02/13 16:37:09
5901160062,丸三大藥局,台北市北投區自強街１０５號,(02)28230637,0,92,2020/02/13 16:37:09
5901160099,進春藥局,台北市北投區明德路１５１號,(02)28216938,0,138,2020/02/13 16:37:09
5901160142,德昇藥局,台北市北投區裕民二路２０號,(02)28217565,8,116,2020/02/13 16:37:09
5901160197,川秀藥局,台北市北投區石牌路２段９９巷９號１樓,(02)28270702,2,66,2020/02/13 16:37:09
5901160222,新祥藥局,台北市北投區知行路２０８號－１,(02)28582551,0,42,2020/02/13 16:37:09
5901160277,建民藥局,台北市北投區光明路１６１號,(02)28912339,0,24,2020/02/13 16:37:09
5901160286,昌源藥局,台北市北投區中央北路４段４８５號,(02)28928695,0,40,2020/02/13 16:37:09
5901160320,益元藥局,台北市北投區光明路１０６號,(02)28912675,1,134,2020/02/13 16:37:09
5901160400,世全藥局,台北市北投區知行路２７３號,(02)28585378,0,156,2020/02/13 16:37:09
5901160428,九福藥局,台北市北投區公館路２３６號,(02)28953009,18,60,2020/02/13 16:37:09
5901160517,弘安藥局,台北市北投區懷德街３３號１樓,(02)28206390,0,110,2020/02/13 16:37:09
5901160544,黎明藥局,台北市北投區尊賢街２５３－１號,(02)28223795,198,118,2020/02/13 16:37:09
5901160562,名山藥局,台北市北投區東陽街４７５號１樓,(02)28226101,2,84,2020/02/13 16:37:09
5901160704,明華藥局,台北市北投區清江路８號（實際使用：１樓）,(02)28971056,0,2,2020/02/13 16:37:09
5901160802,美康藥局,台北市北投區明德路９０號１樓,(02)28281176,4,36,2020/02/13 16:37:09
5901161890,良興藥局,台北市北投區中和街２８６號,(02)28933360,0,93,2020/02/13 16:37:09
5901161934,康揚藥局,台北市北投區中和街３２２號,(02)28946520,0,16,2020/02/13 16:37:09
5901161961,聯合藥局,台北市北投區石牌路１段２３號,(02)28270306,1,162,2020/02/13 16:37:09
5901161998,玉山藥局,台北市北投區光明路１４５號,(02)28956236,0,106,2020/02/13 16:37:09
5901162002,實踐藥局,台北市北投區實踐街１３號,(02)28276616,0,158,2020/02/13 16:37:09
5901162119,祐鄰藥局,台北市北投區尊賢街２５０號,(02)28281232,195,174,2020/02/13 16:37:09
5901162173,小明藥局,台北市北投區中央南路１段６９號２樓,(02)28928950,0,48,2020/02/13 16:37:09
5901162182,祐民藥局,台北市北投區中央南路１段２０９號１樓,(02)28975339,0,30,2020/02/13 16:37:09
5901162306,上頤藥局,台北市北投區中和街３２７號１樓,(02)28981230,0,58,2020/02/13 16:37:09
5901162459,國泰藥師藥局,台北市北投區自強街１３９－１號,(02)28223995,77,60,2020/02/13 16:37:09
5901162477,長宜藥局,台北市北投區自強街１１２號,(02)28216605,0,122,2020/02/13 16:37:09
5901162520,妮妮藥局,台北市北投區中央南路１段１８７號,(02)28948067,0,137,2020/02/13 16:37:09
5901162780,康賢藥局,台北市北投區西安街１段３５９號,(02)28219295,0,76,2020/02/13 16:37:09
5901162806,大家藥局,台北市北投區光明路１８２號,(02)28959000,0,102,2020/02/13 16:37:09
5901162815,天康大藥局,台北市北投區中央南路１段５７號,(02)28930168,0,58,2020/02/13 16:37:09
5901162833,維康藥局,台北市北投區石牌路２段１９１．１９３號,(02)28206343,0,36,2020/02/13 16:37:09
5901163027,躍獅光明藥局,台北市北投區光明路５１、５３號,(02)28915993,0,20,2020/02/13 16:37:09
5901163107,小豬藥局,台北市北投區石牌路１段１６６巷８３號,(02)28217099,30,148,2020/02/13 16:37:09
5901163152,石牌健康人生藥局,台北市北投區石牌路２段１８７號,(02)28225169,0,182,2020/02/13 16:37:09
5901163214,鴻恩藥局,台北市北投區中央南路１段１２９號,(02)28926410,1,16,2020/02/13 16:37:09
5901163241,昱仁藥局,台北市北投區光明路１０２號２樓,(02)28979050,1,172,2020/02/13 16:37:09
5901163250,關渡松藥局,台北市北投區知行路２４７號,(02)28584824,0,102,2020/02/13 16:37:09
5901163269,佳祈健保藥局,台北市北投區明德路１４４號,(02)28232535,4,10,2020/02/13 16:37:09
5901163296,天禧大藥局,台北市北投區實踐街３５號,(02)28213558,4,0,2020/02/13 16:37:09
5901163312,秝安藥局,台北市北投區石牌路１段６９號（實際使用：１樓）,(02)28215399,0,205,2020/02/13 16:37:09
5901163330,萬信藥局,台北市北投區知行路３０５號（實際使用１樓）,(02)28583083,0,41,2020/02/13 16:37:09
5901163376,北投春天藥局,台北市北投區中央南路１段７６號,(02)28916668,3,56,2020/02/13 16:37:09
5901163394,致遠春天藥局,臺北市北投區致遠一路１段１３２號１、２樓,(02)28253258,2,74,2020/02/13 16:37:09
5901163410,尊賢藥局,台北市北投區尊賢街２１２號,(02)28270505,6,90,2020/02/13 16:37:09
5901163429,致遠盛康藥局,台北市北投區致遠二路１４１號,(02)28263580,0,34,2020/02/13 16:37:09
5901163438,漢藥局,台北市北投區吉利街１４６號,(02)28236598,0,88,2020/02/13 16:37:09
5901163474,怡人藥局,台北市北投區自強街１６８號,(02)28211598,0,164,2020/02/13 16:37:09
5901163483,天富大藥局,台北市北投區石牌路２段１７１號１、２樓,(02)28225812,0,108,2020/02/13 16:37:09
5901163492,全家藥粧藥局,台北市北投區光明路１６６－２號,(02)28988685,0,68,2020/02/13 16:37:09
5901163509,吉利春天生活藥局,台北市北投區吉利街１２０號,(02)28253256,0,48,2020/02/13 16:37:09
5901170022,良美藥局,台北市信義區福德街２６８巷３７號,(02)27593659,0,172,2020/02/13 16:37:09
5901170040,惠群藥局,台北市信義區忠孝東路４段５５９巷３８號,(02)27679234,0,52,2020/02/13 16:37:09
5901170059,必欣藥局,台北市信義區松仁路２６４號,(02)27225060,14,116,2020/02/13 16:37:09
5901170139,福華藥局,台北市信義區吳興街２８１巷３號１樓,(02)27208527,1,193,2020/02/13 16:37:09
5901170184,臺陽藥局,台北市信義區大道路６１號,(02)27283403,18,74,2020/02/13 16:37:09
5901170255,松隆藥局,台北市信義區虎林街６５號,(02)27684033,8,106,2020/02/13 16:37:09
5901170264,杏康藥局,台北市信義區忠孝東路５段３７２巷２７弄６８－２號１Ｆ,(02)23457422,0,171,2020/02/13 16:37:09
5901170335,慧生藥局,台北市信義區松山路３１０號,(02)27647138,0,202,2020/02/13 16:37:09
5901170399,文豐藥局,台北市信義區松山路５４３號－１,(02)27272709,8,92,2020/02/13 16:37:09
5901170406,鼎泰藥局,台北市信義區基隆路１段１５５號１樓,(02)27620617,0,24,2020/02/13 16:37:09
5901170433,松山大藥局,台北市信義區永吉路４３６號,(02)27620624,0,69,2020/02/13 16:37:09
5901170442,大順安藥局,台北市信義區吳興街８４號,(02)27360639,0,30,2020/02/13 16:37:09
5901170648,立信藥局,台北市信義區松山路４０３號,(02)27687754,2,88,2020/02/13 16:37:09
5901170906,吳興藥局,台北市信義區吳興街２７９號１樓,(02)27208328,0,170,2020/02/13 16:37:09
5901170915,杏仁藥局,台北市信義區大道路１３５號,(02)27262541,8,170,2020/02/13 16:37:09
5901172071,百康藥局,台北市信義區基隆路２段１３１之２０號,(02)27364377,0,48,2020/02/13 16:37:09
5901172160,佑華藥局,台北市信義區忠孝東路５段５０８－４號１樓,(02)27595719,0,140,2020/02/13 16:37:09
5901172179,新和平藥局,台北市信義區虎林街１９８號１樓,(02)23460951,0,114,2020/02/13 16:37:09
5901172197,得揚藥局,台北市信義區忠孝東路５段４５２號１樓,(02)87884667,12,82,2020/02/13 16:37:09
5901172213,華泰藥局,台北市信義區虎林街８２巷５號,(02)27601992,0,220,2020/02/13 16:37:09
5901172240,德康大藥局,台北市信義區松山路５４１巷２１號,(02)27272502,30,114,2020/02/13 16:37:09
5901172268,皇佳大藥局,台北市信義區松山路５４１巷１９號,(02)27269868,80,70,2020/02/13 16:37:09
5901172508,好康藥局,台北市信義區莊敬路４１４號,(02)27232979,0,28,2020/02/13 16:37:09
5901172544,麗中藥局,台北市信義區福德街２１７號,(02)27594416,0,72,2020/02/13 16:37:09
5901172580,文興藥局,台北市信義區福德街２４５號,(02)27590989,4,172,2020/02/13 16:37:09
5901172651,康杏藥局,台北市信義區福德街３０６號１樓,(02)27591510,0,104,2020/02/13 16:37:09
5901172688,昆陽藥局,台北市信義區林口街２３０號,(02)27274814,0,156,2020/02/13 16:37:09
5901172697,綠杏大藥局,台北市信義區吳興街２４１號,(02)27582378,8,6,2020/02/13 16:37:09
5901172704,鴻濟藥局,台北市信義區永吉路３２６巷２號１樓,(02)27645331,0,139,2020/02/13 16:37:09
5901172740,信桉藥局,台北市信義區莊敬路２３６號,(02)87860005,0,96,2020/02/13 16:37:09
5901172786,安佑藥局,台北市信義區吳興街２４７號１樓,(02)27222236,2,108,2020/02/13 16:37:09
5901172839,九州藥局,台北市信義區和平東路３段２３９號,(02)87323331,0,138,2020/02/13 16:37:09
5901172857,永吉藥局,台北市信義區永吉路２１３號,(02)87874043,48,136,2020/02/13 16:37:09
5901172924,松仁藥局,台北市信義區松仁路２３３號,(02)27238626,1,174,2020/02/13 16:37:09
5901172933,喜樂藥局,台北市信義區松德路１２５號,(02)27275797,7,92,2020/02/13 16:37:09
5901172964,榮泰藥局,台北市信義區光復南路４１９巷１９號,(02)77296777,22,100,2020/02/13 16:37:09
5901173041,皇昇大藥局,台北市信義區松山路２１０號１樓,(02)27663488,14,144,2020/02/13 16:37:09
5901173050,貴臨藥局,台北市信義區永吉路３２６巷１９號,(02)27493768,7,59,2020/02/13 16:37:09
5901173176,三立藥局,台北市信義區忠孝東路５段４９２巷３４號,(02)27271401,0,84,2020/02/13 16:37:09
5901173201,大鳥藥局,台北市信義區莊敬路３５４號,(02)23455025,2,128,2020/02/13 16:37:09
5901173210,濟生中西藥局,台北市信義區崇德街４１號,(02)27358452,0,68,2020/02/13 16:37:09
5901173238,正和藥局,台北市信義區吳興街２２５巷６號,(02)23455186,2,100,2020/02/13 16:37:09
5901173283,上禾藥師藥局,台北市信義區林口街２７號,(02)27592686,28,114,2020/02/13 16:37:09
5901173292,荐荃藥師藥局,台北市信義區虎林街６８之３號,(02)27492866,28,172,2020/02/13 16:37:09
5901173372,新永春藥局,台北市信義區忠孝東路５段４２３巷１號,(02)27667385,0,162,2020/02/13 16:37:09
5901173390,馨馨藥局,台北市信義區虎林街８２巷１９號,(02)27491208,0,194,2020/02/13 16:37:09
5901173407,康怡健保藥局,台北市信義區吳興街４６７巷２弄１２號,(02)27206193,4,188,2020/02/13 16:37:09
5901173498,御安藥局,台北市信義區和平東路３段３５９號,(02)27323997,0,146,2020/02/13 16:37:09
5901173587,新興健保藥局,台北市信義區永吉路３０巷１１３號,(02)27494892,8,48,2020/02/13 16:37:09
5901173603,松德盛康藥局,台北市信義區松德路４０號,(02)87891622,0,58,2020/02/13 16:37:09
5901173658,杏一永春藥局,台北市信義區松山路２９２巷１７號,(02)27495938,0,258,2020/02/13 16:37:09
5901173676,杏一光復藥局,台北市信義區光復南路４４９之１號,(02)87804626,26,190,2020/02/13 16:37:09
5901173685,富熙仁康藥局,台北市信義區松仁路２６０號,(02)27587608,0,82,2020/02/13 16:37:09
5901173694,洪暘藥局,台北市信義區富陽街８６號,(02)27337099,0,69,2020/02/13 16:37:09
5901173701,壹間藥師藥局,台北市信義區虎林街１２０巷１４８號,(02)27672833,52,86,2020/02/13 16:37:09
5901173710,專品光復藥局,台北市信義區光復南路４６７之１號,(02)27586682,0,62,2020/02/13 16:37:09
5901173729,康健信安藥局,台北市信義區信安街１５１號,(02)87324166,0,162,2020/02/13 16:37:09
5901173738,尚頤中西藥局,台北市信義區虎林街１４５號,(02)27253818,35,108,2020/02/13 16:37:09
5901173747,躍獅興雅藥局,台北市信義區松德路１２８號,(02)87808429,0,85,2020/02/13 16:37:09
5901173756,信義盛康藥局,台北市信義區永吉路２８６號,(02)23460521,1,123,2020/02/13 16:37:09
5901173765,上好藥師藥局,台北市信義區永吉路３０巷１０１弄４８號,(02)27677088,5,55,2020/02/13 16:37:09
5901173774,立赫北醫藥局,台北市信義區吳興街１１８巷２６弄１７號,(02)27320100,28,62,2020/02/13 16:37:09
5901173783,北一健康人生藥局,台北市信義區吳興街２５５號,(02)27583945,0,100,2020/02/13 16:37:09
5901173792,柏愛藥局,台北市信義區基隆路２段１３１之９號,(02)27325472,0,99,2020/02/13 16:37:09
5901173809,愛維喜藥局,台北市信義區莊敬路２７８號,(02)27586989,0,134,2020/02/13 16:37:09
5901173818,博亞藥局,台北市信義區莊敬路４６２號,(02)27580506,105,52,2020/02/13 16:37:09
5901173827,松美藥局,台北市信義區市民大道６段３２０號（實際營業地址：１樓）,(02)27651099,0,58,2020/02/13 16:37:09
5901180037,崇信藥局,台北市中正區齊東街８８號,(02)23417557,0,58,2020/02/13 16:37:09
5901180055,日生大藥局,台北市中正區汀州路１段５３號１樓,(02)23031393,0,46,2020/02/13 16:37:09
5901180108,三元藥局,台北市中正區三元街１５８號,(02)23052839,0,160,2020/02/13 16:37:09
5901180126,民生藥局,台北市中正區濟南路２段４５－１號１樓,(02)23416470,0,104,2020/02/13 16:37:09
5901180162,濟仁藥局,台北市中正區濟南路２段２２號,(02)23514576,0,36,2020/02/13 16:37:09
5901180206,大安藥局,台北市中正區新生南路１段１０６號,(02)23213186,3,17,2020/02/13 16:37:09
5901180215,上海聯合藥局,台北市中正區衡陽路３２號１樓,(02)23117744,0,18,2020/02/13 16:37:09
5901180224,中心藥局,台北市中正區汀州路３段１２１號,(02)23689889,2,93,2020/02/13 16:37:09
5901180304,祥全藥局,台北市中正區信義路２段７９巷１５－８號１Ｆ,(02)23939339,0,188,2020/02/13 16:37:09
5901180322,南昌大藥局,台北市中正區南昌路１段８６號１樓,(02)23510322,0,82,2020/02/13 16:37:09
5901180368,古亭藥局,台北市中正區汀州路３段１１７號,(02)23683618,0,48,2020/02/13 16:37:09
5901182031,新獻安藥局,台北市中正區羅斯福路１段１５號,(02)23519891,0,96,2020/02/13 16:37:09
5901182068,永興藥局,台北市中正區汀州路１段９２巷２８號,(02)23050986,0,198,2020/02/13 16:37:09
5901182086,國杏藥師示範藥局,台北市中正區延平南路１７１巷３號,(02)23811322,0,118,2020/02/13 16:37:09
5901182111,東華藥局,台北市中正區汀州路３段１１３號,(02)23640852,2,164,2020/02/13 16:37:09
5901182219,連雲藥局,台北市中正區連雲街７９號,(02)23410504,0,90,2020/02/13 16:37:09
5901182255,全民藥局,台北市中正區廈門街８７號,(02)23695759,0,58,2020/02/13 16:37:09
5901183323,和平藥局,台北市中正區中華路２段４３號,(02)23755303,0,170,2020/02/13 16:37:09
5901183387,丞良藥局,台北市中正區南昌路１段７８號地下１樓,(02)33938868,6,142,2020/02/13 16:37:09
5901183396,慶安藥局,台北市中正區徐州路２６號,(02)23582385,200,86,2020/02/13 16:37:09
5901183510,怡誠藥局,台北市中正區汀州路２段２１２號,(02)23626905,0,164,2020/02/13 16:37:09
5901183529,達昌藥局,台北市中正區汀州路１段２０７號,(02)23390109,0,136,2020/02/13 16:37:09
5901183645,大愛生活藥局,台北市中正區汀州路２段２３２號,(02)23661155,0,136,2020/02/13 16:37:09
5901183672,博昇藥局,台北市中正區連雲街７２號,(02)23581898,4,10,2020/02/13 16:37:09
5901183716,台醫藥局,台北市中正區公園路３０巷４號,(02)23141202,0,148,2020/02/13 16:37:09
5901183789,佑康大藥局,台北市中正區汀州路２段６４號,(02)23683602,0,97,2020/02/13 16:37:09
5901183798,佳和藥局,台北市中正區黎明里公園路３０號,(02)23117102,6,66,2020/02/13 16:37:09
5901183823,南昌健康人生藥局,台北市中正區南昌路１段１５３號,(02)23969382,0,69,2020/02/13 16:37:09
5901183887,中英大藥局,台北市中正區永綏街６號,(02)23615654,6,46,2020/02/13 16:37:09
5901183985,正康藥局,台北市中正區漢口街１段２２號,(02)23712831,0,14,2020/02/13 16:37:09
5901184071,進達健保藥局,台北市中正區中華路２段４５３號,(02)23039829,0,92,2020/02/13 16:37:09
5901184080,活力健康藥妝藥局,台北市中正區中華路２段３１５巷１號,(02)23392625,10,160,2020/02/13 16:37:09
5901184106,信康藥局,臺北市中正區南昌路１段１４３號,(02)23961979,0,36,2020/02/13 16:37:09
5901184142,新三醫藥局,台北市中正區汀州路３段１２５號,(02)23648180,4,162,2020/02/13 16:37:09
5901184179,保德中華藥局,台北市中正區中華路２段１５９號,(02)23027720,28,130,2020/02/13 16:37:09
5901184213,71恩典藥局,台北市中正區信義路２段７１號,(02)23223371,0,106,2020/02/13 16:37:09
5901184222,豐仁藥局,台北市中正區寧波西街１６１號,(02)23033908,0,184,2020/02/13 16:37:09
5901184240,立赫健保藥局,台北市中正區新生南路１段１６之２號,(02)33223231,38,88,2020/02/13 16:37:09
5901184259,汀州健康人生藥局,台北市中正區汀州路３段２１１號,(02)23688902,0,130,2020/02/13 16:37:09
5901184366,宏越藥局,台北市中正區中華路２段３１３巷４號,(02)23050880,0,136,2020/02/13 16:37:09
5901184375,大盛藥局,台北市中正區中華路１段２１巷１６號,(02)23713838,0,116,2020/02/13 16:37:09
5901184437,安藤健保調劑藥局,台北市中正區南昌路１段１３０號、１３２號,(02)23962120,10,56,2020/02/13 16:37:09
5901184446,北車維康藥局,台北市中正區青島西路７號,(02)23613623,14,0,2020/02/13 16:37:09
5901184464,和眾藥局,台北市中正區忠孝西路１段６號,(07)010119100,0,78,2020/02/13 16:37:09
5901184473,中力藥局,台北市中正區襄陽路１３之５號、１５號,(02)23313768,0,40,2020/02/13 16:37:09
5901184491,躍獅南門藥局,台北市中正區中華路２段３９巷１０號,(02)23141111,24,66,2020/02/13 16:37:09
5901184508,康呈安藥局,台北市中正區汀州路２段１８７號,(02)23672215,0,21,2020/02/13 16:37:09
5901184517,躍獅東門藥局,台北市中正區金山南路１段１０８之１號,(02)23920339,0,76,2020/02/13 16:37:09
5901184535,桐心藥局,台北市中正區金華街１８之６號１樓,(02)23581663,0,76,2020/02/13 16:37:09
5901190024,長泰藥局,台北市萬華區西園路２段２８０號,(02)23012869,12,0,2020/02/13 16:37:09
5901190033,世欣藥局,台北市萬華區東園街１７３號１Ｆ,(02)23074263,0,196,2020/02/13 16:37:09
5901190042,裕和藥局,台北市萬華區萬大路１１５、１１７號,(02)23063219,2,128,2020/02/13 16:37:09
5901190060,秀全藥局,台北市萬華區開封街２段６６－３號,(02)23811357,0,96,2020/02/13 16:37:09
5901190079,建和藥局,台北市萬華區青年路１６８巷４４號,(02)23010838,0,198,2020/02/13 16:37:09
5901190104,大嘉藥局,台北市萬華區梧州街６０號,(02)23084402,0,242,2020/02/13 16:37:09
5901190177,信昌藥局,台北市萬華區長泰街３６號１樓,(02)23054898,0,156,2020/02/13 16:37:09
5901190211,民和藥局,台北市萬華區民和街５號１樓,(02)23038134,0,22,2020/02/13 16:37:09
5901190220,生活大藥局,台北市萬華區貴陽街２段１２４號,(02)23618609,0,30,2020/02/13 16:37:09
5901190284,民鈺藥局,台北市萬華區環河南路２段１３９號１樓,(02)23084270,12,142,2020/02/13 16:37:09
5901190408,您永安藥局,台北市萬華區昆明街１６２號,(02)23317119,0,68,2020/02/13 16:37:09
5901190426,皇祥藥局,台北市萬華區萬青街１６５號１樓,(02)23375676,0,148,2020/02/13 16:37:09
5901190444,安聖藥局,台北市萬華區西園路２段２５６號１Ｆ,(02)23037620,0,58,2020/02/13 16:37:09
5901190515,日昇藥局,台北市萬華區廣州街１２４號,(02)23062975,1,196,2020/02/13 16:37:09
5901190668,聯慶大藥局,台北市萬華區萬大路３０６號１樓,(02)23039850,0,144,2020/02/13 16:37:09
5901190686,信義藥局,台北市萬華區青年路２８號,(02)23074599,2,72,2020/02/13 16:37:09
5901190695,益源藥局,台北市萬華區大理街１６０巷２６弄２號,(02)23087321,0,104,2020/02/13 16:37:09
5901192064,三源藥局,台北市萬華區康定路１９７號,(02)23022111,2,140,2020/02/13 16:37:09
5901192126,恩達藥局,台北市萬華區梧州街６４號,(02)23024467,0,268,2020/02/13 16:37:09
5901192144,健華藥局,台北市萬華區康定路３２８號,(02)23063083,24,134,2020/02/13 16:37:09
5901192153,永康大藥局,台北市萬華區桂林路４９號,(02)23317675,0,132,2020/02/13 16:37:09
5901192162,寶興大藥局,台北市萬華區寶興街１１９號,(02)23013375,10,16,2020/02/13 16:37:09
5901192180,康之友藥局,台北市萬華區青年路２０號,(02)23011598,66,129,2020/02/13 16:37:09
5901192233,仁仁藥局,台北市萬華區康定路２１９號,(02)23365545,0,28,2020/02/13 16:37:09
5901192448,健誠大藥局,台北市萬華區環河南路２段１８５號,(02)23042223,0,46,2020/02/13 16:37:09
5901192546,躍獅西園藥局,台北市萬華區西園路２段２６０號,(02)23094063,4,164,2020/02/13 16:37:09
5901192653,吉安藥局,台北市萬華區廣州街１８２號,(02)23085268,0,198,2020/02/13 16:37:09
5901192751,好視多藥局,台北市萬華區萬大路２８５號,(02)23018100,0,148,2020/02/13 16:37:09
5901192822,專品藥局,台北市萬華區長沙街２段７１－１號,(02)23718892,3,58,2020/02/13 16:37:09
5901192831,偉安藥局,台北市萬華區西藏路１０９號,(02)23037186,2,114,2020/02/13 16:37:09
5901192877,瑞生藥局,台北市萬華區西園路２段２５２號,(02)23012159,0,92,2020/02/13 16:37:09
5901192975,萬華藥局,台北市萬華區萬大路２４８號實際營業地址１樓、２樓,(02)23012221,200,208,2020/02/13 16:37:09
5901192993,萬華健業藥局,台北市萬華區東園街６８－３號,(02)23012292,26,70,2020/02/13 16:37:09
5901193025,華達藥局,台北市萬華區環河南路２段１７１號,(02)23082785,2,128,2020/02/13 16:37:09
5901193070,榮勝藥局,台北市萬華區萬大路２３３號,(02)23331121,0,244,2020/02/13 16:37:09
5901193105,安誠貴陽藥局,台北市萬華區貴陽街２段１４８號,(02)23812190,0,110,2020/02/13 16:37:09
5901193123,千誠北護藥局,台北市萬華區內江街１１４號,(02)23123530,0,90,2020/02/13 16:37:09
5901193132,松本藥局,台北市萬華區西昌街２３３號,(02)23029559,0,139,2020/02/13 16:37:09
5901193150,日森人文藥局,台北市萬華區和平西路３段１４９號,(02)23082100,2,58,2020/02/13 16:37:09
5901193169,柏祥藥局,台北市萬華區西藏路１４１號,(02)23018272,0,66,2020/02/13 16:37:09
5901193178,展源健康藥局,台北市萬華區國興路１０４號,(02)23035179,0,152,2020/02/13 16:37:09
5901193196,青年宏越藥局,台北市萬華區青年路４４號,(02)23011037,0,114,2020/02/13 16:37:09
5901193221,正盛藥局,台北市萬華區中華路２段４３４－１號,(02)23050386,0,76,2020/02/13 16:37:09
5901193230,啟仁藥局,台北市萬華區環河南路２段１７７號,(02)23362771,7,100,2020/02/13 16:37:09
5901193249,光華藥局,台北市萬華區華西街１９－５號,(02)23613609,0,192,2020/02/13 16:37:09
5901200070,裕康藥局,台北市文山區木柵路１段１２號,(02)22367756,0,40,2020/02/13 16:37:09
5901200105,建興藥局,台北市文山區木柵路２段８１號１樓,(02)29399993,4,78,2020/02/13 16:37:09
5901200114,健群藥局,台北市文山區景興路４１號,(02)29328898,10,54,2020/02/13 16:37:09
5901200123,瑞安藥局,台北市文山區溪口街６９－１號１樓,(02)29312888,2,116,2020/02/13 16:37:09
5901200141,景美藥局,台北市文山區景文街１２５號,(02)29335741,0,124,2020/02/13 16:37:09
5901200187,全銨藥局,台北市文山區木新路３段３４９號１樓,(02)29370689,0,12,2020/02/13 16:37:09
5901200490,永明大藥局,台北市文山區興隆路１段２９７號１樓,(02)29314428,2,144,2020/02/13 16:37:09
5901200534,日信專業藥局,台北市文山區木柵路２段１３９號１樓,(02)86618322,0,140,2020/02/13 16:37:09
5901201540,逸仙藥師藥局,台北市文山區興隆路２段２１８－１號１樓,(02)29312597,4,116,2020/02/13 16:37:09
5901201568,康宜庭生活藥局,台北市文山區興隆路４段６４號,(02)29385363,2,0,2020/02/13 16:37:09
5901201675,博揚藥局,台北市文山區景興路１８１號,(02)89321707,6,136,2020/02/13 16:37:09
5901201728,東京晟藥局,台北市文山區辛亥路４段９７號,(02)29356354,0,62,2020/02/13 16:37:09
5901201746,仙瑩藥局,台北市文山區景華街１６６號,(02)89321817,0,52,2020/02/13 16:37:09
5901201755,銘依藥局,台北市文山區興隆路２段３０１巷４－１號,(02)29308538,0,156,2020/02/13 16:37:09
5901201826,舒博威藥局,台北市文山區興隆路２段９５巷３號,(02)29306805,0,138,2020/02/13 16:37:09
5901201835,巧康藥局,台北市文山區木新路３段２６２、２６４號,(02)29372061,2,31,2020/02/13 16:37:09
5901201871,佳醫景美藥局,台北市文山區羅斯福路６段２９０號,(02)86636659,0,80,2020/02/13 16:37:09
5901201951,慶豐好藥局,台北市文山區興隆路４段１３５號１樓,(02)29384775,8,114,2020/02/13 16:37:09
5901202047,華君藥局,台北市文山區興隆路２段６０號,(02)29319510,4,56,2020/02/13 16:37:09
5901202154,安誠藥局,台北市文山區景華街１２４－１號,(02)29308542,8,82,2020/02/13 16:37:09
5901202216,皇興藥師藥局,台北市文山區木柵路２段１２１號,(02)29365553,0,148,2020/02/13 16:37:09
5901202583,康宜庭景文藥局,台北市文山區景文街９７號,(02)29302801,0,58,2020/02/13 16:37:09
5901202592,人人健保藥局,台北市文山區保儀路３９號,(02)86610761,4,133,2020/02/13 16:37:09
5901202627,杏隆藥局,台北市文山區羅斯福路５段２６１號,(02)29313151,190,122,2020/02/13 16:37:09
5901202645,永源大藥局,台北市文山區興隆路３段３０２號,(02)22396166,2,108,2020/02/13 16:37:09
5901202654,康宜庭萬隆藥局,台北市文山區羅斯福路５段２０２號,(02)29348662,0,56,2020/02/13 16:37:09
5901202672,美迦藥局,台北市文山區保儀路２３號,(02)29362815,5,56,2020/02/13 16:37:09
5901202681,振大藥局,台北市文山區永安街２２巷１６號,(02)29393385,0,28,2020/02/13 16:37:09
5901202752,躍獅奕新藥局,台北市文山區木新路２段２７５號,(02)22340378,0,94,2020/02/13 16:37:09
5901202789,宜康藥局,台北市文山區保儀路７號,(02)86619862,0,108,2020/02/13 16:37:09
5901202841,欣安景美藥局,台北市文山區景文街７７號,(02)29316008,241,98,2020/02/13 16:37:09
5901202850,北一藥師藥局,台北市文山區木新路３段４７號,(02)22348686,0,107,2020/02/13 16:37:09
5901202949,萬隆大藥局,台北市文山區羅斯福路５段２１８巷１５號,(02)29334580,4,109,2020/02/13 16:37:09
5901202958,杏一萬安藥局,台北市文山區萬安街１５號,(02)22302126,24,26,2020/02/13 16:37:09
5901202976,健康家藥局,台北市文山區興隆路２段１３３號,(02)29330858,0,119,2020/02/13 16:37:09
5901202994,躍獅永健藥局,台北市文山區木柵路１段１７７號,(02)77285780,2,64,2020/02/13 16:37:09
5901203026,健康人生藥局,台北市文山區興隆路３段１０６號,(02)29347813,2,76,2020/02/13 16:37:09
5901203044,木新健康人生藥局,台北市文山區木新路３段２０３號,(02)86611465,4,3,2020/02/13 16:37:09
5901203062,大樹文山藥局,台北市文山區興隆路３段１３號（１、２、３樓）,(02)29342226,0,58,2020/02/13 16:37:09
5901203071,景華盛康藥局,台北市文山區景華街６９號,(02)29310188,0,64,2020/02/13 16:37:09
5901203080,杏一木柵藥局,台北市文山區木柵路３段９８號,(02)29371839,0,108,2020/02/13 16:37:09
5901203106,光明大藥局,台北市文山區忠順街１段６６號,(02)29390275,0,60,2020/02/13 16:37:09
5901203124,福興藥局,台北市文山區福興路５６號,(02)89313868,0,44,2020/02/13 16:37:09
5901203160,路加健康藥局,台北市文山區興隆路２段２２０巷３９號,(02)29302336,26,16,2020/02/13 16:37:09
5901203179,健安藥局,台北市文山區景興路１６５號,(02)29323757,0,74,2020/02/13 16:37:09
5901203188,逸全生活藥局,台北市文山區羅斯福路５段２２２號,(02)29326185,0,122,2020/02/13 16:37:09
5901203204,躍獅新芳藥局,台北市文山區興隆路３段９０號,(02)29308172,12,213,2020/02/13 16:37:09
5901203213,綠杏萬芳藥局,台北市文山區興隆路３段１１１號,(02)29349516,20,44,2020/02/13 16:37:09
5901203222,躍獅景新藥局,台北市文山區羅斯福路６段３０號,(02)29356221,0,98,2020/02/13 16:37:09
5901203240,大愛幸福藥局,台北市文山區木新路２段２２１號,(02)29379977,0,40,2020/02/13 16:37:09
5901203259,杏一萬芳藥局,台北市文山區興隆路３段１１８號、１１８號２樓,(02)82301606,0,68,2020/02/13 16:37:09
5901203268,躍獅木柵藥局,台北市文山區指南路１段２８號,(02)86617752,0,134,2020/02/13 16:37:09
5901203277,大樹景美藥局,台北市文山區羅斯福路６段２３４之１號,(02)29322951,0,74,2020/02/13 16:37:09
5901203286,康宜庭興隆藥局,台北市文山區興隆路３段２００號,(02)22304866,0,95,2020/02/13 16:37:09
5901203302,大樹木柵藥局,台北市文山區木柵路３段１０８號、１１０號（１樓、２樓、３樓）,(02)22340110,0,86,2020/02/13 16:37:09
5901203320,圓鼎藥局,台北市文山區羅斯福路６段４０７號２樓之１,(02)29332010,56,154,2020/02/13 16:37:09
5902010016,健康藥局,高雄市鹽埕區大仁路１０２號,(07)5510738,0,44,2020/02/13 16:37:09
5902010025,南京藥局,高雄市鹽埕區建國四路３８７號,(07)5514652,0,124,2020/02/13 16:37:09
5902010132,宏恩藥局,高雄市鹽埕區教仁里瀨南街１３３號,(07)5211318,4,214,2020/02/13 16:37:09
5902011308,昇安藥局,高雄市鹽埕區瀨南街２２５號１樓,(07)5216438,0,94,2020/02/13 16:37:09
5902011326,和生藥局,高雄市鹽埕區建國四路１７８－２號,(07)5315739,7,78,2020/02/13 16:37:09
5902011335,利百加藥局,高雄市鹽埕區大公路９６號,(07)5511098,0,232,2020/02/13 16:37:09
5902020012,永松藥局,高雄市鼓山區鼓山三路１３０－１５號,(07)5810657,0,176,2020/02/13 16:37:09
5902021153,世和藥局,高雄市鼓山區華豐里華夏路１９５號,(07)5522566,0,126,2020/02/13 16:37:09
5902021233,崧柏藥局,高雄市鼓山區華榮路５４３號,(07)5542027,0,116,2020/02/13 16:37:09
5902021242,快安藥局,高雄市鼓山區濱海一路３２號,(07)5514090,0,128,2020/02/13 16:37:09
5902021331,文山藥局,高雄市鼓山區鼓山二路１６６之８之９號,(07)5315681,17,154,2020/02/13 16:37:09
5902021377,藍玉藥局,高雄市鼓山區鼓峰里九如四路２００２號,(07)5837528,0,142,2020/02/13 16:37:09
5902022669,惠民藥局,高雄市鼓山區九如四路１４２６號,(07)5833228,16,10,2020/02/13 16:37:09
5902022687,元氣藥局,高雄市鼓山區南屏路５３３號,(07)5555995,30,108,2020/02/13 16:37:09
5902022721,永瑞藥局,高雄市鼓山區華榮路２９８號２樓,(07)5521376,120,134,2020/02/13 16:37:09
5902022749,安康藥局,高雄市鼓山區裕誠路１１５５號,(07)5536828,74,232,2020/02/13 16:37:09
5902022794,定國藥局,高雄市鼓山區九如四路１１３５號,(07)5815858,0,94,2020/02/13 16:37:09
5902022801,裕康中西大藥局,高雄市鼓山區裕誠路１５１９號,(07)5555352,0,32,2020/02/13 16:37:09
5902022829,弘興藥局,高雄市鼓山區鼓山三路４８－１１號,(07)5612677,0,68,2020/02/13 16:37:09
5902022874,康爾喜藥局,高雄市鼓山區慶豐街５０號,(07)5222650,5,148,2020/02/13 16:37:09
5902022892,大有藥局,高雄市鼓山區文信路２３６號,(07)5529402,42,124,2020/02/13 16:37:09
5902022972,高雄藥局,高雄市鼓山區九如四路９２４號,(07)5610031,18,160,2020/02/13 16:37:09
5902030063,紅心藥局,高雄市左營區崇德路２５５號,(07)3416697,0,90,2020/02/13 16:37:09
5902030090,宏仁藥局,高雄市左營區左營大路３９０號,(07)5817895,0,90,2020/02/13 16:37:09
5902030205,果貿藥局,高雄市左營區果峰街２２號,(07)5852825,46,306,2020/02/13 16:37:09
5902030269,立文藥局,高雄市左營區立文路５４號,(07)5572899,6,112,2020/02/13 16:37:09
5902030287,慈德藥局,高雄市左營重愛路５３號,(07)3416212,42,172,2020/02/13 16:37:09
5902030303,翔生藥局,高雄市左營區尾南里左營大路５１４號,(07)5827329,2,106,2020/02/13 16:37:09
5902030312,吉辰藥局,高雄市左營區左營大路４１之１號,(07)5815069,0,64,2020/02/13 16:37:09
5902030410,重仁藥局,高雄市左營區左營大路４０８號,(07)5824083,0,124,2020/02/13 16:37:09
5902030634,有機藥局,高雄市左營區榮耀街３號,(07)3596429,62,156,2020/02/13 16:37:09
5902030643,新高橋藥局,高雄市左營區民族一路１０２８號,(07)3100696,20,116,2020/02/13 16:37:09
5902031882,崇光藥局,高雄市左營區華夏路７５５號,(07)3452211,0,126,2020/02/13 16:37:09
5902031999,平安藥局,高雄市左營區中華一路５之１號,(07)5833688,0,282,2020/02/13 16:37:09
5902032174,光明健保藥局,高雄市左營區翠華路６０１巷８３號,(07)5812499,42,298,2020/02/13 16:37:09
5902032218,和信藥師健保藥局,高雄市左營區崇德路２６７號,(07)3419363,100,126,2020/02/13 16:37:09
5902032227,政大聯合藥局,高雄市左營區自由三路５０６號,(07)3454713,0,122,2020/02/13 16:37:09
5902032370,好幸福專業藥局,高雄市左營區明華一路２２０號,(07)5506816,0,110,2020/02/13 16:37:09
5902032432,威林藥局,高雄市左營區華夏路７２１號,(07)3414243,24,106,2020/02/13 16:37:09
5902032441,健怡藥局,高雄市左營區翠峰路４０號,(07)5821891,14,262,2020/02/13 16:37:09
5902032450,可達藥局,高雄市左營區榮德街１７７號,(07)3420182,6,106,2020/02/13 16:37:09
5902032487,必健藥局,高雄市左營區自由二路９０號,(07)5584259,0,132,2020/02/13 16:37:09
5902032521,合康健保藥局,高雄市左營區裕誠路１８８號,(07)5509667,6,154,2020/02/13 16:37:09
5902032530,杏光藥局,高雄市左營區果峰街４７巷１號１樓,(07)5837060,57,191,2020/02/13 16:37:09
5902032647,健智美藥局,高雄市左營區富國路９８號,(07)5580888,8,104,2020/02/13 16:37:09
5902032665,安欣藥師藥局,高雄市左營區大順一路５５２號１樓,(07)5506620,100,240,2020/02/13 16:37:09
5902032674,辰暘藥局,高雄市左營區富民路１２０號１、２樓,(07)5588545,4,162,2020/02/13 16:37:09
5902040014,成吉藥局,高雄市楠梓區楠梓東街７４號,(07)3513339,46,29,2020/02/13 16:37:09
5902040041,橘井藥局,高雄市楠梓區楠梓路１２９號,(07)3511869,2,150,2020/02/13 16:37:09
5902040050,富翔藥局,高雄市楠梓區常德路３０７號,(07)3516365,0,4,2020/02/13 16:37:09
5902040069,新友藥局,高雄市楠梓區萬昌路１１１號,(07)3653534,2,4,2020/02/13 16:37:09
5902040087,世詠藥局,高雄市楠梓區楠都東街１３８號,(07)3539869,60,140,2020/02/13 16:37:09
5902040096,宗隆藥局,高雄市楠梓區右昌街２２０號,(07)3622203,206,154,2020/02/13 16:37:09
5902040112,丁丁楠梓藥局,高雄市楠梓區建楠路１３０、１３２、１３４號,(07)3533743,20,74,2020/02/13 16:37:09
5902040185,東初藥局,高雄市楠梓區楠梓路３２號,(07)3511261,0,148,2020/02/13 16:37:09
5902040210,益民藥局,高雄市楠梓區建楠路４７號,(07)3522161,2,96,2020/02/13 16:37:09
5902040229,進昇藥局,高雄市楠梓區德賢路２０２號,(07)3652334,0,82,2020/02/13 16:37:09
5902040238,筆秀藥局,高雄市楠梓區青埔街１５２號,(07)3622412,50,44,2020/02/13 16:37:09
5902040274,千惠藥局,高雄市楠梓區和光街１８１號,(07)3631268,10,158,2020/02/13 16:37:09
5902040498,順明藥局,高雄市楠梓區和光街６５號,(07)3615574,0,156,2020/02/13 16:37:09
5902040532,聯亞藥局,高雄市揇梓區軍校路７１０號,(07)3638387,14,172,2020/02/13 16:37:09
5902041226,正人藥師藥局,高雄市楠梓區和昌里軍校路６７２號,(07)3652942,0,162,2020/02/13 16:37:09
5902042269,常禾藥局,高雄市楠梓區常德路３３３號一樓,(07)3537431,0,108,2020/02/13 16:37:09
5902042376,佶辰藥局,高雄市楠梓區德民路６４１號１Ｆ,(07)3662802,0,126,2020/02/13 16:37:09
5902042447,建佑藥局,高雄市楠梓區右昌街１９１號,(07)3626893,6,0,2020/02/13 16:37:09
5902042474,誠群藥局,高雄市楠梓區樂群路１８２號１樓,(07)3661733,4,18,2020/02/13 16:37:09
5902042492,合德中西藥師藥局,高雄市楠梓區楠梓路４８６號,(07)3581291,202,133,2020/02/13 16:37:09
5902042563,天健藥局,高雄市楠梓區後昌路１０８７號,(07)3634179,0,126,2020/02/13 16:37:09
5902042590,德賢藥師藥局,高雄市楠梓區德賢路５５１號,(07)3606056,2,64,2020/02/13 16:37:09
5902042657,皇慶藥局,高雄市楠梓區和光街１９１號,(07)3643352,20,30,2020/02/13 16:37:09
5902042661,元春中西藥師藥局,高雄市楠梓區後昌路８３７巷３７號,(07)3605656,0,12,2020/02/13 16:37:09
5902042714,長義藥局,高雄市楠梓區惠民路４８號,(07)3640593,0,90,2020/02/13 16:37:09
5902042769,家安藥局,高雄市楠梓區後昌新路１３號１樓,(07)3600066,2,92,2020/02/13 16:37:09
5902050092,明曜藥局,高雄市三民區澄和路９６號,(07)3803807,8,158,2020/02/13 16:37:09
5902050154,杏安藥局,高雄市三民區十全一路91 號,(07)3111606,60,218,2020/02/13 16:37:09
5902050298,瑞鶴藥局,高雄市三民區寶德里義德路２５號,(07)3862757,202,172,2020/02/13 16:37:09
5902050323,信彰藥師藥局,高雄市三民區鼎中路６２７號,(07)3422376,0,36,2020/02/13 16:37:09
5902050350,日星藥局,高雄市三民區寶龍里惠德街３８號,(07)3845188,184,174,2020/02/13 16:37:09
5902050378,安成藥局,高雄市三民區察哈爾二街６３號,(07)3229295,0,154,2020/02/13 16:37:09
5902050387,合祥藥局,高雄市三民區本元里昭良街６８號,(07)3830180,78,188,2020/02/13 16:37:09
5902050412,春仁藥局,高雄市三民區覺民路２２５號,(07)2351064,324,232,2020/02/13 16:37:09
5902050467,人禾藥局,高雄市三民區達仁里九如二路３２４號,(07)3215681,0,194,2020/02/13 16:37:09
5902050565,澄和藥局,高雄市三民區澄和路６６號,(07)3923111,8,194,2020/02/13 16:37:09
5902050592,建昌藥局,高雄市三民區十全一路１０５號１樓,(07)3232356,2,224,2020/02/13 16:37:09
5902050636,嘉益藥局,高雄市三民區重慶街３０號,(07)3110157,58,246,2020/02/13 16:37:09
5902050681,全信藥局,高雄市三民區鼎中里鼎中路１０６號,(07)3428155,0,144,2020/02/13 16:37:09
5902050770,仁生藥局,高雄市三民區民享里熱河二街７８號,(07)3118765,0,136,2020/02/13 16:37:09
5902050798,友泰藥局,高雄市三民區中和街１６９號,(07)3125236,156,210,2020/02/13 16:37:09
5902050903,皇安藥局,高雄市三民區九如一路４６１號,(07)3866779,30,90,2020/02/13 16:37:09
5902050912,雅信藥局,高雄市三民區鼎山街３２６號,(07)3830821,0,166,2020/02/13 16:37:09
5902050958,安信藥局,高雄市三民區灣中里鼎山街６６５號,(07)3825577,10,150,2020/02/13 16:37:09
5902051222,利民藥局,高雄市三民區孝順街７４號,(07)3125436,0,214,2020/02/13 16:37:09
5902051240,明皇藥局,高雄市三民區寶國里義華路１８１號,(07)3860121,0,180,2020/02/13 16:37:09
5902051268,上正藥師藥局,高雄市三民區憲政路２５５號,(07)2223355,0,80,2020/02/13 16:37:09
5902051642,安寧藥局,高雄市三民區嫩江街３９號,(07)3217585,1,141,2020/02/13 16:37:09
5902051786,億生藥局,高雄市三民區南台路２００號,(07)2873436,2,258,2020/02/13 16:37:09
5902051866,久大藥局,高雄市三民區本文里立忠路３２號１Ｆ,(07)3858116,0,152,2020/02/13 16:37:09
5902053833,建銘藥局,高雄市三民區吉林街２６２號,(07)3133460,0,86,2020/02/13 16:37:09
5902054689,善全藥局,高雄市三民區義華路３９１號,(07)3960269,40,216,2020/02/13 16:37:09
5902054741,文安學藥局,高雄市三民區寶業里覺民路６２號,(07)3809400,0,148,2020/02/13 16:37:09
5902054858,勝發藥局,高雄市三民區金鼎路３５０號,(07)3474780,0,146,2020/02/13 16:37:09
5902055480,建保藥局,高雄市三民區陽明路４１３號,(07)3920433,0,90,2020/02/13 16:37:09
5902056638,柏仁藥局,高雄市三民區覺民路５０４號,(07)3976016,2,124,2020/02/13 16:37:09
5902056692,大樂藥局,高雄市三民區明誠二路１６號一樓,(07)3501052,326,257,2020/02/13 16:37:09
5902056718,岱安藥局,高雄市三民區熱河二街２３號,(07)3219946,102,220,2020/02/13 16:37:09
5902056754,大家藥局,高雄市三民區鼎中路２２９號１樓,(07)3107632,0,178,2020/02/13 16:37:09
5902056807,長慶藥局,高雄市三民區金鼎路３１０號,(07)3105835,2,110,2020/02/13 16:37:09
5902056825,新正興藥局,高雄市三民區正興路１００號,(07)3892646,1,248,2020/02/13 16:37:09
5902056923,鴻慶藥局,高雄市三民區裕誠路７０號,(07)9536166,130,164,2020/02/13 16:37:09
5902057126,民安藥局,高雄市三民區嫩江街７０號,(07)3121381,0,168,2020/02/13 16:37:09
5902057144,欣仁惠藥局,高雄市三民區大昌二路２４８號,(07)3837833,18,120,2020/02/13 16:37:09
5902057162,台安藥局,高雄市三民區華德街１４９號１樓,(07)3972340,89,160,2020/02/13 16:37:09
5902057288,育英藥局,高雄市三民區灣子里和順街３９號,(07)3824467,0,96,2020/02/13 16:37:09
5902057368,崧民藥師藥局,高雄市三民區金鼎路２２８號,(07)3102496,1,96,2020/02/13 16:37:09
5902057484,永勝藥局,高雄市三民區褒忠街１１４號,(07)3814643,0,192,2020/02/13 16:37:09
5902057493,上泰藥局,高雄市三民區鼎山街５６９號,(07)3987396,14,144,2020/02/13 16:37:09
5902057500,陽明藥局,高雄市三民區陽明路２８７號,(07)3960376,6,134,2020/02/13 16:37:09
5902057519,伍陸藥局,高雄市三民區正興路９４號,(07)3890676,0,106,2020/02/13 16:37:09
5902057546,華南藥局,高雄市三民區中和街１２４號,(07)3127483,0,156,2020/02/13 16:37:09
5902057680,健爾康藥局,高雄市三民區正興路２３號,(07)3965658,6,100,2020/02/13 16:37:09
5902057733,新久億藥局,高雄市三民區正興路１８３號,(07)3986909,3,150,2020/02/13 16:37:09
5902057822,建工丁丁藥局,高雄市三民區建工路５６８號,(07)3830841,0,48,2020/02/13 16:37:09
5902057831,愛橋藥局,高雄市三民區陽明路１９２號,(07)3945146,18,162,2020/02/13 16:37:09
5902057902,利安藥局,高雄市三民區建工路５４５號,(07)3965550,4,168,2020/02/13 16:37:09
5902057920,必好藥局,高雄市三民區義華路４６０號,(07)3851751,0,68,2020/02/13 16:37:09
5902057939,朝陽健保藥局,高雄市三民區陽明路５７號１樓,(07)3839886,53,84,2020/02/13 16:37:09
5902057948,振源藥局,高雄市三民區熱河一街３５５號１樓,(07)3112541,0,90,2020/02/13 16:37:09
5902060025,連作藥局,高雄市新興區大同一路２０３－１號,(07)2154716,0,68,2020/02/13 16:37:09
5902060132,成益藥局,高雄市新興區德望里復興一路４之２號,(07)2265015,0,134,2020/02/13 16:37:09
5902060150,永明藥局,高雄市新興區仁智街２２３號,(07)2619832,4,186,2020/02/13 16:37:09
5902061540,長青藥局,高雄市新興區六合路１１４號,(07)2229220,0,106,2020/02/13 16:37:09
5902061577,銘泰藥局,高雄市新興區自立二路１６６號,(07)2855165,2,104,2020/02/13 16:37:09
5902061899,元盛藥局,高雄市新興區六合路１５３號,(07)2228183,0,138,2020/02/13 16:37:09
5902071528,岩生藥局,高雄市前金區自立一路１５－１號,(07)2863608,0,184,2020/02/13 16:37:09
5902071537,大衛藥局,高雄市前金區中華三路１８８號,(07)2859958,0,156,2020/02/13 16:37:09
5902071546,中華藥局,高雄市前金區中華四路３６３號,(07)2712779,0,132,2020/02/13 16:37:09
5902080036,瑞林藥局,高雄市苓雅區興中一路２８２號,(07)3312146,0,162,2020/02/13 16:37:09
5902080287,佳鴻中西藥局,高雄市苓雅區文昌路１１號,(07)7497103,0,106,2020/02/13 16:37:09
5902080312,正和藥局,高雄市苓雅區福建街３６２號,(07)2265377,1,169,2020/02/13 16:37:09
5902080376,政德藥局,高雄市苓雅區正大里武廟路２９號,(07)7114371,0,180,2020/02/13 16:37:09
5902080465,廣德泰藥局,高雄市苓雅區苓雅二路７６號,(07)3340769,0,180,2020/02/13 16:37:09
5902080474,弘宗藥局,高雄市苓雅區武智街２號,(07)7211088,0,176,2020/02/13 16:37:09
5902080518,福海藥局,高雄市苓雅區武慶三路５８號,(07)7618855,0,94,2020/02/13 16:37:09
5902080527,三和藥局,高雄市苓雅區廣州二街１１７號,(07)7220808,0,142,2020/02/13 16:37:09
5902080545,柏松藥局,高雄市苓雅區輔仁路１７５號,(07)7119786,2,78,2020/02/13 16:37:09
5902080616,一加藥局,高雄市苓雅區和平一路四二號,(07)7212748,1,152,2020/02/13 16:37:09
5902080741,天新藥局,高雄市苓雅區華堂里林森二路１－３號,(07)3342754,0,150,2020/02/13 16:37:09
5902080803,功安中西大藥局,高雄市苓雅區三多二路２９１號,(07)7215949,411,322,2020/02/13 16:37:09
5902080858,福興藥局,高雄市苓雅區成功一路５２號,(07)3331862,264,266,2020/02/13 16:37:09
5902081015,明群藥局,高雄市苓雅區英明路５４號,(07)7254953,0,122,2020/02/13 16:37:09
5902081186,寶麒藥局,高雄市苓雅區三多一路１４４號,(07)7610355,0,148,2020/02/13 16:37:09
5902081328,東信藥局,高雄市苓雅區三多一路１８９號,(07)7613309,0,148,2020/02/13 16:37:09
5902083457,順一藥局,高雄市苓雅區田西里成功一路２１０號,(07)3330011,0,72,2020/02/13 16:37:09
5902083582,健智藥局,高雄市苓雅區四維二路９６之２號,(07)7249153,3,48,2020/02/13 16:37:09
5902083591,晨安藥局,高雄市苓雅區興中一路１６０號,(07)3365463,0,232,2020/02/13 16:37:09
5902084703,瑞生藥局,高雄市苓雅區自強三路３１號,(07)3305239,0,86,2020/02/13 16:37:09
5902084749,琉璃光藥師藥局,高雄市苓雅區四維一路２９２號之一樓,(07)7160930,18,254,2020/02/13 16:37:09
5902084776,杏合藥局,高雄市苓雅區福德二路２１６號,(07)7268966,9,184,2020/02/13 16:37:09
5902084785,新良安藥局,高雄市苓雅區苓雅二路１０６號,(07)3386980,0,84,2020/02/13 16:37:09
5902084801,邱吉祥藥局,高雄市苓雅區凱旋二路１３５號,(07)2226055,0,204,2020/02/13 16:37:09
5902085031,上好藥局,高雄市苓雅區四維一路六三號一樓,(07)7266863,0,120,2020/02/13 16:37:09
5902085139,健福藥局,高雄市苓雅區永富街１０號,(07)3381746,0,159,2020/02/13 16:37:09
5902085148,召祐健保藥局,高雄市苓雅區正義路９３號,(07)7493719,0,175,2020/02/13 16:37:09
5902085166,景福藥局,高雄市苓雅區和平一路１４７之５號,(07)7719152,2,96,2020/02/13 16:37:09
5902085184,惠春藥局,高雄市苓雅區武慶三路９６號,(07)7611358,0,158,2020/02/13 16:37:09
5902085228,永森藥局,高雄市苓雅區建國一路２９０號,(07)7163087,106,256,2020/02/13 16:37:09
5902085308,幸福藥師藥局,高雄市苓雅區青年一路１６７－３號,(07)5368701,2,96,2020/02/13 16:37:09
5902085344,意祥藥局,高雄市苓雅區武廟路１４２之１號,(07)7224835,0,158,2020/02/13 16:37:09
5902085371,加和藥局,高雄市苓雅區和平一路１４３之７號,(07)7219332,14,176,2020/02/13 16:37:09
5902090032,全國大藥局,高雄市前鎮區三多二路４０３號１樓,(07)3345775,21,190,2020/02/13 16:37:09
5902090087,久億藥局,高雄市前鎮區保泰路３５１號,(07)7619333,0,138,2020/02/13 16:37:09
5902090103,文仁藥局,高雄市前鎮區明正里草衙二路４６０號,(07)8413116,0,124,2020/02/13 16:37:09
5902090121,意文藥局,高雄市前鎮區瑞華里武營路１８３號,(07)7226570,0,106,2020/02/13 16:37:09
5902090167,勝惠藥局,高雄市前鎮區忠孝里三多三路７１號,(07)3354766,48,252,2020/02/13 16:37:09
5902090363,八仙藥局,高雄市前鎮區瑞隆路２５１號,(07)7270001,11,128,2020/02/13 16:37:09
5902090765,家安大藥局,高雄市前鎮區崗山南街３４２巷２１號,(07)7137711,0,190,2020/02/13 16:37:09
5902090827,博平藥局,高雄市前鎮區草衙二路３７７號,(07)8311814,6,78,2020/02/13 16:37:09
5902090970,民光藥局,高雄市前鎮區林森三路４８號,(07)3335362,1,166,2020/02/13 16:37:09
5902091128,北京藥局,高雄市前鎮區公正路３１號,(07)7113100,12,6,2020/02/13 16:37:09
5902092205,百宏中西大藥局,高雄市前鎮區復興三路１９４號,(07)3386719,0,31,2020/02/13 16:37:09
5902092296,迎廣藥局,高雄市前鎮區林森三路１５０號２樓,(07)3321466,29,214,2020/02/13 16:37:09
5902092321,彥芳藥局,高雄市前鎮區長江街６５號１樓,(07)3302007,0,122,2020/02/13 16:37:09
5902092358,惠芳藥局,高雄市前鎮區一心一路４８６號,(07)5370650,38,53,2020/02/13 16:37:09
5902092410,旺盛藥局,高雄市前鎮區永豐路１０８號,(07)7512899,0,210,2020/02/13 16:37:09
5902092492,元生藥局,高雄市前鎮區鎮興路２２６號１樓,(07)8156356,0,166,2020/02/13 16:37:09
5902092554,協和藥局,高雄市前鎮區中華五路９８３號,(07)5377769,1,164,2020/02/13 16:37:09
5902092572,羿昇藥局,高雄市前鎮區一心一路４９２號,(07)3387737,54,200,2020/02/13 16:37:09
5902092643,晏昇藥局,高雄市前鎮區凱旋三路８１號,(07)7235136,0,98,2020/02/13 16:37:09
5902092787,吉昌藥局,高雄市前鎮區正勤路１００號,(07)3368782,0,156,2020/02/13 16:37:09
5902092887,民權丁丁藥局,高雄市前鎮區民權二路３４５號,(07)9650177,0,30,2020/02/13 16:37:09
5902092896,廣泰藥局,高雄市前鎮區瑞北路５６號,(07)7162166,0,66,2020/02/13 16:37:09
5902092910,健家藥局,高雄市前鎮區二聖二路４５號,(07)3389986,1,168,2020/02/13 16:37:09
5902092956,慈濟健保藥局,高雄市前鎮區鎮州路２１１號,(07)8159788,2,319,2020/02/13 16:37:09
5902100033,旗后藥局,高雄市旗津區中洲三路７１５號,(07)5715838,11,194,2020/02/13 16:37:09
5902100042,千佑藥局,高雄市旗津區復興里中洲三路５１３號,(07)5712619,0,100,2020/02/13 16:37:09
5902101094,康富藥局,高雄市旗津區旗津二路２２０號,(07)5710567,0,18,2020/02/13 16:37:09
5902110066,文祺藥局,高雄市小港區正苓里平治街１１２號,(07)8014066,0,80,2020/02/13 16:37:09
5902110093,鳳明中西大藥局,高雄市小港區二苓路２４７號,(07)8011846,0,104,2020/02/13 16:37:09
5902110244,億大藥局,高雄市小港區三苓里永義街１７１號,(07)8014958,56,98,2020/02/13 16:37:09
5902110299,大裕藥局,高雄市小港區小港里小港路２６１號,(07)8211467,7,16,2020/02/13 16:37:09
5902110422,臨生藥局,高雄市小港區鳳鳴路１４６－４號,(07)8711290,0,118,2020/02/13 16:37:09
5902110431,龍祺藥局,高雄市小港區平和路１１１號,(07)8315352,0,158,2020/02/13 16:37:09
5902110593,慈林藥局,高雄市小港區鳳林路９３號,(07)8718087,0,112,2020/02/13 16:37:09
5902110600,高泰藥局,高雄市小港區桂陽路７號,(07)7930043,0,4,2020/02/13 16:37:09
5902110628,悅是康藥局,高雄市小港區漢民路２７６號,(07)8010012,2,50,2020/02/13 16:37:09
5902111661,康乃爾藥局,高雄市小港區漢民路４１３號２樓,(07)8026291,0,74,2020/02/13 16:37:09
5902111670,桂林活力藥師藥局,高雄市小港區桂陽路４０號,(07)7931248,2,20,2020/02/13 16:37:09
5902111698,康莊藥局,高雄市小港區康莊路６９號一樓,(07)8063384,4,142,2020/02/13 16:37:09
5902111796,力安藥師藥局,高雄市小港區桂陽路316號１樓,(07)7918167,4,26,2020/02/13 16:37:09
5902111938,丁丁藥局小港店,高雄市小港區宏平路８５號,(07)8603388,8,28,2020/02/13 16:37:09
5903010010,康健藥局,臺中市豐原區西勢里中山路３７３號,(04)25279542,4,133,2020/02/13 16:37:09
5903010038,金宏健保藥局,臺中市豐原區安康路１０３號,(04)25288262,0,72,2020/02/13 16:37:09
5903010056,一加藥局,臺中市豐原區中正路１９５號,(04)25237700,0,96,2020/02/13 16:37:09
5903010118,理妍藥局,臺中市豐原區中正路３７９號,(04)25270140,0,102,2020/02/13 16:37:09
5903010127,友誠藥局,臺中市豐原區豐東路４０１號１樓,(04)25132371,0,38,2020/02/13 16:37:09
5903010181,永豐藥局,臺中市豐原區中山路４２２號１樓,(04)25280088,0,88,2020/02/13 16:37:09
5903010261,豐原西勢藥局,臺中市豐原區西勢路２００號１樓,(04)25262330,0,38,2020/02/13 16:37:09
5903010270,福心藥局,臺中市豐原區中正路７１５號１樓,(04)25229292,0,22,2020/02/13 16:37:09
5903010289,心美日藥局,臺中市豐原區中山路３５９號１樓,(04)25260703,0,2,2020/02/13 16:37:09
5903010305,大樹圓環藥局,臺中市豐原區圓環東路６１７號１樓,(04)25122212,200,50,2020/02/13 16:37:09
5903010314,豐原百宏中西藥局,臺中市豐原區水源路５９５號１樓,(04)25242185,102,52,2020/02/13 16:37:09
5903010332,富田藥局,臺中市豐原區文昌街１５２號１樓,(04)25225453,3,22,2020/02/13 16:37:09
5903010350,甲蒂健保藥局,臺中市豐原區豐東路３０８號,(04)25256028,18,18,2020/02/13 16:37:09
5903010378,豐原啄木鳥藥局,臺中市豐原區中山路１７８號１樓,(04)25295340,0,20,2020/02/13 16:37:09
5903010387,信宜藥局,臺中市豐原區中山路３９５號,(04)25229912,0,200,2020/02/13 16:37:09
5903010403,品安藥局,臺中市豐原區中山路４０５號,(04)25270138,182,166,2020/02/13 16:37:09
5903010412,佑全豐原圓環東藥局,臺中市豐原區圓環東路５４８、５５０、５５２、５５４號,(04)25246069,0,32,2020/02/13 16:37:09
5903010421,長庚健保大藥局,臺中市豐原區中正路１３２號１樓,(04)25151867,0,102,2020/02/13 16:37:09
5903010430,喜樂魚藥局,臺中市豐原區圓環東路６１３號１樓,(04)25200226,2,114,2020/02/13 16:37:09
5903010449,豐原藥局,臺中市豐原區新生北路２０６號之１（１樓）,(04)25260119,0,180,2020/02/13 16:37:09
5903010458,心之藥局,臺中市豐原區中山路５０４號,(04)25254959,0,108,2020/02/13 16:37:09
5903010467,阜康藥局,臺中市豐原區中山路２９５號１樓,(04)25155977,0,196,2020/02/13 16:37:09
5903010485,大樹圓環藥局,臺中市豐原區圓環東路６１７號１樓,(04)25122212,0,44,2020/02/13 16:37:09
5903010494,百宏大藥局,臺中市豐原區中正路８６０號１樓,(04)25131538,98,48,2020/02/13 16:37:09
5903020034,國良豐藥局,臺中市東勢區豐勢路２１號１樓,(04)25885778,0,14,2020/02/13 16:37:09
5903020052,東勢福倫藥局,臺中市東勢區豐勢路４３８號,(04)25876118,0,14,2020/02/13 16:37:09
5903030012,康好藥局,臺中市大甲區三民路１３２－２號,(04)26802149,2,28,2020/02/13 16:37:09
5903030030,大甲健康藥局,臺中市大甲區蔣公路２４２-１號１樓,(04)26805833,0,38,2020/02/13 16:37:09
5903030067,甲尚藥局,台中市大甲區順天路１２８號,(04)26760885,0,24,2020/02/13 16:37:09
5903030076,百禾藥局,臺中市大甲區仁愛街５８號,(04)26872538,10,78,2020/02/13 16:37:09
5903030085,廣元藥局,臺中市大甲區順天路１４６號１樓,(04)26872843,2,122,2020/02/13 16:37:09
5903030138,聖佑藥局,臺中市大甲區中山路１段５７６號１樓,(04)26760156,0,78,2020/02/13 16:37:09
5903030147,能德藥局,臺中市大甲區復興路２２之１號,(04)26873549,0,124,2020/02/13 16:37:09
5903030165,民和藥局,臺中市大甲區德興路６８號,(04)26871212,0,28,2020/02/13 16:37:09
5903030174,慶安藥局,臺中市大甲區文武路１７８之３號,(04)26802933,1,138,2020/02/13 16:37:09
5903030183,志明藥局,臺中市大甲區民生路２１號,(04)26876221,2,0,2020/02/13 16:37:09
5903030192,大甲合和藥局,臺中市大甲區甲后路５段２６９號１樓,(04)26802310,0,14,2020/02/13 16:37:09
5903040045,全佑藥局,臺中市清水區新興路２６０號１樓,(04)26220579,0,62,2020/02/13 16:37:09
5903040063,崇文藥師藥局,臺中市清水區和平路４２８之１５號,(04)26561101,14,90,2020/02/13 16:37:09
5903050050,關心藥局,臺中市沙鹿區光大路２４２號,(04)26625182,0,110,2020/02/13 16:37:09
5903050087,仁暉健保處方藥局,臺中市沙鹿區向上路７段１３０號,(04)26365626,0,24,2020/02/13 16:37:09
5903050096,沙鹿合和健保藥局,臺中市沙鹿區正義路２號,(04)26320590,0,8,2020/02/13 16:37:09
5903050103,北勢進騰藥局,臺中市沙鹿區北勢東路５０９之７號１樓,(04)26330893,0,36,2020/02/13 16:37:09
5903050149,立好藥局,臺中市沙鹿區北勢東路６９３號１樓,(04)26522389,4,8,2020/02/13 16:37:09
5903050176,全國藥局,臺中市沙鹿區臺灣大道７段９９２號,(04)26627097,12,72,2020/02/13 16:37:09
5903050185,好利藥局,臺中市沙鹿區中山路４８７－１號,(04)26630087,4,4,2020/02/13 16:37:09
5903050194,樂齊藥局,臺中市沙鹿區北中路８６－１、８６－２號,(04)26338867,50,46,2020/02/13 16:37:09
5903050210,富康沙鹿藥局,臺中市沙鹿區沙田路１４２號１樓,(04)26633399,0,64,2020/02/13 16:37:09
5903050229,維康藥局,臺中市沙鹿區鎮南路２段４１２號１樓,(04)26524787,46,136,2020/02/13 16:37:09
5903050238,百岳大藥局,臺中市沙鹿區鎮南路二段７７號１樓,(04)26359825,0,2,2020/02/13 16:37:09
5903060038,梧棲玖裕藥局,臺中市梧棲區中和街８５號,(04)26583909,4,18,2020/02/13 16:37:09
5903070016,泉興中西大藥局,臺中市后里區甲后路一段５９８號,(04)25583883,3,90,2020/02/13 16:37:09
5903070025,得安藥局,臺中市后里區四村路７８號,(04)25585333,0,80,2020/02/13 16:37:09
5903070043,后禮藥局,臺中市后里區甲后路一段１６３號１樓,(04)25582413,14,84,2020/02/13 16:37:09
5903070052,后里宏安藥局,臺中市后里區福音路２８號１樓,(04)25581036,4,86,2020/02/13 16:37:09
5903070061,豪銘藥局,臺中市后里區公安路６８號,(04)25562991,0,46,2020/02/13 16:37:09
5903070089,后里瑞士藥師藥局,臺中市后里區甲后路二段５７９號,(04)25566999,0,40,2020/02/13 16:37:09
5903070098,祐恩藥局,臺中市后里區甲后路一段４７８號１樓,(04)25587518,48,80,2020/02/13 16:37:09
5903070105,后里藥局,臺中市后里區文明路１３３號１樓,(04)25590119,56,73,2020/02/13 16:37:09
5903070132,內埔瑞士藥師藥局,臺中市后里區中山路３７號１樓,(04)25566959,12,56,2020/02/13 16:37:09
5903070141,甲后藥局,臺中市后里區甲后路一段２５３號１樓,(04)25577378,20,122,2020/02/13 16:37:09
5903080030,捷達藥局,臺中市神岡區大漢街２５號,(04)25225207,0,2,2020/02/13 16:37:09
5903080085,社南藥局,臺中市神岡區民生路２４號１樓,(04)25616114,0,2,2020/02/13 16:37:09
5903080094,灃洲大藥局,臺中市神岡區豐洲路４６６－３號１樓,(04)25150169,6,10,2020/02/13 16:37:09
5903090054,美日康藥局,臺中市潭子區大新路５８號,(04)25382308,8,120,2020/02/13 16:37:09
5903090072,元康健保藥局,臺中市潭子區圓通南路１９６號１樓,(04)25353893,0,92,2020/02/13 16:37:09
5903090116,上宇藥局,臺中市潭子區中山路２段３８１號１樓,(04)25321258,2,72,2020/02/13 16:37:09
5903090125,愛生藥師藥局,臺中市潭子區中山路２段４９１號,(04)25321819,0,58,2020/02/13 16:37:09
5903090134,光陽藥局,臺中市潭子區福潭路５０５號１樓,(04)25365607,8,104,2020/02/13 16:37:09
5903090143,佳福藥局,臺中市潭子區中山路１段４３－１號,(04)25332982,0,22,2020/02/13 16:37:09
5903090189,名方藥局,臺中市潭子區勝利路２８５號１樓,(04)25341777,2,0,2020/02/13 16:37:09
5903090223,均安藥局,臺中市潭子區興華一路５０３號１樓,(04)25310998,0,142,2020/02/13 16:37:09
5903090303,安康藥局,臺中市潭子區潭興路三段８７號,(04)25352796,0,118,2020/02/13 16:37:09
5903090312,惠安藥局,臺中市潭子區中山路二段３６２號,(04)25340462,0,106,2020/02/13 16:37:09
5903090330,潭子炘星藥局,臺中市潭子區中山路一段９７號１樓,(04)25320107,58,86,2020/02/13 16:37:09
5903090349,久揚藥局,臺中市潭子區頭張路一段７號１樓,(04)25356103,0,50,2020/02/13 16:37:09
5903090358,信實藥局,臺中市潭子區大德北路６９號１樓,(04)25359220,6,0,2020/02/13 16:37:09
5903090367,成記藥局,臺中市潭子區潭興路三段９３號１樓,(04)25358076,16,98,2020/02/13 16:37:09
5903100019,永瑞藥局,臺中市大雅區民生路１段２１２號,(04)25609969,0,32,2020/02/13 16:37:09
5903100037,大雅東亞藥師大藥局,臺中市大雅區民生路１段２２、２２－１號,(04)25605233,2,4,2020/02/13 16:37:09
5903100046,躍獅佑仁藥局,臺中市大雅區雅環路２段２８７號,(04)25608256,2,68,2020/02/13 16:37:09
5903100055,大詮藥師藥局,臺中市大雅區民生路３段４３２號,(04)25682767,0,2,2020/02/13 16:37:09
5903100064,炘星藥局,臺中市大雅區雅環路一段３３８號１樓,(04)25668655,2,6,2020/02/13 16:37:09
5903100082,大雅安德藥局,臺中市大雅區中清東路２２９號,(04)25604133,4,52,2020/02/13 16:37:09
5903100091,樂心藥局,臺中市大雅區建興路１４３號,(04)25682568,0,18,2020/02/13 16:37:09
5903100108,杏一大雅中清藥局,臺中市大雅區中清路四段３１、３３、３５號,(04)25601791,6,56,2020/02/13 16:37:09
5903100117,妙昌藥局,臺中市大雅區永和路１９４號,(04)25664426,0,40,2020/02/13 16:37:09
5903110051,新社千百岳大藥局,臺中市新社區興安路２４、２６號,(04)25821798,4,14,2020/02/13 16:37:09
5903130017,祐民健保藥局,臺中市外埔區甲后路三段１０３０號１樓,(04)26836736,0,24,2020/02/13 16:37:09
5903130026,博翔欣大藥局,臺中市外埔區重光路３３－１９號,(04)26833312,0,26,2020/02/13 16:37:09
5903130035,政修藥局,臺中市外埔區中山路２９０號,(04)26831881,0,26,2020/02/13 16:37:09
5903140013,音聲藥局,臺中市大安區中松路１８號１樓,(04)26715318,4,38,2020/02/13 16:37:09
5903140022,民安藥局,臺中市大安區中山南路２８３號,(04)26711077,2,119,2020/02/13 16:37:09
5903150019,統元藥局,臺中市烏日區中華路５８３號,(04)23377588,0,70,2020/02/13 16:37:09
5903150028,全成烏日藥局,臺中市烏日區溪南路１段７７６號,(04)23352656,204,40,2020/02/13 16:37:09
5903150037,杏益藥局,臺中市烏日區信義街１７２號,(04)23364059,0,62,2020/02/13 16:37:09
5903150055,明康藥局,臺中市烏日區中山路１段５４８－１號,(04)23386157,0,204,2020/02/13 16:37:09
5903150064,智盛藥局,臺中市烏日區中山路１段３３３號１樓,(04)23378286,3,2,2020/02/13 16:37:09
5903150091,學田藥局,臺中市烏日區學田路便行巷１４號,(04)23382230,0,98,2020/02/13 16:37:09
5903150108,仁厚藥局,臺中市烏日區一心街１號,(04)23382375,0,42,2020/02/13 16:37:09
5903150117,成功福倫藥局,臺中市烏日區榮和路６１號１樓,(04)23367018,0,44,2020/02/13 16:37:09
5903150126,烏日安德藥局,臺中市烏日區榮和路１５１號、１５３號１樓,(04)23386925,2,92,2020/02/13 16:37:09
5903160015,追分藥局,臺中市大肚區沙田路一段４０２號１樓,(04)26931439,0,123,2020/02/13 16:37:09
5903160033,新庄藥局,臺中市大肚區遊園路２段２２３－１號,(04)26910209,0,106,2020/02/13 16:37:09
5903160042,大肚新庄藥局,臺中市大肚區遊園路２段２２１－３號１樓,(04)26912119,50,76,2020/02/13 16:37:09
5903160051,祥安健保藥局,臺中市大肚區沙田路２段７６５號１樓,(04)26990580,0,6,2020/02/13 16:37:09
5903160060,昇永藥局,臺中市大肚區文昌路１段４０號,(04)26995366,0,12,2020/02/13 16:37:09
5903160079,同利藥局,臺中市大肚區沙田路一段５０４號,(04)26935492,0,36,2020/02/13 16:37:09
5903160088,必安藥局,臺中市大肚區沙田路二段６３４號,(04)26992116,0,82,2020/02/13 16:37:09
5903160097,安昌藥局,臺中市大肚區遊園路二段１７６號１樓,(04)26913890,26,60,2020/02/13 16:37:09
5903170020,理想藥局,臺中市龍井區國際街１２１號,(04)26521597,0,86,2020/02/13 16:37:09
5903170039,大佶安藥局龍井店,臺中市龍井區沙田路６段１９７號１樓,(04)26361410,14,12,2020/02/13 16:37:09
5903170048,龍井新庄藥局,臺中市龍井區遊園南路１７９號１樓,(04)26322169,52,110,2020/02/13 16:37:09
5903170057,林大藥局,臺中市龍井區中央路３段６０號,(04)26397088,2,0,2020/02/13 16:37:09
5903170066,龍井茂昌藥局,臺中市龍井區中央路２段５７號１樓,(04)26390286,0,74,2020/02/13 16:37:09
5903170093,杏嘉藥局,臺中市龍井區龍山街１４８號１樓,(04)26357889,51,58,2020/02/13 16:37:09
5903170100,全安堂藥局,臺中市龍井區中央路一段２２０號,(04)26394332,0,12,2020/02/13 16:37:09
5903180053,皇昇藥局,臺中市霧峰區四德路５５６號１樓,(04)23397749,0,16,2020/02/13 16:37:09
5903180062,霧峰安德藥局,臺中市霧峰區中正路１１３５號１樓,(04)23300365,0,94,2020/02/13 16:37:09
5903180115,永合藥局,臺中市霧峰區中正路９６５號,(04)23391910,0,44,2020/02/13 16:37:09
5903180133,正開心大藥局,臺中市霧峰區中正路９５１號１樓,(04)23396940,52,134,2020/02/13 16:37:09
5903180142,峰正藥局,臺中市霧峰區中正路８３０號１樓,(04)23303353,202,144,2020/02/13 16:37:09
5903190022,藥源藥局,臺中市太平區中山路４段２２０號,(04)23955108,0,114,2020/02/13 16:37:09
5903190077,八醫健保藥局,臺中市太平區中山路２段３５７號,(04)23935050,0,52,2020/02/13 16:37:09
5903190086,太平永泰大藥局,臺中市太平區長億六街１０６號,(04)22757418,0,82,2020/02/13 16:37:09
5903190139,劍橋藥局,臺中市太平區宜昌路５５２號１樓,(04)22776619,0,94,2020/02/13 16:37:09
5903190148,亞洲藥師連鎖大藥局,臺中市太平區中山路２段４５８號,(04)23921681,0,102,2020/02/13 16:37:09
5903190184,太平中大藥局,臺中市太平區宜欣二路４４號１樓,(04)22787846,1,62,2020/02/13 16:37:09
5903190193,佑全太平藥局,臺中市太平區樹德路１２１號１樓,(04)23910016,34,82,2020/02/13 16:37:09
5903190228,中山德侑藥局,臺中市太平區中山路３段２之２號１樓,(04)23920682,14,24,2020/02/13 16:37:09
5903190264,安心藥局,臺中市太平區中山路３段２８號１樓,(04)23912042,0,221,2020/02/13 16:37:09
5903190273,太平小林健保藥局,臺中市太平區育賢路５１８號,(04)23954436,44,78,2020/02/13 16:37:09
5903190282,雪仁藥局,臺中市太平區太平路５０９號,(04)22755053,0,110,2020/02/13 16:37:09
5903190291,新平和藥局,臺中市太平區光興路８２７號１樓,(04)22771262,16,6,2020/02/13 16:37:09
5903190308,達安藥局,臺中市太平區樹德路６９巷６號１樓,(04)23950982,0,178,2020/02/13 16:37:09
5903190317,欣天然藥局,臺中市太平區樹德路２９６號１樓,(04)23982018,200,88,2020/02/13 16:37:09
5903190326,立德藥局,臺中市太平區新興路４８號１樓,(04)23952029,74,58,2020/02/13 16:37:09
5903190335,育賢德侑藥局,臺中市太平區育賢路１０７號、１０９號,(04)23920696,0,62,2020/02/13 16:37:09
5903190353,信康藥局,臺中市太平區樹德路９８－１號,(04)23960697,395,200,2020/02/13 16:37:09
5903190362,太平中山藥局,臺中市太平區中山路４段１１號,(04)23959200,108,198,2020/02/13 16:37:09
5903190380,及宏藥局,臺中市太平區樹孝路５０２號,(04)23919911,0,54,2020/02/13 16:37:09
5903190433,太平瑞昌藥局,臺中市太平區新興路２８號,(04)23956319,2,54,2020/02/13 16:37:09
5903190442,天慈大藥局,臺中市太平區太平路５４０號,(04)22785052,0,62,2020/02/13 16:37:09
5903190488,精武丁丁藥局,臺中市太平區中山路四段１３２－１號,(04)23957235,50,86,2020/02/13 16:37:09
5903190497,太平惠民藥師藥局,臺中市太平區東平路３６８號１樓,(04)22768799,1,130,2020/02/13 16:37:09
5903190504,維肯藥局,臺中市太平區中興路７８－１號,(04)23512198,0,16,2020/02/13 16:37:09
5903190513,樹孝炘星藥局,臺中市太平區樹孝路４７６號,(04)23929578,0,22,2020/02/13 16:37:09
5903190522,聖康佳禾藥局,臺中市太平區光興路８３１號,(04)22772065,10,90,2020/02/13 16:37:09
5903190531,承泓藥局,臺中市太平區育賢路３６３號１樓,(04)23935148,2,28,2020/02/13 16:37:09
5903190559,惠欣藥師藥局,臺中市太平區樹孝路２－１２號１樓,(04)23928881,290,112,2020/02/13 16:37:09
5903190568,世國藥局,臺中市太平區永豐路４２６號１樓,(04)22752537,242,110,2020/02/13 16:37:09
5903190577,勤益藥局,臺中市太平區中山路一段３２１號１樓,(04)24923540,32,168,2020/02/13 16:37:09
5903200023,樂明藥局,臺中市大里區中興路１段２６１號,(04)24920763,242,202,2020/02/13 16:37:09
5903200069,福德健保處方藥局,臺中市大里區塗城路７５８號１樓,(04)24935888,12,24,2020/02/13 16:37:09
5903200096,仁化藥局,臺中市大里區仁化路５４０號,(04)24915902,0,66,2020/02/13 16:37:09
5903200130,新家祐健保藥局,臺中市大里區中興路１段３７６號,(04)24918929,24,114,2020/02/13 16:37:09
5903200149,祥佑健保特約藥局,臺中市大里區中興路２段４０６號,(04)24866398,4,68,2020/02/13 16:37:09
5903200158,世穎藥局,臺中市大里區中興路１段１６７－６號１樓,(04)24937265,38,116,2020/02/13 16:37:09
5903200194,博德藥局,臺中市大里區成功２路１０４號１樓,(04)24968642,22,94,2020/02/13 16:37:09
5903200210,益民藥局,臺中市大里區益民路２段７１號１樓,(04)24836083,2,82,2020/02/13 16:37:09
5903200229,信元藥局,臺中市大里區益民路２段３７２號１樓,(04)24876051,24,104,2020/02/13 16:37:09
5903200318,廣信藥局,臺中市大里區益民路１段１６４號１樓,(04)24829981,0,110,2020/02/13 16:37:09
5903200372,國光丁丁藥局,臺中市大里區國光路２段５５１－１號１樓,(04)24069711,2,82,2020/02/13 16:37:09
5903200425,祐仁健保藥局,臺中市大里區仁化路８１６號１樓,(04)24964321,0,78,2020/02/13 16:37:09
5903200443,佳霖藥局,臺中市大里區塗城路９６４號１樓,(04)24960895,152,100,2020/02/13 16:37:09
5903200461,合康藥局,臺中市大里區中投西路３段２２３號１樓,(04)24078383,11,122,2020/02/13 16:37:09
5903200514,大明永欣藥局,臺中市大里區大明路５３９號１樓、５４１號１樓,(04)24068864,20,150,2020/02/13 16:37:09
5903200541,大里康媞藥局,臺中市大里區塗城路４９４號,(04)24966627,18,88,2020/02/13 16:37:09
5903200550,康福藥局,臺中市大里區大新街５１號,(04)24070808,2,47,2020/02/13 16:37:09
5903200569,和信健康藥局,臺中市大里區德芳路一段５９號,(04)24833677,0,44,2020/02/13 16:37:09
5903200578,大里慈輝藥局,臺中市大里區中興路二段６８３號,(04)24835507,214,155,2020/02/13 16:37:09
5903200587,大里安德健保藥局,臺中市大里區大明路１１７號,(04)24875607,0,68,2020/02/13 16:37:09
5903200596,大樹大里藥局,臺中市大里區中興路二段１０１號,(04)24861133,0,78,2020/02/13 16:37:09
5903200603,全家藥局,臺中市大里區中興路一段１０９之６號,(04)24929976,2,104,2020/02/13 16:37:09
5903200621,德芳東榮藥局,臺中市大里區東榮路８號,(04)24863898,14,81,2020/02/13 16:37:09
5903200630,東裕藥局,臺中市大里區中興路二段１５３－３號１樓,(04)24850728,136,207,2020/02/13 16:37:09
5903200649,躍獅日新藥局,臺中市大里區日新路３４２號１樓,(04)24822345,0,72,2020/02/13 16:37:09
5903200658,德芳成功藥局,臺中市大里區成功路５３５－３號１樓,(04)24920298,2,22,2020/02/13 16:37:09
5903200667,永欣東榮藥局,臺中市大里區東榮路３７０號１樓,(04)24810599,14,55,2020/02/13 16:37:09
5903200676,立人藥局,臺中市大里區益民路二段１９號１樓,(04)24831722,0,44,2020/02/13 16:37:09
5903220061,宏信大藥局,臺中市中區自由路２段４５號１樓,(04)22222021,0,116,2020/02/13 16:37:09
5903220105,平等安德藥局,臺中市中區平等街１１６號,(04)22222889,0,208,2020/02/13 16:37:09
5903220132,維康台中藥局,臺中市中區三民路二段１號,(04)22243395,0,110,2020/02/13 16:37:09
5903220141,雙十小林健保藥局,臺中市中區雙十路一段３５號,(04)22253662,2,207,2020/02/13 16:37:09
5903220150,老順安大藥局,臺中市中區中華路二段６３號、６５號１樓,(04)22016306,20,85,2020/02/13 16:37:09
5903220169,公園大藥局,臺中市中區公園路９５號１樓,(04)22060858,52,252,2020/02/13 16:37:09
5903230030,十甲東亞藥師大藥局,臺中市東區十甲路４２３號１樓,(04)22118879,0,100,2020/02/13 16:37:09
5903230085,翔新藥局,臺中市東區東英１７街１６７－３號,(04)22131269,83,126,2020/02/13 16:37:09
5903230094,平祐健保藥局,臺中市東區旱溪東路１段２９７號１樓,(04)22113898,44,82,2020/02/13 16:37:09
5903230156,樂業小林健保藥局,臺中市東區樂業路４４３號１樓,(04)22139123,4,88,2020/02/13 16:37:09
5903230165,快安堂藥局,臺中市東區旱溪街８０之１１號,(04)22115983,46,139,2020/02/13 16:37:09
5903230183,恒生藥局,臺中市東區樂業路３９５號１樓,(04)22135179,4,156,2020/02/13 16:37:09
5903240090,嶸曜藥局,臺中市西區美村路１段５９２號,(04)23782478,0,152,2020/02/13 16:37:09
5903240143,利民藥局,臺中市西區四維街２３號１樓,(04)22292931,0,118,2020/02/13 16:37:09
5903240152,陽光藥局,臺中市西區中美街３０５號１樓,(04)23020711,0,154,2020/02/13 16:37:09
5903240170,美村全成藥局,臺中市西區美村路１段２２２號１樓,(04)23014006,10,152,2020/02/13 16:37:09
5903240198,鑫祐藥局,臺中市西區民權路３０２－５號,(04)23027778,0,138,2020/02/13 16:37:09
5903240205,捷登藥局,臺中市西區公益路１０６號,(04)23191929,36,92,2020/02/13 16:37:09
5903240278,美術藥局,臺中市西區美村路一段５６７號,(04)23725286,0,58,2020/02/13 16:37:09
5903240287,美村大藥局,臺中市西區美村路一段６２號１樓,(04)23288121,0,90,2020/02/13 16:37:09
5903240330,大樹五權藥局,臺中市西區五權路９７之１號１樓,(04)22022910,10,210,2020/02/13 16:37:09
5903240358,早齋藥局,臺中市西區美村路一段３４２號１樓,(04)23029168,78,168,2020/02/13 16:37:09
5903240367,宇祥藥局,臺中市西區五權五街１１９號１樓,(04)23728239,28,118,2020/02/13 16:37:09
5903240376,台丞藥局,臺中市西區三民路一段１６６－５號,(04)22279666,0,134,2020/02/13 16:37:09
5903240385,喆星藥局,臺中市西區精誠路４２２號,(04)24715301,0,90,2020/02/13 16:37:09
5903240394,好好誠美藥局,臺中市西區向上北路１８６號１樓,(04)23022838,54,132,2020/02/13 16:37:09
5903240410,德芳美村藥局,臺中市西區美村路一段６８１、６８３號１樓,(04)23782848,90,134,2020/02/13 16:37:09
5903250041,小林健保藥局,臺中市南區美村路２段１８２號,(04)22622099,4,32,2020/02/13 16:37:09
5903250069,尚尚藥局,臺中市南區美村南路１９７號１樓,(04)22606831,64,46,2020/02/13 16:37:09
5903250103,忠孝德侑健保藥局,臺中市南區正義街１５９號,(04)22851400,0,94,2020/02/13 16:37:09
5903250112,立成藥局,臺中市南區學府路１４３號,(04)22205915,2,132,2020/02/13 16:37:09
5903250176,弘大美妝藥局,臺中市南區南門路１１５號１樓,(04)22859180,0,90,2020/02/13 16:37:09
5903250194,元氣家藥局,臺中市南區文心南路８８８－３號１樓,(04)22631660,0,74,2020/02/13 16:37:09
5903250210,好好藥局,臺中市南區忠明南路７８６號,(04)22612961,24,105,2020/02/13 16:37:09
5903250274,明心健康藥局,臺中市南區三民西路３７５號１樓,(04)23780170,0,84,2020/02/13 16:37:09
5903250292,萊爾康藥局,臺中市南區文心南路９２３之１號１樓,(04)22650290,0,74,2020/02/13 16:37:09
5903250309,台杏藥局,臺中市南區復興路三段３３７號,(04)22218087,0,108,2020/02/13 16:37:09
5903250381,大樹美村藥局,臺中市南區美村南路１２４號,(04)22621113,0,30,2020/02/13 16:37:09
5903250425,鴻源藥局,臺中市南區德富路９號１樓,(04)22655436,156,44,2020/02/13 16:37:09
5903250434,仁美藥局,臺中市南區南平路１６９號,(04)22652495,0,174,2020/02/13 16:37:09
5903250443,千美台安藥局,臺中市南區美村南路２６３號,(04)22602101,84,102,2020/02/13 16:37:09
5903250489,長榮藥局,臺中市南區新華街１８６號１樓,(04)22220210,0,124,2020/02/13 16:37:09
5903250498,田園藥局,臺中市南區學府路１６０號１樓,(04)22220605,34,140,2020/02/13 16:37:09
5903250505,心安藥局,臺中市南區國光路２４１號１樓,(04)22858773,2,100,2020/02/13 16:37:09
5903250514,泰友藥局,臺中市南區復興路二段９９巷１３號１樓,(04)22615701,8,90,2020/02/13 16:37:09
5903260163,康甫藥師藥局,臺中市北區進化北路３６６號１樓,(04)22366682,0,158,2020/02/13 16:37:09
5903260270,冠安藥局,臺中市北區進化路５１０、５１２號,(04)22335770,0,114,2020/02/13 16:37:09
5903260314,喜悅健保藥局,臺中市北區健行路４１４號１樓,(04)22333988,0,206,2020/02/13 16:37:09
5903260332,國安漢口藥局,臺中市北區漢口路４段２６０號１樓,(04)22312777,26,111,2020/02/13 16:37:09
5903260341,台中漢口藥局,臺中市北區漢口路３段１８３號,(04)22936166,0,88,2020/02/13 16:37:09
5903260350,宏信藥局,臺中市北區崇德路１段４５３號,(04)22355476,0,120,2020/02/13 16:37:09
5903260387,台中大樹藥局,臺中市北區漢口路３段２６１號,(04)22981113,0,154,2020/02/13 16:37:09
5903260421,忠明小林健保藥局,臺中市北區忠明路１６１號,(04)22013666,68,152,2020/02/13 16:37:09
5903260449,喜樂藥局,臺中市北區中清路１段３１號,(04)22060423,176,206,2020/02/13 16:37:09
5903260476,康媞藥局,臺中市北區山西路二段１２５號,(04)22925388,26,106,2020/02/13 16:37:09
5903260501,瑞鋒藥師藥局,臺中市北區育德路１６號,(04)22020786,0,156,2020/02/13 16:37:09
5903260529,多倫多藥局,臺中市北區太原路二段１１號１樓,(04)22980210,0,141,2020/02/13 16:37:09
5903260547,源順大藥局,臺中市北區健行路４８４號,(04)22072651,0,142,2020/02/13 16:37:09
5903260592,台中丁丁藥局,臺中市北區漢口路４段２５５號,(04)22374596,88,86,2020/02/13 16:37:09
5903260618,中清小林健保藥局,臺中市北區中清路一段８６、８８號１樓,(04)22034197,48,208,2020/02/13 16:37:09
5903260627,明曜藥局,臺中市北區北平路二段１９０號１樓,(04)22916775,6,106,2020/02/13 16:37:09
5903260636,進化瑞昌藥局,臺中市北區進化路３３２號,(04)23608199,1,137,2020/02/13 16:37:09
5903260654,康新藥局,臺中市北區五權路２３２號,(04)22020008,180,220,2020/02/13 16:37:09
5903260663,佑全台中五權藥局,臺中市北區五權路４９６號,(04)22080702,4,170,2020/02/13 16:37:09
5903260681,昭德藥師藥局,臺中市北區西屯路一段３４５號,(04)23235655,2,172,2020/02/13 16:37:09
5903260707,新藥林藥局,臺中市北區健行路４４５－５號１樓,(04)22053458,96,142,2020/02/13 16:37:09
5903260734,立得藥局,臺中市北區忠太西路１１號１樓,(04)22080013,0,176,2020/02/13 16:37:09
5903260743,黎明安德藥局,臺中市北區中清路１段８５２號１樓,(04)22956098,90,148,2020/02/13 16:37:09
5903260752,躍獅達心藥局,臺中市北區雙十路二段１８７號１樓,(04)22344548,2,94,2020/02/13 16:37:09
5903260761,杏一北區忠明藥局,臺中市北區忠明路４４２號１樓,(04)22081273,0,12,2020/02/13 16:37:09
5903260770,維康學士藥局,臺中市北區學士路１９號１樓,(04)22080545,0,110,2020/02/13 16:37:09
5903260789,瑞昌藥局,臺中市北區學士路１５５號１樓,(04)22056819,0,106,2020/02/13 16:37:09
5903260798,光恒藥局,臺中市北區五權路２６１號１樓,(04)22068638,0,176,2020/02/13 16:37:09
5903260805,鐘藥局,臺中市北區梅豐街７９號１樓,(04)22334187,68,190,2020/02/13 16:37:09
5903270025,祐生藥局,臺中市西屯區文華路３之１號１樓,(04)24517169,24,152,2020/02/13 16:37:09
5903270061,青育藥師藥局,臺中市西屯區河南路２段３６２號１樓,(04)27068798,0,154,2020/02/13 16:37:09
5903270089,信心藥局,臺中市西屯區四川路１９０號,(04)23163430,0,104,2020/02/13 16:37:09
5903270105,樂得好大藥局,臺中市西屯區上石路２號１樓,(04)24521173,3,124,2020/02/13 16:37:09
5903270230,大心藥局,臺中市西屯區西屯路２段２９５－１９號,(04)24528355,0,56,2020/02/13 16:37:09
5903270258,927藥局,臺中市西屯區國安一路５３號１樓,(04)24626680,6,30,2020/02/13 16:37:09
5903270301,宥承藥局,臺中市西屯區西屯路３段１４８－１６號,(04)24626559,68,150,2020/02/13 16:37:09
5903270310,弘福藥師藥局,臺中市西屯區西屯路３段１６６－２１號１樓,(04)24611916,34,90,2020/02/13 16:37:09
5903270347,甘肅安德藥局,臺中市西屯區甘肅路２０２－３號,(04)23165935,0,50,2020/02/13 16:37:09
5903270365,麒霖藥局,臺中市西屯區福順路３０７號１樓,(04)24638978,22,94,2020/02/13 16:37:09
5903270374,富康家健保藥局,臺中市西屯區漢成四街８號,(04)23174741,8,78,2020/02/13 16:37:09
5903270383,佳德健保藥局,臺中市西屯區工業３８路２６號,(04)23598285,0,110,2020/02/13 16:37:09
5903270392,瑞德大藥局,臺中市西屯區中清西二街８４號,(04)22939820,0,84,2020/02/13 16:37:09
5903270409,維恩藥局,臺中市西屯區甘肅路一段１９５號,(04)23174277,2,46,2020/02/13 16:37:09
5903270516,中科何藥局,臺中市西屯區福康路４０號,(04)24612570,20,122,2020/02/13 16:37:09
5903270552,瑞心藥局,臺中市西屯區福科路９５０號,(04)24639203,0,102,2020/02/13 16:37:09
5903270570,百富藥局,臺中市西屯區福上巷１６號,(04)22970708,0,136,2020/02/13 16:37:09
5903270598,瑞晟中西藥局,臺中市西屯區大信街５０－１號,(04)23157228,25,198,2020/02/13 16:37:09
5903270605,樂芙藥局,臺中市西屯區大墩路８８１號１樓,(04)23203100,28,116,2020/02/13 16:37:09
5903270650,佑升藥局,臺中市西屯區黎明路三段３８５號１樓,(04)24525015,11,156,2020/02/13 16:37:09
5903270678,增健美藥局,臺中市西屯區河南路２段３５９號１樓,(04)27056068,0,148,2020/02/13 16:37:09
5903270712,漢諾威藥局,臺中市西屯區青海路一段１１４號１樓,(04)23174323,28,187,2020/02/13 16:37:09
5903270721,舒健藥局,臺中市西屯區西屯路二段２５５號２樓,(04)27077858,230,190,2020/02/13 16:37:09
5903270730,台榮藥局,臺中市西屯區東大路１段１９號,(04)23581786,244,214,2020/02/13 16:37:09
5903270749,大墩藥局,臺中市西屯區大墩１９街６８號１樓,(04)23209602,6,146,2020/02/13 16:37:09
5903270801,榮友藥局,臺中市西屯區臺灣大道四段１７４２號,(04)23508392,52,206,2020/02/13 16:37:09
5903270810,佑全福星藥局,臺中市西屯區黎明路三段３９５、３９７號,(04)24527465,6,74,2020/02/13 16:37:09
5903270829,長穎藥局,臺中市西屯區西屯路二段１００之２１號１樓,(04)23151176,0,128,2020/02/13 16:37:09
5903270838,西屯長安藥局,臺中市西屯區成都路３６８號,(04)23219991,1,164,2020/02/13 16:37:09
5903270847,分子藥局,臺中市西屯區惠來路二段２３６－１號,(04)22513080,0,84,2020/02/13 16:37:09
5903270865,尚禾藥局,臺中市西屯區青海路一段６５號,(04)23147688,0,68,2020/02/13 16:37:09
5903270874,熊健康藥局,臺中市西屯區太原路一段２３２號,(04)23163505,123,149,2020/02/13 16:37:09
5903270883,祥和大藥局,臺中市西屯區青海路二段２４０－９號,(04)27000122,0,82,2020/02/13 16:37:09
5903270892,杏林堂藥局,臺中市西屯區黎明路三段１４８號１樓,(04)24528967,0,84,2020/02/13 16:37:09
5903270909,元生藥局,臺中市西屯區大墩路９６０號,(04)23274539,5,74,2020/02/13 16:37:09
5903270918,全成西屯藥局,臺中市西屯區黎明路三段２２１、２２３號1樓,(04)24512290,7,92,2020/02/13 16:37:09
5903270927,河南小林健保藥局,臺中市西屯區河南路二段２９８號１樓,(04)24512830,18,116,2020/02/13 16:37:09
5903270936,新元藥局,臺中市西屯區文心路三段５３２號１樓,(04)23121383,0,168,2020/02/13 16:37:09
5903270963,源興大藥局,臺中市西屯區西屯路二段１２號,(04)23143045,0,123,2020/02/13 16:37:09
5903271004,西屯青育藥師藥局,臺中市西屯區西屯路二段２９５－３號１樓,(04)27077898,0,142,2020/02/13 16:37:09
5903271022,西屯藥局,臺中市西屯區西屯路三段１５０－４５號１樓,(04)24621822,76,156,2020/02/13 16:37:09
5903271031,美十樂中科藥局,臺中市西屯區西屯路三段１６６－６５號１樓,(04)24733646,2,76,2020/02/13 16:37:09
5903271040,美康逢甲健保藥局,臺中市西屯區福星路４３１號１樓、４３１－１號２樓,(04)24528707,18,198,2020/02/13 16:37:09
5903271059,安德藥局,臺中市西屯區福康路１７號１樓,(04)24638302,0,34,2020/02/13 16:37:09
5903271068,西墩藥局,臺中市西屯區黎明路三段２７５、２７７號１樓,(04)24510770,22,139,2020/02/13 16:37:09
5903271077,合和健保藥局,臺中市西屯區福科路７９３號１樓,(04)24630321,0,128,2020/02/13 16:37:09
5903271086,常春藤藥局,臺中市西屯區福康路８０號１樓,(04)24619296,36,96,2020/02/13 16:37:09
5903271102,杏東美藥局,臺中市西屯區智惠街１５６號１樓,(04)24523798,0,64,2020/02/13 16:37:09
5903280067,博川健保藥局,臺中市南屯區大墩５街２９８號１樓,(04)24732995,46,150,2020/02/13 16:37:09
5903280101,成記大藥局,臺中市南屯區大墩１７街１２３號１樓,(04)23288877,2,150,2020/02/13 16:37:09
5903280165,南屯福倫藥局,臺中市南屯區南屯路２段３１７號,(04)24758018,9,80,2020/02/13 16:37:09
5903280245,大墩何藥局,臺中市南屯區大敦南路４３１號１．２樓,(04)24710655,8,14,2020/02/13 16:37:09
5903280325,亞洲連鎖大藥局,臺中市南屯區黎明路２段１３３、１３５號,(04)23812886,0,132,2020/02/13 16:37:09
5903280334,長益藥局,臺中市南屯區忠勇路９９號,(04)23899383,0,20,2020/02/13 16:37:09
5903280361,誠美健保藥局,臺中市南屯區南屯路２段１６９號１樓,(04)24752000,0,102,2020/02/13 16:37:09
5903280398,元生連鎖保健藥局,臺中市南屯區大墩路９２２號１樓,(04)23273267,0,136,2020/02/13 16:37:09
5903280450,瑞安藥局,臺中市南屯區大墩路２６１號,(04)24750818,26,102,2020/02/13 16:37:09
5903280487,康詮藥師藥局,臺中市南屯區大墩路７３２號,(04)23286688,80,186,2020/02/13 16:37:09
5903280521,百康健保藥局,臺中市南屯區黎明路二段３６３號,(04)22547776,0,104,2020/02/13 16:37:09
5903280549,仁幼藥局,臺中市南屯區黎明東街１５１號,(04)23809162,0,2,2020/02/13 16:37:09
5903280567,康總藥局,臺中市南屯區南屯路二段１０１號１樓,(04)24735285,13,125,2020/02/13 16:37:09
5903280576,佑全黎明藥局,臺中市南屯區黎明路２段２６６號,(04)23805560,2,110,2020/02/13 16:37:09
5903280585,康得藥局,臺中市南屯區向上路三段４５號,(04)23820981,68,154,2020/02/13 16:37:09
5903280594,東林藥局,臺中市南屯區黎明路二段１４０號,(04)23810567,16,82,2020/02/13 16:37:09
5903280601,方昇藥局,臺中市南屯區大墩路８１３號１樓,(04)23288818,200,132,2020/02/13 16:37:09
5903280638,心靜藥局,臺中市南屯區黎明路一段１１３８號,(04)23823977,50,142,2020/02/13 16:37:09
5903280647,澄光人文藥局,臺中市南屯區干城街３０５號,(04)22530303,0,50,2020/02/13 16:37:09
5903280656,熊大心藥局,臺中市南屯區河南路四段３７６號,(04)22516252,0,144,2020/02/13 16:37:09
5903280665,和平藥師藥局,臺中市南屯區大墩十街１９２號,(04)23260008,0,82,2020/02/13 16:37:09
5903280683,詠悅藥局,臺中市南屯區大墩十二街６３７號,(04)22515012,0,28,2020/02/13 16:37:09
5903280692,富康藥局,臺中市南屯區大墩路３２３號１樓,(04)24722677,38,130,2020/02/13 16:37:09
5903280718,樂活藥局,臺中市南屯區大聖街３３２號１樓,(04)23106301,172,190,2020/02/13 16:37:09
5903280727,大樹南屯藥局,臺中市南屯區向上路一段６４３號１樓,(04)24758887,2,88,2020/02/13 16:37:09
5903280736,大育藥局,臺中市南屯區東興路二段７１號１樓,(04)24755656,0,48,2020/02/13 16:37:09
5903280745,亨宇藥局,臺中市南屯區東興路二段２９－２號１樓,(04)24711206,0,134,2020/02/13 16:37:09
5903280754,弘泰藥師藥局,臺中市南屯區向心南路９４８號１樓,(04)24750790,0,10,2020/02/13 16:37:09
5903280763,全順藥局,臺中市南屯區永春東路３３９號１樓,(04)24730983,0,6,2020/02/13 16:37:09
5903280781,美十樂藥局,臺中市南屯區東興路二段２７９號１樓,(04)23806288,0,136,2020/02/13 16:37:09
5903280790,統一藥局,臺中市南屯區黎明路一段１１９號１樓,(04)24701996,0,10,2020/02/13 16:37:09
5903290045,康美得藥局,臺中市北屯區昌平路１段１０５－８號,(04)22467128,0,88,2020/02/13 16:37:09
5903290063,承恩藥局,臺中市北屯區北屯路４４１－１號１樓,(04)22467857,204,164,2020/02/13 16:37:09
5903290090,瑞士藥局,臺中市北屯區北屯路１９２－３號１樓,(04)22344853,0,128,2020/02/13 16:37:09
5903290125,中貞藥局,臺中市北屯區松竹路２段３０５號,(04)22412305,0,118,2020/02/13 16:37:09
5903290198,健康達人藥局,臺中市北屯區遼寧路１段６３號,(04)22471172,0,74,2020/02/13 16:37:09
5903290232,弘映藥局,臺中市北屯區崇德路２段４６７號,(04)22464485,0,48,2020/02/13 16:37:09
5903290312,大連大愛藥局,臺中市北屯區大連路２段２２１號,(04)22428899,186,150,2020/02/13 16:37:09
5903290385,元復藥局,臺中市北屯區東山路１段２２５－７號,(04)24362075,10,138,2020/02/13 16:37:09
5903290394,億銓藥局,臺中市北屯區北屯路２１０－１號,(04)22313670,14,104,2020/02/13 16:37:09
5903290456,百禾藥局中清店,臺中市北屯區中清路２段６００號１樓,(04)22980980,0,178,2020/02/13 16:37:09
5903290483,兩隻老虎藥局,臺中市北屯區崇德路２段１２號,(04)22364635,8,125,2020/02/13 16:37:09
5903290518,佳美藥局,臺中市北屯區東山路１段２６５號１樓,(04)24363658,8,99,2020/02/13 16:37:09
5903290572,合健藥局,臺中市北屯區大連路一段５４－１號,(04)22951833,0,74,2020/02/13 16:37:09
5903290607,敦化小林健保藥局,臺中市北屯區敦化路１段６６８號,(04)24261881,0,48,2020/02/13 16:37:09
5903290625,又昌中西健保藥局,臺中市北屯區東山路１段２２３號,(04)24375716,0,116,2020/02/13 16:37:09
5903290661,康博中西健保藥局,臺中市北屯區后庄一街７號１樓,(04)24252468,0,162,2020/02/13 16:37:09
5903290689,大德安藥局,臺中市北屯區景賢路２３６號,(04)24378351,26,66,2020/02/13 16:37:09
5903290714,寶昇藥局,臺中市北屯區東山路一段２１６－２４號１樓,(04)24371393,76,124,2020/02/13 16:37:09
5903290723,崙湞藥局,臺中市北屯區進化北路４５號,(04)22370189,28,226,2020/02/13 16:37:09
5903290732,小蕃茄藥局,臺中市北屯區山西路二段２６２號,(04)22951900,158,126,2020/02/13 16:37:09
5903290750,長幼藥局,臺中市北屯區崇德路二路二段１５７號１樓,(04)22426767,34,116,2020/02/13 16:37:09
5903290778,博宇藥局,臺中市北屯區北屯路３８５之１號,(04)22341479,0,174,2020/02/13 16:37:09
5903290787,新一代何藥局,臺中市北屯區環中東路二段２６６、２６８號１樓,(04)24364366,4,46,2020/02/13 16:37:09
5903290796,大樹北屯藥局,臺中市北屯區松竹路二段４１１號,(04)22422262,200,144,2020/02/13 16:37:09
5903290803,英全藥局,臺中市北屯區北平路三段３４號,(04)22345179,18,60,2020/02/13 16:37:09
5903290821,昌平炘星藥局,臺中市北屯區昌平路二段１１－３６號,(04)22417616,40,134,2020/02/13 16:37:09
5903290830,齊方藥局,臺中市北屯區四平路３９號,(04)22912192,0,104,2020/02/13 16:37:09
5903290849,新盛藥局,臺中市北屯區松竹路二段１５７號１樓,(04)22467779,0,122,2020/02/13 16:37:09
5903290876,北屯軍功藥局,臺中市北屯區軍功路一段７５２號,(04)24375111,20,104,2020/02/13 16:37:09
5903290885,全成北屯藥局,臺中市北屯區北屯路４３９－１１號１樓,(04)22463518,204,156,2020/02/13 16:37:09
5903290894,豐禾藥局,臺中市北屯區同榮路１６３號,(04)24260588,2,24,2020/02/13 16:37:09
5903290901,帥帥藥局,臺中市北屯區東山路一段３００－２號,(04)24378188,0,58,2020/02/13 16:37:09
5903290929,微笑藥局,臺中市北屯區昌平路一段３１８號１樓,(04)22432699,24,114,2020/02/13 16:37:09
5903290938,中清崙湞藥局,臺中市北屯區中清路二段２９６號１樓,(04)22990409,160,218,2020/02/13 16:37:09
5903290947,德寶健保藥局,臺中市北屯區熱河路一段７０號１樓,(04)22325511,0,164,2020/02/13 16:37:09
5903290956,德霖藥局,臺中市北屯區東山路１段２１６－９號１樓,(04)24369526,0,76,2020/02/13 16:37:09
5903290965,崇德藥局,臺中市北屯區崇德路二段３１號,(04)22361331,208,170,2020/02/13 16:37:09
5903290974,興安永佳藥局,臺中市北屯區興安路一段３３３號１樓,(04)22437876,0,112,2020/02/13 16:37:09
5903290983,祥和藥局,臺中市北屯區太原路三段１４７號１樓,(04)22369603,0,134,2020/02/13 16:37:09
5905010018,永麗藥師藥局,臺南市新營區三民路７６之１０號,(06)6377898,318,226,2020/02/13 16:37:09
5905010027,大安藥局,臺南市新營區中山路２５７號,(06)6322366,0,178,2020/02/13 16:37:09
5905010036,橘子藥局,臺南市新營區民權路１１８之２號,(06)6351881,0,44,2020/02/13 16:37:09
5905010045,台新藥局,臺南市新營區中正路８６號,(06)6350048,610,228,2020/02/13 16:37:09
5905010063,松柏藥局,臺南市新營區新南里新北街１號,(06)6590063,84,68,2020/02/13 16:37:09
5905010072,長壽藥局,臺南市新營區中山路２１９號,(06)6324001,259,272,2020/02/13 16:37:09
5905010090,菁安連鎖健保藥局民治店,臺南市新營區民治路１０之１號１樓,(06)6351678,336,224,2020/02/13 16:37:09
5905010107,李藥師健康藥局,臺南市新營區大宏里民族路２１號,(06)6328359,58,174,2020/02/13 16:37:09
5905010116,安全藥局,臺南市新營區民治路６之４４號１樓,(06)6321706,0,158,2020/02/13 16:37:09
5905010125,宏泰大藥局,臺南市新營區新東里東興８街２７號,(06)6327801,0,104,2020/02/13 16:37:09
5905010134,聖佳藥局,臺南市新營區大宏里民治路２９巷２６－１３號１樓,(06)6330623,260,240,2020/02/13 16:37:09
5905010143,啄木鳥藥師藥局,臺南市新營區新南里民治路２４２號,(06)6590248,0,28,2020/02/13 16:37:09
5905010152,謙和藥師藥局,臺南市新營區延平路１０１之２號,(06)6322957,188,210,2020/02/13 16:37:09
5905010161,安佳藥局,臺南市新營區民治路３７４號１樓,(06)6560535,360,188,2020/02/13 16:37:09
5905010189,華陞藥局,臺南市新營區三民路１０６號１樓,(06)6329777,334,64,2020/02/13 16:37:09
5905010214,大樹新營藥局,臺南市新營區民權路７４、７６、７８號１樓,(06)6328300,226,222,2020/02/13 16:37:09
5905020014,恩加藥局,臺南市鹽水區武廟里三福路７０號,(06)6521346,0,101,2020/02/13 16:37:09
5905030010,美恩健保藥局,臺南市白河區永安里中山路８１號１樓,(06)6858865,0,136,2020/02/13 16:37:09
5905030038,美尚藥局,臺南市白河區白河里康樂路４３號,(06)6853538,0,94,2020/02/13 16:37:09
5905030065,安泰藥局,臺南市白河區中正路９３號１樓,(06)6856700,0,98,2020/02/13 16:37:09
5905030074,優生藥局,臺南市白河區新起街２－１９號,(06)6831583,400,272,2020/02/13 16:37:09
5905040070,華笙藥局,臺南市麻豆區中山路１５０－１０號,(06)5715568,714,238,2020/02/13 16:37:09
5905040089,徠德藥局,臺南市麻豆區文昌路１４－２號,(06)5711393,270,224,2020/02/13 16:37:09
5905040105,幸福藥局,臺南市麻豆區光復路１２７號１樓,(06)5720977,0,108,2020/02/13 16:37:09
5905040114,禾泰藥局,臺南市麻豆區中正路５９－３號１樓,(06)5720389,124,168,2020/02/13 16:37:09
5905040123,麻豆啄木鳥藥局,臺南市麻豆區興國路５６－２２號１樓,(06)5714786,2,46,2020/02/13 16:37:09
5905040132,大樹麻豆藥局,臺南市麻豆區中山路４８、５０號１樓,(06)5716556,150,188,2020/02/13 16:37:09
5905050012,延平藥局,臺南市佳里區延平路４５號,(06)7236185,202,210,2020/02/13 16:37:09
5905050058,佳里啄木鳥藥局,臺南市佳里區六安里六安１７之２２號,(06)7236396,182,92,2020/02/13 16:37:09
5905050094,建昌藥局佳里店,臺南市佳里區光復路３７１號,(06)7221369,0,90,2020/02/13 16:37:09
5905050156,延興藥局,臺南市佳里區鎮山里延平路７６號１樓,(06)7238544,204,154,2020/02/13 16:37:09
5905050165,德昌藥局佳里店,臺南市佳里區光復路２３３號,(06)7232388,106,152,2020/02/13 16:37:09
5905050192,復佑藥局,臺南市佳里區光復路３１５號１樓,(06)7222771,88,134,2020/02/13 16:37:09
5905050209,大樹佳里藥局,臺南市佳里區延平路２３７號１樓,(06)7231323,138,134,2020/02/13 16:37:09
5905060054,全家康藥師藥局,臺南市新化區北勢里中正路１２０７號,(06)5980866,192,162,2020/02/13 16:37:09
5905060081,新化景惠藥局,臺南市新化區護國里中山路１８５號,(06)5909659,0,34,2020/02/13 16:37:09
5905060090,加賀藥局,臺南市新化區忠孝路２８１號,(06)5983865,100,132,2020/02/13 16:37:09
5905060107,新化健保藥局,臺南市新化區中山路５０７號,(06)5983328,0,116,2020/02/13 16:37:09
5905060116,美華健保藥局,臺南市新化區中山路４８７號１樓,(06)5907859,0,132,2020/02/13 16:37:09
5905060125,美麗安藥局,臺南市新化區護國里中山路１５０－１號１樓,(06)5909509,52,189,2020/02/13 16:37:09
5905060134,得安藥局,臺南市新化區忠孝路１１８號１樓,(06)5981333,102,114,2020/02/13 16:37:09
5905060143,來德藥局,臺南市新化區護國里中山路２３２號,(06)5800193,166,188,2020/02/13 16:37:09
5905060161,和德藥局新化店,臺南市新化區清水里中山路４２０號１樓,(06)5802518,62,118,2020/02/13 16:37:09
5905070050,晶德昌藥局,臺南市善化區文光里中山路８５號,(06)5856141,2,52,2020/02/13 16:37:09
5905070069,善欣藥局,臺南市善化區光文里大成路９８號１樓,(06)5833363,332,172,2020/02/13 16:37:09
5905070096,善美藥局,臺南市善化區中正路４５６號,(06)5852540,1,80,2020/02/13 16:37:09
5905070103,有誼藥局,臺南市善化區文昌里中正路３８７號１樓,(06)5817767,126,112,2020/02/13 16:37:09
5905070112,健登藥局,臺南市善化區大成路２１２號１樓,(06)5831133,48,130,2020/02/13 16:37:09
5905070121,大樹善化藥局,臺南市善化區民權路５４、５６、５８號１樓,(06)5830550,0,70,2020/02/13 16:37:09
5905080038,大樹學甲藥局,臺南市學甲區中正路１３５號１樓,(06)7820001,172,194,2020/02/13 16:37:09
5905080047,生祥大藥局學甲店,臺南市學甲區華宗路３７６號１樓,(06)7838462,80,112,2020/02/13 16:37:09
5905090025,中山藥局,臺南市柳營區中山西路二段１４５號１樓,(06)6221696,0,84,2020/02/13 16:37:09
5905090034,維康藥局柳營店,臺南市柳營區太康里２０１－１０號,(06)6226228,30,216,2020/02/13 16:37:09
5905100035,華恩藥局,臺南市後壁區墨林里１９８號,(06)6623491,214,212,2020/02/13 16:37:09
5905100062,美尚藥局後壁店,臺南市後壁區後壁里１６８－８號,(06)6871138,6,60,2020/02/13 16:37:09
5905120019,復興藥局,臺南市下營區營前里復興街８７號１樓,(06)6898472,166,216,2020/02/13 16:37:09
5905120055,維任藥局,臺南市下營區中正北路７號,(06)6892259,248,178,2020/02/13 16:37:09
5905120073,壹勝藥局,臺南市下營區中山路二段６６號１樓,(06)6890372,0,156,2020/02/13 16:37:09
5905120082,尚營藥局,臺南市下營區營前里中正南路５５號１樓,(06)6790155,264,154,2020/02/13 16:37:09
5905130024,人大藥局,臺南市六甲區中山路７號,(06)6988802,0,44,2020/02/13 16:37:09
5905130033,鄰家藥局,臺南市六甲區甲南里珊瑚路１８號１樓,(06)6982086,0,80,2020/02/13 16:37:09
5905130042,人大聯合藥局,臺南市六甲區中山路８號１樓,(06)6987822,0,90,2020/02/13 16:37:09
5905140011,振安藥局,臺南市官田區隆田里中山路一段６０號,(06)5791810,0,126,2020/02/13 16:37:09
5905140039,安安藥局隆田店,臺南市官田區中山路一段１５號１樓,(06)5795705,6,74,2020/02/13 16:37:09
5905170019,博士藥師專業藥局,臺南市七股區大埕里３５７號１樓,(06)7874226,0,128,2020/02/13 16:37:09
5905170037,建昌藥局,臺南市七股區大寮里１之１１號,(06)7873777,8,186,2020/02/13 16:37:09
5905180042,建昌藥局漚汪店,臺南市將軍區忠興里１－６號１樓,(06)7941889,0,124,2020/02/13 16:37:09
5905200012,新視藥局,臺南市新市區中正路３１３號,(06)5990172,0,116,2020/02/13 16:37:09
5905200030,新和德健保藥局,臺南市新市區中正路３１９－１號,(06)5997603,0,96,2020/02/13 16:37:09
5905200058,欣和德藥局,臺南市新市區中正路２００號,(06)5895658,4,90,2020/02/13 16:37:09
5905200067,華林藥局,臺南市新市區中正路１４３號,(06)5896703,1,24,2020/02/13 16:37:09
5905200085,大樹新市藥局,臺南市新市區中正路４９、５１號１樓,(06)5892552,0,136,2020/02/13 16:37:09
5905210027,愛心藥師藥局,臺南市安定區港南里港口１４７號,(06)5935104,0,10,2020/02/13 16:37:09
5905210036,一翔藥局,臺南市安定區港南里港口１９６號１樓,(06)5935208,6,30,2020/02/13 16:37:09
5905270041,仁德市安藥師藥局,臺南市仁德區中正西路２５號,(06)2661933,0,136,2020/02/13 16:37:09
5905270087,嘉鶴藥局,臺南市仁德區仁和里二空路９８號１樓,(06)2680608,32,134,2020/02/13 16:37:09
5905270112,昱欣藥局,臺南市仁德區中正路２段１１８１號１樓,(06)2798970,170,172,2020/02/13 16:37:09
5905270121,安麗兒藥局仁德店,臺南市仁德區新田里中正路二段４４５號,(06)2498619,0,62,2020/02/13 16:37:09
5905270149,尚澄藥局,臺南市仁德區中正路二段１０９０號,(06)2705580,14,158,2020/02/13 16:37:09
5905270158,佳德藥局,臺南市仁德區德糖路４７０號１樓,(06)2796767,0,148,2020/02/13 16:37:09
5905270167,和德藥局仁德店,臺南市仁德區仁義里中山路５７６號１樓,(06)2703869,38,168,2020/02/13 16:37:09
5905270176,大樹仁德藥局,臺南市仁德區中正路二段１１５２號１樓,(06)2797466,0,140,2020/02/13 16:37:09
5905270185,朝伯藥局,臺南市仁德區中正路三段１號１樓,(06)2796655,158,146,2020/02/13 16:37:09
5905280010,安新藥局,臺南市歸仁區民族北街１７巷１４號,(06)3306008,30,138,2020/02/13 16:37:09
5905280038,萊德藥局,臺南市歸仁區中山路二段７８號,(06)2305500,0,118,2020/02/13 16:37:09
5905280047,獅甲藥局,臺南市歸仁區六甲里六甲路２０３號,(06)3388387,0,142,2020/02/13 16:37:09
5905280065,微笑藥局,臺南市歸仁區中山路二段１２５號,(06)2397495,434,198,2020/02/13 16:37:09
5905280074,醫康藥局,臺南市歸仁區武東里明德新村２號,(06)3032123,4,10,2020/02/13 16:37:09
5905280092,元康保健藥局,臺南市歸仁區中山路二段２２９號,(06)2309055,0,86,2020/02/13 16:37:09
5905280109,大樹青青藥局,臺南市歸仁區中山路三段１２號,(06)2300301,0,64,2020/02/13 16:37:09
5905280118,和雅藥局,臺南市歸仁區民權三街９６號１樓,(06-)2307757,22,73,2020/02/13 16:37:09
5905280127,義德藥局歸仁店,臺南市歸仁區民權北路７５號１樓,(06)2300399,20,46,2020/02/13 16:37:09
5905280136,悅橙歸仁藥局,臺南市歸仁區大通路４３號１樓,(06)2396660,28,156,2020/02/13 16:37:09
5905290025,義德藥局,臺南市關廟區關廟里忠孝街７號,(06)5954061,0,80,2020/02/13 16:37:09
5905310031,怡品藥局,臺南市永康區大灣路８７０號,(06)2057346,0,134,2020/02/13 16:37:09
5905310068,育安藥局,臺南市永康區中興里中華路２７４號,(06)3116850,0,204,2020/02/13 16:37:09
5905310157,信仁藥局,臺南市永康區中華西街１４９號,(06)2337755,158,183,2020/02/13 16:37:09
5905310184,鹽行健保藥局,臺南市永康區中正南路８６１號,(06)2435112,74,114,2020/02/13 16:37:09
5905310237,睿禾藥局,臺南市永康區東橋一路１３號,(06)3023868,0,10,2020/02/13 16:37:09
5905310255,濟康藥師藥局,臺南市永康區勝利里勝學路２８１號,(06)3122057,1,19,2020/02/13 16:37:09
5905310264,仁安藥師藥局,臺南市永康區崑山里大仁街６１號,(06)2056055,90,196,2020/02/13 16:37:09
5905310273,誠康藥局,臺南市永康區中山東路１１３號１樓,(06)3022005,2,35,2020/02/13 16:37:09
5905310291,俐欣藥局,臺南市永康區大仁街２０６號１樓,(06)2050777,1,134,2020/02/13 16:37:09
5905310308,一加藥局,臺南市永康區正強街２３１號１樓,(06)2023140,18,50,2020/02/13 16:37:09
5905310326,美德生醫藥局,臺南市永康區復國一路４９６號１樓,(06)2030463,0,66,2020/02/13 16:37:09
5905310344,昱賢藥師藥局中正店,臺南市永康區中正路１４１、１４３號１樓,(06)2021535,0,50,2020/02/13 16:37:09
5905310353,家嘉藥局,臺南市永康區復國一路２０６號,(06)3121328,0,160,2020/02/13 16:37:09
5905310531,晉大藥局復國店,臺南市永康區復國一路５８２－１號,(06)2025309,28,118,2020/02/13 16:37:09
5905310540,裕安藥局,臺南市永康區中華二路３８５號,(06)3133251,0,90,2020/02/13 16:37:09
5905310559,康群藥局,臺南市永康區復國里復華三街７２號,(06)2011839,20,174,2020/02/13 16:37:09
5905310568,宜芯健康藥局,臺南市永康區大灣路７３６號１樓,(06)2722622,82,260,2020/02/13 16:37:09
5905310620,台南永康藥局,臺南市永康區中山南路８１６、８１６－１．２．３號,(06)2020201,72,148,2020/02/13 16:37:09
5905310639,美日新藥局,臺南市永康區中正北路６２號,(06)2420980,0,40,2020/02/13 16:37:09
5905310657,昂德藥局,臺南市永康區復華里復國一路１５２號１樓,(06)3121220,46,153,2020/02/13 16:37:09
5905310693,怡德藥局,臺南市永康區中山路１１８號,(06)2325678,0,124,2020/02/13 16:37:09
5905310746,珊瑚藥局,臺南市永康區南灣里大灣路５０３號,(06)2054235,70,204,2020/02/13 16:37:09
5905310755,德昌藥局永康店,臺南市永康區中華路４６２號,(06)3020628,0,69,2020/02/13 16:37:09
5905310773,長頸鹿藥局,臺南市永康區中華路６８１號,(06)3020188,576,216,2020/02/13 16:37:09
5905310791,三欣藥局,臺南市永康區勝利里小東路４２３巷２號１樓,(06)3125808,42,194,2020/02/13 16:37:09
5905310817,永大啄木鳥藥局,臺南市永康區永大路二段３９７號１樓,(06)2071575,16,30,2020/02/13 16:37:09
5905310826,詠健藥局,臺南市永康區中山路１０２號１樓,(06)2033780,0,138,2020/02/13 16:37:09
5905310835,中華長億藥局,臺南市永康區中華路７３４、７３６號１樓,(06)3022322,16,153,2020/02/13 16:37:09
5905310853,大力藥局大灣店,臺南市永康區大灣路３７６號１樓,(06)2054292,0,90,2020/02/13 16:37:09
5905310871,晶辰藥局,臺南市永康區大灣里民族路３９６巷１號、３號、３９８號１樓,(06)2733368,86,122,2020/02/13 16:37:09
5905310880,永東藥局,臺南市永康區中山路５５號１樓,(06)2318700,62,78,2020/02/13 16:37:09
5905310915,杏安心藥局,臺南市永康區六合里中山南路１２－１號１樓,(06)3029067,196,180,2020/02/13 16:37:09
5905310924,永仁藥局,臺南市永康區永大路二段８５號１樓,(06)2730816,126,188,2020/02/13 16:37:09
5905310933,樂馨藥局,臺南市永康區中山路８５號１樓,(06)2038100,0,24,2020/02/13 16:37:09
5905310942,大樹南灣藥局,臺南市永康區大灣路５５５號１樓,(06)2728822,0,72,2020/02/13 16:37:09
5905310951,合佑藥局,臺南市永康區安康里中華路６９５－２號１樓,(06)3020147,339,236,2020/02/13 16:37:09
5905310960,香柏藥局,臺南市永康區東橋七路１８７號１樓,(06)3027773,10,42,2020/02/13 16:37:09
5905310979,復華藥師藥局,臺南市永康區復興里復華一街１３１號１樓,(06)3123597,0,128,2020/02/13 16:37:09
5905310988,小東藥局,臺南市永康區小東路５７３號１樓,(06)3127169,68,198,2020/02/13 16:37:09
5905310997,新英格蘭藥局,臺南市永康區中華路３９７號１樓,(06)3027648,115,176,2020/02/13 16:37:09
5905311001,和德藥局復國店,臺南市永康區復國里復國一路３３９之７號１樓,(06)2038728,204,154,2020/02/13 16:37:09
5905311010,樂丞藥局,臺南市永康區中正北路６０號１樓,(06)2433319,98,96,2020/02/13 16:37:09
5905311038,莉志藥局,臺南市永康區建國里復國路８７巷３號１樓,(06)3123090,124,86,2020/02/13 16:37:09
5905320019,英菩藥局,臺南市東區關聖里富農街二段１０８巷１０號１樓,(06)2606723,24,102,2020/02/13 16:37:09
5905320082,鶴龍健保藥局,臺南市東區林森路一段１９０號１樓,(06)2608225,8,204,2020/02/13 16:37:09
5905320091,台和群康藥局,臺南市東區崇善路５４７號１樓,(06)2891360,0,44,2020/02/13 16:37:09
5905320135,安麗兒藥局裕農店,臺南市東區裕農路１００號１樓,(06)2377378,2,114,2020/02/13 16:37:09
5905320180,恩泉藥局,臺南市東區崇明路２０７號１樓,(06)3352078,212,262,2020/02/13 16:37:09
5905320260,群安健保藥局,臺南市東區復興里自由路三段１５１、１５３號１樓,(06)2690652,60,72,2020/02/13 16:37:09
5905320279,樂群藥局,臺南市東區裕聖里裕義路３３０號１樓,(06)3316218,6,129,2020/02/13 16:37:09
5905320331,高福藥局,臺南市東區大智里德東街１６８號,(06)2904668,0,98,2020/02/13 16:37:09
5905320368,巴克禮中西藥局,臺南市東區中華東路三段３７７巷８號１樓,(06-)3361100,4,174,2020/02/13 16:37:09
5905320386,倍加藥局,臺南市東區中西里東門路一段２５５號,(06)2364173,6,30,2020/02/13 16:37:09
5905320420,大漢中西藥局,臺南市東區崇德里崇明路４６５號,(06)2908939,26,148,2020/02/13 16:37:09
5905320448,一品健康藥局,臺南市東區崇學里崇學路５０－１號１樓,(06)2896366,46,173,2020/02/13 16:37:09
5905320466,佑全中華藥局,臺南市東區中華東路三段２１５號,(06)2906386,148,128,2020/02/13 16:37:09
5905320475,美生藥局,臺南市東區德高里自由路一段１６１號１樓,(06)2670035,0,138,2020/02/13 16:37:09
5905320484,和信藥局,臺南市東區裕農路２７－１號１樓,(06)2348291,73,178,2020/02/13 16:37:09
5905320519,榮恩藥局,臺南市東區中華東路二段３３７號,(06)3350166,96,202,2020/02/13 16:37:09
5905320537,舒惠藥局,臺南市東區青年路４３２－６號１樓,(06)2087052,0,146,2020/02/13 16:37:09
5905320546,佑丞藥局,臺南市東區中華東路二段１２９號,(06)2902709,10,224,2020/02/13 16:37:09
5905320555,崇明台安藥局,臺南市東區崇明路３０４號,(06)2900350,43,152,2020/02/13 16:37:09
5905320564,杏一台南崇德藥局,臺南市東區崇德路６７４號,(06)2671939,0,154,2020/02/13 16:37:09
5905320582,東門啄木鳥藥局,臺南市東區東門路三段２３９號１樓,(06)2884569,48,110,2020/02/13 16:37:09
5905320608,中華台安藥局,臺南市東區中華東路一段４號１樓,(06)2092622,100,180,2020/02/13 16:37:09
5905320626,禾田聯合藥局,臺南市東區崇明路１９１號１樓,(06)2892393,130,114,2020/02/13 16:37:09
5905320635,晉大藥局,臺南市東區東光里東興路２６４號１樓,(06)2092580,2,134,2020/02/13 16:37:09
5905320644,崇善藥局,臺南市東區崇善路３９２號１樓,(06)2896619,289,218,2020/02/13 16:37:09
5905320653,東門台安藥局,臺南市東區中華東路三段２號１樓,(06)2904377,19,124,2020/02/13 16:37:09
5905320662,台南鼎澄藥局,臺南市東區崇明路二十街１３號１樓,(06)2908855,0,122,2020/02/13 16:37:09
5905320680,晏佑藥局,臺南市東區崇善路４３８－１號１樓,(06)3358668,138,134,2020/02/13 16:37:09
5905320699,恆大藥局,臺南市東區崇明路５９０號１樓,(06)2905586,0,84,2020/02/13 16:37:09
5905320706,悅橙藥局,臺南市東區崇明路４５９號１樓,(06)2605168,90,214,2020/02/13 16:37:09
5905320715,令和藥局,臺南市東區崇善路２６９號１樓,(06)2673578,31,140,2020/02/13 16:37:09
5905320724,中華崇德藥局,臺南市東區中華東路三段１８１、１８３號１樓,(06)2880800,210,252,2020/02/13 16:37:09
5905320733,大樹大同藥局,臺南市東區大同路二段２２７、２２９號１樓,(06)2158700,174,252,2020/02/13 16:37:09
5905330024,聖安健保藥局,臺南市南區健康路二段１７３號１樓,(06)2916898,0,152,2020/02/13 16:37:09
5905330097,千越藥局,臺南市南區金華路二段２４７號,(06)2910303,267,213,2020/02/13 16:37:09
5905330113,進祥藥局,臺南市南區文南里健康路２段３４２－１號１樓,(06)2630571,0,176,2020/02/13 16:37:09
5905330140,亮潔藥師藥局,臺南市南區廣州里金華路２段３４４號,(06)2217306,106,226,2020/02/13 16:37:09
5905330159,勝一藥局,臺南市南區省躬里灣裡路９０號１樓,(06)2626168,0,112,2020/02/13 16:37:09
5905330168,安鑫藥局,臺南市南區大成里健康路一段４１５號１樓,(06)2645955,0,80,2020/02/13 16:37:09
5905330186,為美藥局,臺南市南區大同路二段５５８－１號,(06)2679315,0,60,2020/02/13 16:37:09
5905330220,合樂藥局,臺南市南區灣裡路３０９號,(06)2625016,208,98,2020/02/13 16:37:09
5905330239,宏祐健保藥局,臺南市南區新孝路５９號,(06)2632580,1,158,2020/02/13 16:37:09
5905330275,太子藥局大同店,臺南市南區大同路二段３４８號１樓,(06)2158339,1,151,2020/02/13 16:37:09
5905330284,大樹佳華藥局,臺南市南區金華路二段１２９號１樓,(06)2641238,101,186,2020/02/13 16:37:09
5905330300,思元藥局,臺南市南區金華路一段４８６號１樓,(06)2632377,0,160,2020/02/13 16:37:09
5905330337,千薏台安藥局,臺南市南區金華路二段２號１樓,(06)2638265,16,142,2020/02/13 16:37:09
5905330346,康而富藥局,臺南市南區鹽埕里金華路１段３７５號１樓,(06)2639373,0,158,2020/02/13 16:37:09
5905330355,明興啄木鳥藥局,臺南市南區明興路５１號１樓,(06)2620793,200,102,2020/02/13 16:37:09
5905340011,日日康藥局,臺南市中西區武聖路１３７號,(06)2595259,3,144,2020/02/13 16:37:09
5905340020,慶大藥局,臺南市中西區民權路二段１８２號,(06)2251188,131,288,2020/02/13 16:37:09
5905340057,福氣藥局,臺南市中西區民族路三段１７９號１樓,(06)2221590,22,188,2020/02/13 16:37:09
5905340075,麗欣健保藥局,臺南市中西區永華路一段１９４號１樓,(06)2209393,2,252,2020/02/13 16:37:09
5905340137,全心藥局,臺南市中西區青年里民權路一段２５３號１樓,(06)2217536,68,212,2020/02/13 16:37:09
5905340155,東北藥局,臺南市中西區福安里西門路二段１４號１樓,(06)2226753,0,154,2020/02/13 16:37:09
5905340164,田邊藥局,臺南市中西區中正路２３６號,(06)2200106,0,98,2020/02/13 16:37:09
5905340173,賜安大藥局,臺南市中西區光賢里武聖路９號,(06)3589600,24,156,2020/02/13 16:37:09
5905340226,楊藥局,臺南市中西區西和路３３號１樓,(06)2806353,0,196,2020/02/13 16:37:09
5905340235,人人藥局,臺南市中西區和緯路５段１９７號１樓,(06)3583668,18,84,2020/02/13 16:37:09
5905340253,永華台安藥局,臺南市中西區永華路一段１８４、１８４－１號１、２、３樓,(06)2225531,86,194,2020/02/13 16:37:09
5905340262,瑞城藥局,臺南市中西區赤嵌里忠義路二段１７６號１樓,(06)2215810,92,212,2020/02/13 16:37:09
5905350017,健盟藥局,臺南市北區北安路一段２０６號１樓,(06)2523988,59,144,2020/02/13 16:37:09
5905350026,良佑堂藥局,臺南市北區文賢路２９９號,(06)2586223,0,112,2020/02/13 16:37:09
5905350035,海安藥師藥局,臺南市北區海安路３段９０２號,(06)2814600,196,150,2020/02/13 16:37:09
5905350062,嘉星藥師大藥局,臺南市北區開元路３３９號１樓,(06)2093737,0,178,2020/02/13 16:37:09
5905350080,長榮健保藥局,臺南市北區長榮路４段１３９號１樓,(06)2757012,324,234,2020/02/13 16:37:09
5905350099,若安藥局,臺南市北區開元路１０３號１樓,(06)2095666,666,280,2020/02/13 16:37:09
5905350133,大昌藥局,臺南市北區北安路１段１３２號１樓,(06)2519121,94,126,2020/02/13 16:37:09
5905350142,佳佳藥局,臺南市北區開元路３０６－１號,(06)2740783,90,244,2020/02/13 16:37:09
5905350151,公園台安藥局,臺南市北區公園路８４０號,(06)2518402,154,172,2020/02/13 16:37:09
5905350179,尚慶藥局,臺南市北區西門路四段８６號１樓,(06)2511258,254,186,2020/02/13 16:37:09
5905350231,祥好藥局,臺南市北區正風里公園路８７６號１樓,(06)2510366,80,224,2020/02/13 16:37:09
5905350240,健康藥局,臺南市北區長榮路５段２１號,(06)2003078,6,134,2020/02/13 16:37:09
5905350259,樂森藥局,臺南市北區和緯路二段３３６號１樓,(06)2511338,36,32,2020/02/13 16:37:09
5905350268,宸安藥局,臺南市北區光民里成功路４３６號１樓,(06)2238679,60,194,2020/02/13 16:37:09
5905350302,旻恩藥局,臺南市北區公園里北門路二段３７－１號,(06)2260590,220,288,2020/02/13 16:37:09
5905350311,美康藥局,臺南市北區公園路３７５－５號,(06)2810311,174,198,2020/02/13 16:37:09
5905350339,育德健康藥局,臺南市北區成德里育德路５３０號,(06)2525360,78,132,2020/02/13 16:37:09
5905350348,晨康藥師藥局,臺南市北區公園南路３４２號１樓,(06)2221090,1,58,2020/02/13 16:37:09
5905350366,千多藥局,臺南市北區金華路五段１號,(06)2228641,42,162,2020/02/13 16:37:09
5905350384,北安台安藥局,臺南市北區北安路一段１６３號,(06)2518166,116,110,2020/02/13 16:37:09
5905350393,和緯啄木鳥藥局,臺南市北區和緯路２段１７６號,(06)2519805,0,8,2020/02/13 16:37:09
5905350428,大正藥局,臺南市北區公園南路３２４號１樓,(06)2226899,2,114,2020/02/13 16:37:09
5905350446,杏一藥局台南成大店,臺南市北區東豐路１５５號,(06)2382747,140,236,2020/02/13 16:37:09
5905350455,幼德和緯藥局,臺南市北區文元里和緯路３段３２２號１樓,(06)2584000,4,62,2020/02/13 16:37:09
5905350464,北海藥局,臺南市北區華德里海安路三段９７２號１樓,(06)2525533,0,120,2020/02/13 16:37:09
5905350473,欣依藥局,臺南市北區北安路一段２５９號１樓,(06)2832111,139,46,2020/02/13 16:37:09
5905350482,大欣藥局,臺南市北區公園路２０３號１樓,(06)2236828,8,180,2020/02/13 16:37:09
5905370064,日安藥局,臺南市安南區安和路２段２６９號１樓,(06)3559260,0,86,2020/02/13 16:37:09
5905370073,宜康藥局同安店,臺南市安南區同安路２３５號１樓,(06)2470720,0,16,2020/02/13 16:37:09
5905370135,安南日日康藥局,臺南市安南區安和路五段３３號,(06)3550995,0,78,2020/02/13 16:37:09
5905370144,仁大藥局,臺南市安南區海佃路三段３４６號１樓,(06)2561777,0,74,2020/02/13 16:37:09
5905370180,安南啄木鳥藥局,臺南市安南區安和路一段１０７號,(06)2821265,0,80,2020/02/13 16:37:09
5905370206,美家藥局,臺南市安南區安和路一段３５２號１樓,(06)2566006,0,86,2020/02/13 16:37:09
5905370215,新安和安東藥局,臺南市安南區安東里安和路一段４６８號,(06)2561204,8,96,2020/02/13 16:37:09
5905370224,上振藥局,臺南市安南區安中路三段４３號１樓,(06)2551061,0,150,2020/02/13 16:37:09
5905370233,弘昇藥局,臺南市安南區鳳凰里安中路一段７００巷３２號１樓,(06)2567605,0,72,2020/02/13 16:37:09
5905370260,廣道藥局,臺南市安南區溪心里海佃路三段２１８號１樓,(06)2568383,60,136,2020/02/13 16:37:09
5905370279,安昕藥局,臺南市安南區安和路一段８０號１樓,(06)2827500,60,178,2020/02/13 16:37:09
5905370304,大樹安南藥局,臺南市安南區安和路四段５５７號１樓,(06)3563370,0,38,2020/02/13 16:37:09
5905370322,鳳凰平光中西藥局,臺南市安南區鳳凰里安中路一段７００巷２７號１樓,(06)2565635,0,58,2020/02/13 16:37:09
5905370331,草湖寮王藥局,臺南市安南區梅花里安中路一段６３３號１樓,(06)2465859,0,74,2020/02/13 16:37:09
5905370340,保安康藥局,臺南市安南區梅花里安中路一段７９３號１樓,(06)2552586,72,144,2020/02/13 16:37:09
5905370359,宜康安和藥局,臺南市安南區安和路一段６８號１樓,(06)2521250,10,130,2020/02/13 16:37:09
5905380015,康馥藥局,臺南市安平區華平路５４５-１號,(06)2998328,45,216,2020/02/13 16:37:09
5905380051,安平藥局,臺南市安平區國平路５５２巷１１３號１樓,(06)2970551,0,52,2020/02/13 16:37:09
5905380097,宜康永華藥局,臺南市安平區國平里永華路二段７８５號１樓,(06)2930119,26,122,2020/02/13 16:37:09
5905380113,永康藥局永華店,臺南市安平區永華路２段７０２號,(06)2951552,9,164,2020/02/13 16:37:09
5905380122,趙藥師藥局,臺南市安平區安北路３９０號,(06)3915695,15,195,2020/02/13 16:37:09
5905380140,信美藥局,臺南市安平區建平里平通路１４２號１樓,(06)2980142,50,74,2020/02/13 16:37:09
5905380159,永華藥局,臺南市安平區永華路二段７８７－１號,(06)2953618,134,200,2020/02/13 16:37:09
5905380168,恆安藥局,臺南市安平區永華路二段８４５─１號１樓,(06)2951773,429,252,2020/02/13 16:37:09
5905380177,凱順藥局,臺南市安平區育平里健康三街３９號１樓,(06)2999752,0,135,2020/02/13 16:37:09
5905380195,新高橋藥局台南永華店,臺南市安平區華平路２７９號１樓,(06)2992362,2,94,2020/02/13 16:37:09
5905380239,怡家藥局,臺南市安平區國平里華平路１４６─５號１樓,(06)2970519,378,91,2020/02/13 16:37:09
5905380248,康富聯合藥局,臺南市安平區華平路６５２號１樓,(06)2971960,6,132,2020/02/13 16:37:09
5905380266,永華啄木鳥藥局,臺南市安平區文平里永華路二段３６９號１樓,(06)2985173,0,58,2020/02/13 16:37:09
5907010043,北京藥局文山店,高雄市鳳山區青年路二段３６７號１．２樓,(07)7676766,0,44,2020/02/13 16:37:09
5907010098,建明藥局,高雄市鳳山區海洋一路１２２號,(07)7668550,16,124,2020/02/13 16:37:09
5907010141,維安社區藥局,高雄市鳳山區國富路２５-１號,(07)7630980,0,150,2020/02/13 16:37:09
5907010150,育英藥局文德店,高雄市鳳山區文德路２９號,(07)7777059,4,134,2020/02/13 16:37:09
5907010169,美安藥局,高雄市鳳山區文衡路４３號,(07)7993209,3,118,2020/02/13 16:37:09
5907010178,華美藥局,高雄市鳳山區建國路三段１６１號,(07)7452732,0,110,2020/02/13 16:37:09
5907010187,人人好藥局,高雄市鳳山區五甲三路１０巷７號１樓,(07)8151566,0,172,2020/02/13 16:37:09
5907010203,新富丁丁藥局,高雄市鳳山區新富路９５號,(07)7156198,1,170,2020/02/13 16:37:09
5907010212,北京藥局中崙店,高雄市鳳山區中崙四路１６號１樓,(07)7550655,9,34,2020/02/13 16:37:09
5907010267,禾康藥局,高雄市鳳山區瑞竹路１６號１樓,(07)7997139,5,166,2020/02/13 16:37:09
5907010276,愛家社區藥局,高雄市鳳山區福德街１４１號,(07)8123698,0,132,2020/02/13 16:37:09
5907010285,康盈藥局,高雄市鳳山區鳳林路２６０號１樓,(07)7820968,77,168,2020/02/13 16:37:09
5907010301,高大藥局,高雄市鳳山區南華路１８２號,(07)7718671,2,174,2020/02/13 16:37:09
5907010365,科健藥局,高雄市鳳山區八德路２４６－５號１樓,(07)7777868,56,164,2020/02/13 16:37:09
5907010409,好郝藥局,高雄市鳳山區武松里經武路１７８號１樓,(07)7468840,0,88,2020/02/13 16:37:09
5907010427,好郝藥局鳳林店,高雄市鳳山區誠智里鳳林路２９０號,(07)7869188,0,196,2020/02/13 16:37:09
5907010454,上泰健保藥局,高雄市鳳山區鎮西里中華街２７號１樓,(07)7455127,6,150,2020/02/13 16:37:09
5907010525,長青連鎖藥局光遠店,高雄市鳳山區光遠路２７１號１樓,(07)7103487,304,172,2020/02/13 16:37:09
5907010534,真健康藥局,高雄市鳳山區五福里五甲三路５５號,(07)8232828,19,142,2020/02/13 16:37:09
5907010669,鳳山好心藥局,高雄市鳳山區文濱路１９８號１樓,(07)7779285,80,170,2020/02/13 16:37:09
5907010721,維新藥局,高雄市鳳山區維新路１０１。１０３號１樓,(07)7411694,0,170,2020/02/13 16:37:09
5907010730,鳳山啄木鳥藥局,高雄市鳳山區善美里保泰路３３６號１樓,(07)7162314,3,20,2020/02/13 16:37:09
5907010810,志全藥局,高雄市鳳山區五福里五甲三路１２１巷１號,(07)7688986,0,136,2020/02/13 16:37:09
5907010829,光遠藥局,高雄市鳳山區三民里光遠路２５８號１樓,(07)7419780,18,76,2020/02/13 16:37:09
5907010883,大樹五甲藥局,高雄市鳳山區福祥里五甲三路２４號１樓及２樓、２６號１樓及２樓,(07)8224926,194,132,2020/02/13 16:37:09
5907010927,元元鳳山藥局,高雄市鳳山區一甲里五甲二路３４８之１號１樓,(07)7529595,16,194,2020/02/13 16:37:09
5907010936,鳳山全民藥局,高雄市鳳山區中正里瑞興路３８０巷８號,(07)7037078,42,266,2020/02/13 16:37:09
5907010945,光田藥局,高雄市鳳山區鎮東里光遠路９５號１樓,(07)7460773,96,210,2020/02/13 16:37:09
5907010963,喬生藥局,高雄市鳳山區文福里文建街１７８、１８０號,(07)7803366,80,112,2020/02/13 16:37:09
5907010981,康是美五甲藥局,高雄市鳳山區鎮南里五甲二路７５２號１至２樓、７５４號１至２樓,(07)8121586,32,134,2020/02/13 16:37:09
5907011004,永豐久億藥局,高雄市鳳山區和興里五甲一路１１號１樓,(07)7104281,20,176,2020/02/13 16:37:09
5907011031,德安藥局,高雄市鳳山區文衡里文衡路２９５號１樓,(07)7805249,0,196,2020/02/13 16:37:09
5907011040,伊甸藥師藥局文化店,高雄市鳳山區文福里文化西路１１號１樓,(07)7776002,0,8,2020/02/13 16:37:09
5907011068,新高橋藥局文龍東店,高雄市鳳山區鎮北里文龍東路３１０號,(07)7353946,38,19,2020/02/13 16:37:09
5907011086,長青連鎖藥局中山西店,高雄市鳳山區忠義里中山西路３７６－７號１樓,(07)7197787,148,266,2020/02/13 16:37:09
5907011095,鳳山五甲藥局,高雄市鳳山區正義里五甲二路１３９號１樓,(07)7269899,0,154,2020/02/13 16:37:09
5907011102,鳳山佑安藥局,高雄市鳳山區東門里中山東路１６６號１樓,(07)7030333,200,162,2020/02/13 16:37:09
5907011111,壹然藥局,高雄市鳳山區中正里瑞興路４８２號１樓,(07)7014755,0,164,2020/02/13 16:37:09
5907011139,杏樹林藥局,高雄市鳳山區中和里自由路４３０號１樓,(07)7101118,226,210,2020/02/13 16:37:09
5907011148,大樹國泰藥局,高雄市鳳山區興仁里五甲一路２９２號,(07)7407234,222,172,2020/02/13 16:37:09
5907011166,佑全鳳山藥局,高雄市鳳山區文德里青年路二段４６３號１－２樓,(07)7801568,107,160,2020/02/13 16:37:09
5907011175,鳳西藥局,高雄市鳳山區忠義里中山西路２３８號１樓,(07)7902717,102,184,2020/02/13 16:37:09
5907011184,肉豆公藥局南榮店,高雄市鳳山區善美里南榮路１６９號１樓,(07)7278385,0,146,2020/02/13 16:37:09
5907011193,新高橋藥局新富店,高雄市鳳山區新泰里新富路４２８號１樓,(07)9630233,2,50,2020/02/13 16:37:09
5907011200,和成藥局,高雄市鳳山區南成里和成路６５號１樓,(07)7961566,4,28,2020/02/13 16:37:09
5907011219,協康健保藥局,高雄市鳳山區瑞竹里博愛路２１５號１樓,(07)7199259,0,146,2020/02/13 16:37:09
5907011228,鳳山青年藥局,高雄市鳳山區文德里青年路二段３９９號１樓,(07)7678383,272,186,2020/02/13 16:37:09
5907011237,凱旋藥局,高雄市鳳山區國隆里新富路３７３號１樓,(07)7671182,2,156,2020/02/13 16:37:09
5907011264,新高橋藥局青年店,高雄市鳳山區文衡里青年路二段２８９號１樓,(07)7676179,74,108,2020/02/13 16:37:09
5907011273,鳳山服安藥局,高雄市鳳山區忠義里中山西路３８０號１樓,(07)7406330,1,126,2020/02/13 16:37:09
5907011291,桂林活力藥師藥局鳳山店,高雄市鳳山區中正里瑞興路４８８號１樓,(07)7012827,0,100,2020/02/13 16:37:09
5907011308,文龍藥局,高雄市鳳山區鎮北里文龍東路３５５號１樓,(07)7407638,522,142,2020/02/13 16:37:09
5907020021,柏康藥局,高雄市岡山區壽天路２２號,(07)6241688,0,34,2020/02/13 16:37:09
5907020030,鑫德昌藥局,高雄市岡山區溪東路３８號１樓,(07)6233338,0,46,2020/02/13 16:37:09
5907030072,旗美藥局,高雄市旗山區東平里延平二路４１號,(07)6629839,21,168,2020/02/13 16:37:09
5907030090,睛好活力藥局,高雄市旗山區湄洲里中山路１２７號,(07)6625119,1,128,2020/02/13 16:37:09
5907030107,大同藥局,高雄市旗山區大德里大同街１３號１樓,(07)6611336,340,250,2020/02/13 16:37:09
5907030116,樂寧藥局,高雄市旗山區大德里大同街１７號,(07)6622689,0,162,2020/02/13 16:37:09
5907030125,旗山藥局,高雄市旗山區中華路２３號,(07)6621158,292,222,2020/02/13 16:37:09
5907040014,寶樹藥局,高雄市美濃區中山路１段８８號,(07)6812323,0,114,2020/02/13 16:37:09
5907040023,大佳藥局,高雄市美濃區獅山里中華路５９－７號,(07)6852988,0,152,2020/02/13 16:37:09
5907050010,新朋友藥師連鎖藥局,高雄市林園區東林東路４４號,(07)6460588,0,92,2020/02/13 16:37:09
5907050029,林園健人藥師藥局,高雄市林園區林園北路３７２號,(07)6421598,0,38,2020/02/13 16:37:09
5907050047,安禾藥局,高雄市林園區仁愛路１６５號１樓,(07)6431068,8,0,2020/02/13 16:37:09
5907050056,晉升益藥局,高雄市林園區文賢里沿海路３段１５０號１樓,(07)6425665,28,100,2020/02/13 16:37:09
5907050065,林園啄木鳥藥局,高雄市林園區鳳林路二段８０３號１樓,(07)6414772,1,4,2020/02/13 16:37:09
5907050074,林園藥局,高雄市林園區仁愛路１３號１樓,(07)6425855,0,72,2020/02/13 16:37:09
5907060043,永成專業藥師藥局,高雄市大寮區中興里鳳林四路６２號,(07)7816221,0,192,2020/02/13 16:37:09
5907060098,佳和健保藥局,高雄市大寮區鳳林三路５１２號,(07)7821500,0,32,2020/02/13 16:37:09
5907060132,大承藥局,高雄市大寮區鳳屏一路４６６號１樓,(07)7013225,0,156,2020/02/13 16:37:09
5907060178,鴻安藥局,高雄市大寮區鳳林三路３９１、３９３號１樓,(07)7835956,0,32,2020/02/13 16:37:09
5907060187,桂林活力藥師藥局鳳林店,高雄市大寮區山頂里鳳林三路８２３˙８２５號１樓,(07)7912331,0,40,2020/02/13 16:37:09
5907060212,仁德健保藥局,高雄市大寮區內坑里仁德新村１號１樓,(07)7885003,302,219,2020/02/13 16:37:09
5907060221,淑德健保藥局,高雄市大寮區內坑里淑德新村１號３樓,(07)7923556,0,252,2020/02/13 16:37:09
5907060230,華思中西藥局,高雄市大寮區永芳里進學路１２２號１樓,(07)7835567,0,176,2020/02/13 16:37:09
5907070012,舒康藥師藥局,高雄市大樹區久堂路１２９號,(07)6520268,0,86,2020/02/13 16:37:09
5907070021,大和藥局,高雄市大樹區久堂路１４９號,(07)6526412,18,207,2020/02/13 16:37:09
5907080018,春天藥局,高雄市仁武區仁雄路９８－１０號,(07)3721428,120,168,2020/02/13 16:37:09
5907080081,英祥連鎖藥局仁雄店,高雄市仁武區仁雄路３６之２號,(07)3722509,62,188,2020/02/13 16:37:09
5907080125,仁武丁丁藥局,高雄市仁武區仁和里鳳仁路２１之８號,(07)3721896,0,44,2020/02/13 16:37:09
5907080134,好心藥局,高雄市仁武區中正路２９９號１樓,(07)3728985,0,134,2020/02/13 16:37:09
5907080170,鴻州藥局,高雄市仁武區八卦里八德西路２２９８號１樓,(07)3752888,0,72,2020/02/13 16:37:09
5907080189,德昌藥局仁雄店,高雄市仁武區灣內里仁雄路３８、３８－１、３８－２號,(07)3749166,0,84,2020/02/13 16:37:09
5907080214,新高橋藥局八德中店,高雄市仁武區八卦里八德中路８６、８８、９０號,(07)3485857,2,70,2020/02/13 16:37:09
5907080223,新高橋藥局仁雄店,高雄市仁武區赤山里仁雄路８９－３號,(07)3485857,4,42,2020/02/13 16:37:09
5907080232,大樹仁武藥局,高雄市仁武區赤山里仁雄路８０－９號,(07)3744777,205,180,2020/02/13 16:37:09
5907080250,仁同藥局,高雄市仁武區八卦里永仁街７０６號１樓,(07)3736142,0,60,2020/02/13 16:37:09
5907080269,興德昌藥局,高雄市仁武區文武里中華路２３２號,(07)6250942,0,46,2020/02/13 16:37:09
5907080278,博適倫藥局,高雄市仁武區八卦里永仁街２６５號１樓,(07)3755708,100,100,2020/02/13 16:37:09
5907080296,新四季藥局,高雄市仁武區仁慈里仁慈路１９０號１樓,(07)7333606,0,66,2020/02/13 16:37:09
5907090032,上鼎藥師健保藥局,高雄市大社區中山路４２３號,(07)3531053,0,82,2020/02/13 16:37:09
5907090069,德泰健保藥局,高雄市大社區大新路３５之１號１樓,(07)3524296,0,46,2020/02/13 16:37:09
5907090087,安泰專業藥師藥局,高雄市大社區中山路２６７號１樓,(07)3553715,2,46,2020/02/13 16:37:09
5907090121,新高橋藥局大社店,高雄市大社區中山路２７７號１樓,(07)3485857,0,18,2020/02/13 16:37:09
5907090130,大樹大社藥局,高雄市大社區中山路３０８號１樓,(07)3531682,8,100,2020/02/13 16:37:09
5907100088,本館藥局,高雄市鳥松區大華里本館路１９０號１樓,(07)3707655,6,160,2020/02/13 16:37:09
5907110048,和德藥局橋頭店,高雄市橋頭區橋南路１１６－１號,(07)6113580,16,176,2020/02/13 16:37:09
5907110066,安麗兒藥局橋頭店,高雄市橋頭區隆豐路１４８號,(07)6111209,8,68,2020/02/13 16:37:09
5907110075,言安藥局,高雄市橋頭區樹德路６５號,(07)6110719,0,52,2020/02/13 16:37:09
5907110093,順和藥局,高雄市橋頭區仕豐路５號,(07)6118688,0,4,2020/02/13 16:37:09
5907110146,民權藥局,高雄市橋頭區橋頭里２８鄰成功路２２７號１樓－２２９號１樓,(07)6113632,0,62,2020/02/13 16:37:09
5907110155,丁丁藥局橋頭店,高雄市橋頭區成功南路１４８巷３號,(07)6113633,1,83,2020/02/13 16:37:09
5907120017,和德藥局燕巢店,高雄市燕巢區西燕里中民路６２８號,(07)6143499,0,26,2020/02/13 16:37:09
5907120026,安康健保藥局,高雄市燕巢區中興路８號,(07)6141103,4,90,2020/02/13 16:37:09
5907140019,佑聖健保藥局,高雄市阿蓮區民生路７９號,(07)6321516,0,74,2020/02/13 16:37:09
5907140108,德昌藥局阿蓮店,高雄市阿蓮區阿蓮里中正路４５６號,(07)6318868,0,32,2020/02/13 16:37:09
5907140117,悅安藥局,高雄市阿蓮區和蓮里信義路１１１號,(07)6319632,0,120,2020/02/13 16:37:09
5907140126,天德藥局阿蓮店,高雄市阿蓮區南蓮里忠孝路１６８、１７０號,(07)6311566,4,46,2020/02/13 16:37:09
5907150024,安麗兒藥局路竹店,高雄市路竹區大社路５１號１樓,(07)6071699,0,50,2020/02/13 16:37:09
5907150060,大社藥局,高雄市路竹區大社路２９號,(07)6076686,80,110,2020/02/13 16:37:09
5907150097,金德昌藥師藥局,高雄市路竹區大社路９０之６號,(07)6978143,0,36,2020/02/13 16:37:09
5907150202,永昌藥局,高雄市路竹區延平路８１號,(07)6964321,1,23,2020/02/13 16:37:09
5907150220,天德藥局路竹店,高雄市路竹區忠孝路２６－２、２６－３號１樓,(07)6975656,0,10,2020/02/13 16:37:09
5907150239,固德藥局,高雄市路竹區金平路３１２號,(07)6978641,2,14,2020/02/13 16:37:09
5907150248,宗明藥局路竹店,高雄市路竹區中正路１０６－１號１樓,(07)6962391,0,12,2020/02/13 16:37:09
5907160020,振裕藥局,高雄市湖內區逸賢里保生路５５３號,(07)6995796,0,24,2020/02/13 16:37:09
5907160039,華安藥局,高雄市湖內區中山路一段４５１－１９號,(07)6938208,1,26,2020/02/13 16:37:09
5907160048,吉成藥局,高雄市湖內區太爺里中正路１段１２號,(07)6993681,0,114,2020/02/13 16:37:09
5907160066,生麗藥局,高雄市湖內區保生路３２６號,(07)6992899,0,22,2020/02/13 16:37:09
5907160075,安麗兒藥局東方店,高雄市湖內區湖東里東方路９０號,(07)6936029,0,26,2020/02/13 16:37:09
5907170035,得安藥局,高雄市茄萣區嘉安里仁愛路三段５６巷１－３號,(07)6909718,4,8,2020/02/13 16:37:09
5907200010,嘉安藥師藥局,高雄市梓官區茄苳里嘉展路３８１號,(07)6107008,0,52,2020/02/13 16:37:09
5907200038,和德藥局梓官店,高雄市梓官區梓和里梓官路２３３號１樓,(07)6191008,0,92,2020/02/13 16:37:09
5907200047,永恒健康生活藥局,高雄市梓官區智蚵里通安路１７６號１樓,(07)6102755,202,82,2020/02/13 16:37:09
5907200056,伊生藥局,高雄市梓官區梓和里梓官路城隍巷２２之１號１樓,(07)6102767,0,10,2020/02/13 16:37:09
5907200065,復安堂藥局,高雄市梓官區信蚵里廣澤路２號１樓,(07)6103147,30,102,2020/02/13 16:37:09
5907210016,東冠健保藥局,高雄市六龜區太平路５號１樓,(07)6891852,0,104,2020/02/13 16:37:09
5907210034,大晉藥局,高雄市六龜區義寶里太平路１１６號,(07)6894951,340,256,2020/02/13 16:37:09
5907230018,立康健保藥師藥局,高雄市杉林區上平里山仙路８０號,(07)6773353,4,102,2020/02/13 16:37:09
5907240014,博林健保藥局,高雄市內門區觀亭里中正路１６０巷５１號,(07)6671883,236,222,2020/02/13 16:37:09
5907280027,宏光藥局,高雄市鹽埕區七賢三路９２號一樓,(07)5211299,0,228,2020/02/13 16:37:09
5907290023,明倫藥局,高雄市鼓山區明倫路１５０號１樓,(07)5520736,0,2,2020/02/13 16:37:09
5907290050,新高橋藥局裕明店,高雄市鼓山區裕誠路１６８０號,(07)5224680,0,18,2020/02/13 16:37:09
5907290103,康喜藥局,高雄市鼓山區華榮路６０７號,(07)5550060,193,140,2020/02/13 16:37:09
5907290112,新高橋藥局華榮店,高雄市鼓山區華榮路２８７號１樓,(07)5534727,10,207,2020/02/13 16:37:09
5907290121,柏順藥局,高雄市鼓山區龍德路１０６巷３０、３２號,(07)5559567,56,158,2020/02/13 16:37:09
5907290158,美館久億藥局,高雄市鼓山區美術東二路２４５、２４７號,(07)5227762,4,32,2020/02/13 16:37:09
5907290176,為安藥局,高雄市鼓山區九如四路９５９號,(07)5212912,2,158,2020/02/13 16:37:09
5907290201,開心藥局,高雄市鼓山區中華一路９４８號,(07)5555572,0,222,2020/02/13 16:37:09
5907290229,芳博藥局,高雄市鼓山區明倫路４５６號,(07)5501173,0,44,2020/02/13 16:37:09
5907290238,聯合藥師藥局,高雄市鼓山區中華一路９７０號１樓,(07)5500558,34,20,2020/02/13 16:37:09
5907290265,新美館藥局,高雄市鼓山區中華一路９７２號,(07)5522006,49,54,2020/02/13 16:37:09
5907300024,重愛藥局,高雄市左營區文自路９３０號１樓,(07)3501870,46,156,2020/02/13 16:37:09
5907300033,活力藥局,高雄市左營區自由三路３５３號１樓,(07)3504012,20,122,2020/02/13 16:37:09
5907300042,育安健保藥局,高雄市左營區富國路３３９號１樓,(07)5508862,0,86,2020/02/13 16:37:09
5907300088,神農健保藥局,高雄市左營區重和路１１７號,(07)3418228,6,71,2020/02/13 16:37:09
5907300104,健勝藥局,高雄市左營區勝利路１２７號,(07)5811169,12,120,2020/02/13 16:37:09
5907300168,金元藥局,高雄市左營區重愛路２２０號,(07)3458378,20,52,2020/02/13 16:37:09
5907300177,人尚大藥局,高雄市左營區榮總路１０９號１樓,(07)3100000,0,164,2020/02/13 16:37:09
5907300211,勁好健保藥局,高雄市左營區果峰街１２巷２６號１樓,(07)5855767,0,202,2020/02/13 16:37:09
5907300239,左野藥局,高雄市左營區崇德路２２２號,(07)3486883,1,98,2020/02/13 16:37:09
5907300300,宜康健保藥局,高雄市左營區翠華路６０１巷４０號,(07)5889919,0,148,2020/02/13 16:37:09
5907300319,士凱藥局,高雄市左營區孟子路１７８號,(07)3430257,0,126,2020/02/13 16:37:09
5907300337,果峰健保藥局,高雄市左營區果峰街５０巷１５號１樓,(07)5880401,100,192,2020/02/13 16:37:09
5907300346,正心藥師藥局,高雄市左營區左營大路４７３之２號,(07)5880386,94,188,2020/02/13 16:37:09
5907300408,安闔藥局,高雄市左營區榮總路２３號１樓,(07)3596913,92,168,2020/02/13 16:37:09
5907300417,森森藥師藥局,高雄市左營區緯六路２１５號１樓,(07)5853600,18,198,2020/02/13 16:37:09
5907300506,躍獅祐恩藥局,高雄市左營區明華一路１３２號１樓,(07)5508706,0,126,2020/02/13 16:37:09
5907300515,詮裕藥局,高雄市左營區華夏路７０６號１樓,(07)3453942,70,152,2020/02/13 16:37:09
5907300588,明禾藥局,高雄市左營區華夏路１７３２號１樓,(07)3493734,110,176,2020/02/13 16:37:09
5907300613,新高橋藥局河堤店,高雄市左營區裕誠路１４４號１樓及地下１樓,(07)5582806,7,150,2020/02/13 16:37:09
5907300631,大樹孟子藥局,高雄市左營區孟子路２２６、２２８號,(07)3461772,202,128,2020/02/13 16:37:09
5907300659,維康藥局高榮店,高雄市左營區榮總路１６３號、１６５號,(07)3494540,6,110,2020/02/13 16:37:09
5907300668,米米藥局,高雄市左營區富民路３０１號１Ｆ,(07)5570569,100,156,2020/02/13 16:37:09
5907300677,佳寧峰藥局,高雄市左營區部後街２號,(07)5886408,0,244,2020/02/13 16:37:09
5907300686,左營自由藥局,高雄市左營區自由二路３５０、３５０－１號,(07)5589991,42,168,2020/02/13 16:37:09
5907300702,禾順左營藥局,高雄市左營區自由三路４１０號２樓,(07)3592582,72,198,2020/02/13 16:37:09
5907300711,富元聯合健康藥局,高雄市左營區博愛三路３７號,(07)3488585,102,168,2020/02/13 16:37:09
5907300739,左營藥局,高雄市左營區華夏路３２５號,(07)5501017,6,154,2020/02/13 16:37:09
5907300748,翔生藥局合群店,高雄市左營區緯六路２５６號,(07)5880055,0,192,2020/02/13 16:37:09
5907300757,奕康藥局,高雄市左營區明華一路７６號,(07)5561908,20,106,2020/02/13 16:37:09
5907300766,悠仁藥局,高雄市左營區自由三路１７０號,(07)3457979,1,54,2020/02/13 16:37:09
5907300775,詠康藥局,高雄市左營區明華一路２６５號,(07)5580165,200,210,2020/02/13 16:37:09
5907300784,新高橋藥局博正店,高雄市左營區忠言路１８０號,(07)5509810,4,168,2020/02/13 16:37:09
5907300793,高鐵藥局,高雄市左營區華夏路１３２２．１３２６號,(07)3452797,11,106,2020/02/13 16:37:09
5907300800,元大藥師健保藥局,高雄市左營區榮德街３２７號,(07)3507531,40,146,2020/02/13 16:37:09
5907300819,志全藥局,高雄市左營區富國路１６８號１樓,(07)5568217,8,84,2020/02/13 16:37:09
5907300837,杏一高榮二店藥局,高雄市左營區榮總路１７７號１樓,(07)3463348,36,258,2020/02/13 16:37:09
5907300855,新高橋藥局裕誠店,高雄市左營區裕誠路２９１號１樓,(07)5573857,0,98,2020/02/13 16:37:09
5907300882,得孚社區藥局,高雄市左營區重立路５３３號１樓,(07)3410121,110,220,2020/02/13 16:37:09
5907300891,新高橋藥局華夏店,高雄市左營區華夏路１１１０號,(07)3410915,0,94,2020/02/13 16:37:09
5907300908,明自丁丁藥局,高雄市左營區自由二路１５２號１樓,(07)5568902,40,112,2020/02/13 16:37:09
5907310020,德民藥局,高雄市楠梓區德民路９１１號,(07)3630805,2,24,2020/02/13 16:37:09
5907310048,九九藥局,高雄市楠梓區後昌路７７５號,(07)3633636,0,172,2020/02/13 16:37:09
5907310128,新高橋藥局土庫店,高雄市楠梓區土庫路６８號１樓,(07)3535458,1,4,2020/02/13 16:37:09
5907310137,青田藥局,高雄市楠梓區監理南街６８號,(07)3648257,91,103,2020/02/13 16:37:09
5907310173,安健藥局,高雄市楠梓區鳳楠路２５０號,(07)3520167,26,156,2020/02/13 16:37:09
5907310217,甫原中西人合藥局,高雄市楠梓區益群路１４、１６號,(07)3630366,8,0,2020/02/13 16:37:09
5907310235,新興藥局,高雄市楠梓區後昌路８７號,(07)3629735,2,100,2020/02/13 16:37:09
5907310262,大樹楠梓藥局,高雄市楠梓區軍校路９０８號,(07)3632322,4,124,2020/02/13 16:37:09
5907310271,漢宏健保藥局,高雄市楠梓區加宏路９７號,(07)3626086,0,88,2020/02/13 16:37:09
5907310280,光玉藥局,高雄市楠梓區德民路１００６－５號,(07)3659555,0,96,2020/02/13 16:37:09
5907310299,八八藥局,高雄市楠梓區大學二十六街８２號,(07)3652182,0,14,2020/02/13 16:37:09
5907310306,大雄藥局,高雄市楠梓區德民路１６６號,(07)3643290,103,288,2020/02/13 16:37:09
5907310315,小太陽康健藥局,高雄市楠梓區德民路９９３號１－２樓,(07)3635808,4,110,2020/02/13 16:37:09
5907310342,楠梓久億藥局,高雄市楠梓區德祥路２２１號,(07)3657099,0,114,2020/02/13 16:37:09
5907310351,惠民楠梓藥局,高雄市楠梓區建楠路２１７號,(07)3521896,4,177,2020/02/13 16:37:09
5907310360,百康藥局,高雄市楠梓區右昌街４１６號,(07)3601281,12,42,2020/02/13 16:37:09
5907310379,德昌藥局,高雄市楠梓區德賢路２１５號,(07)6250942,0,70,2020/02/13 16:37:09
5907320062,大豐藥局,高雄市三民區大豐一路４７１號,(07)3980133,0,68,2020/02/13 16:37:09
5907320133,莊敬藥局,高雄市三民區大昌一路２８號,(07)3976079,1,168,2020/02/13 16:37:09
5907320179,新高橋藥局天祥店,高雄市三民區天祥一路１１７號,(07)3102683,28,49,2020/02/13 16:37:09
5907320259,明誠藥局,高雄市三民區明誠一路１７２號,(07)3108636,84,216,2020/02/13 16:37:09
5907320295,新高橋藥局澄清店,高雄市三民區澄和路２號１樓,(07)3815186,16,118,2020/02/13 16:37:09
5907320302,新高橋藥局明誠店,高雄市三民區明誠一路４９２號,(07)3107072,83,134,2020/02/13 16:37:09
5907320339,河堤健保藥局,高雄市三民區裕誠路１０７號１樓,(07)3108281,24,110,2020/02/13 16:37:09
5907320375,聖一健保藥局,高雄市三民區鼎山街３６３號,(07)3959300,2,104,2020/02/13 16:37:09
5907320400,康圓藥局,高雄市三民區大豐二路３５９、３６１號１樓,(07)3909978,14,112,2020/02/13 16:37:09
5907320419,大林藥局,高雄市三民區大昌一路１７０－１號,(07)3833593,224,254,2020/02/13 16:37:09
5907320428,東京藥局,高雄市三民區建工路６８５號,(07)3874567,0,178,2020/02/13 16:37:09
5907320437,金鼎大藥局,高雄市三民區鼎力路３７６及３７８號１樓,(07)3473271,0,38,2020/02/13 16:37:09
5907320464,建元健保藥局,高雄市三民區興昌街８３巷９號,(07)3927865,108,202,2020/02/13 16:37:09
5907320535,康誠藥局,高雄市三民區建工路６１６號,(07)3893889,87,210,2020/02/13 16:37:09
5907320553,三民明誠藥局,高雄市三民區明誠一路５００號１、２Ｆ５０２號,(07)3493137,86,178,2020/02/13 16:37:09
5907320562,康威藥局,高雄市三民區九如二路３０１號,(07)3223189,0,182,2020/02/13 16:37:09
5907320571,德安藥局,高雄市三民區陽明路８３號,(07)3970323,46,166,2020/02/13 16:37:09
5907320580,丸之內藥局,高雄市三民區十全二路３２１、３２３號,(07)3156688,0,130,2020/02/13 16:37:09
5907320633,勁康健保藥局,高雄市三民區義華路４０２號１樓,(07)3966716,38,114,2020/02/13 16:37:09
5907320651,未來照護藥局,高雄市三民區鼎瑞街１０８號１樓,(07)3105356,0,68,2020/02/13 16:37:09
5907320679,安安藥局,高雄市三民區鼎和街３２號１樓,(07)3420010,72,190,2020/02/13 16:37:09
5907320688,惠川藥局,高雄市三民區文安南街７８號,(07)7806618,276,228,2020/02/13 16:37:09
5907320697,鄰好藥師藥局,高雄市三民區褒揚街２８７號,(07)3909589,22,128,2020/02/13 16:37:09
5907320704,建工台安藥局,高雄市三民區建工路４９９號之１,(07)3807521,77,187,2020/02/13 16:37:09
5907320722,晶晶藥局,高雄市三民區十全一路２２３號１樓,(07)3222507,196,202,2020/02/13 16:37:09
5907320740,忠仁藥局,高雄市三民區中都街３５號１樓,(07)3125305,6,154,2020/02/13 16:37:09
5907320768,心樂保健藥局,高雄市三民區光裕路７８號１樓,(07)3855377,2,196,2020/02/13 16:37:09
5907320777,桉家藥師藥局,高雄市三民區明誠一路３９３號,(07)3929732,80,188,2020/02/13 16:37:09
5907320795,建工藥局,高雄市三民區建工路３９６號１樓,(07)3839900,0,126,2020/02/13 16:37:09
5907320802,欣盛藥局,高雄市三民區平等路１０１號１樓,(07)3851377,24,88,2020/02/13 16:37:09
5907320811,力生藥局,高雄市三民區鼎中路１６８號１樓,(07)3105231,172,140,2020/02/13 16:37:09
5907320848,仕康健保藥妝藥局,高雄市三民區建興路２２２號,(07)3845050,19,88,2020/02/13 16:37:09
5907320857,陽明上鼎藥師健保藥局,高雄市三民區陽明路１０１號１樓,(07)3962358,244,258,2020/02/13 16:37:09
5907320866,意朋建興藥局,高雄市三民區建興路２２５號１樓,(07)3929507,2,110,2020/02/13 16:37:09
5907320875,耀美麗藥局,高雄市三民區中華三路２８３號,(07)2153885,12,192,2020/02/13 16:37:09
5907320884,自由藥局,高雄市三民區自由一路７８號,(07)3223113,32,232,2020/02/13 16:37:09
5907320893,大樹天祥藥局,高雄市三民區天祥一路１６７號,(07)3429902,238,168,2020/02/13 16:37:09
5907320900,大昌藥局,高雄市三民區大昌二路３９７號,(07)3961396,6,156,2020/02/13 16:37:09
5907320919,心寬福藥局,高雄市三民區大順二路７１８號一樓,(07)3832366,144,208,2020/02/13 16:37:09
5907320928,高杏健保藥局,高雄市三民區義華路４３２號,(07)3819918,16,118,2020/02/13 16:37:09
5907320946,熊安心藥局,高雄市三民區黃興路５３號,(07)3815212,4,28,2020/02/13 16:37:09
5907320955,禾藥局,高雄市三民區博愛一路２２３－１號１樓,(07)3225777,2,92,2020/02/13 16:37:09
5907320964,森心藥局,高雄市三民區自強一路２１６號１樓,(07)2818580,124,220,2020/02/13 16:37:09
5907330031,健美藥局,高雄市新興區復興一路４０之４號,(07)2291108,0,42,2020/02/13 16:37:09
5907330040,維康藥局,高雄市新興區中正三路６５號,(07)2615396,0,160,2020/02/13 16:37:09
5907330095,林森合豐藥局,高雄市新興區林森一路３７號,(07)2823313,18,180,2020/02/13 16:37:09
5907330120,七賢台安藥局,高雄市新興區七賢二路７號１樓,(07)2855159,0,214,2020/02/13 16:37:09
5907330139,新興復興藥局,高雄市新興區復興一路７６號１樓,(07)2352550,0,117,2020/02/13 16:37:09
5907330148,康園藥局,高雄市新興區六合一路５３－１２號,(07)2372069,0,54,2020/02/13 16:37:09
5907330166,中正台安藥局,高雄市新興區中山一路１８３號一樓,(07)2856336,1,216,2020/02/13 16:37:09
5907340019,台灣社區照護藥局,高雄市前金區中山二路５３３號７樓之１,(07)2211350,138,250,2020/02/13 16:37:09
5907340046,銘益藥局,高雄市前金區七賢二路２０８、２１０號１樓,(07)2853107,5,118,2020/02/13 16:37:09
5907340091,捷康藥妝藥局,高雄市前金區七賢二路３９６號一樓,(07)2166099,0,147,2020/02/13 16:37:09
5907350015,祐安藥局,高雄市苓雅區英明路１４４號,(07)7135577,0,130,2020/02/13 16:37:09
5907350079,吉康藥局,高雄市苓雅區大順三路６５號,(07)2259930,100,227,2020/02/13 16:37:09
5907350113,英祥藥局,高雄市苓雅區英祥街１９號,(07)7522786,0,134,2020/02/13 16:37:09
5907350177,佳康藥局,高雄市苓雅區建國一路３３４號,(07)2266685,52,196,2020/02/13 16:37:09
5907350186,中美藥局,高雄市苓雅區武廟路９８號,(07)7151149,0,110,2020/02/13 16:37:09
5907350195,健順藥局,高雄市苓雅區自強三路１４０號,(07)2695832,0,72,2020/02/13 16:37:09
5907350220,仁愛藥師藥局,高雄市苓雅區中正一路２３０號,(07)7222300,0,148,2020/02/13 16:37:09
5907350239,鑫宜康健保藥局,高雄市苓雅區自強三路８號、１０號,(07)2693239,0,192,2020/02/13 16:37:09
5907350266,人和藥局,高雄市苓雅區正義路１８０－６號,(07)7490883,2,54,2020/02/13 16:37:09
5907350293,瓏耀藥局,高雄市苓雅區憲政路７６號,(07)7115288,0,262,2020/02/13 16:37:09
5907350300,辰安藥局,高雄市苓雅區青年一路１８５－２號,(07)5365545,2,202,2020/02/13 16:37:09
5907350319,御康藥局,高雄市苓雅區光華一路３５號,(07)3313535,0,30,2020/02/13 16:37:09
5907350328,安杏藥局,高雄市苓雅區四維二路９４－１７號,(07)7511739,98,160,2020/02/13 16:37:09
5907350346,武廟幸福藥局,高雄市苓雅區武廟路３５號,(07)7170085,4,110,2020/02/13 16:37:09
5907350364,興中好藥局,高雄市苓雅區興中二路４１號１樓,(07)3353899,0,208,2020/02/13 16:37:09
5907350417,高杏藥局,高雄市苓雅區大順三路４４號,(07)7277802,106,260,2020/02/13 16:37:09
5907350435,健安藥局,高雄市苓雅區建軍路４號,(07)7405332,22,122,2020/02/13 16:37:09
5907350480,健森藥局,高雄市苓雅區林森二路１３８號１、２樓,(07)3365169,244,264,2020/02/13 16:37:09
5907350499,鑫美健保特約藥局,高雄市苓雅區光華一路１４８－５８號１樓,(07)7715088,0,126,2020/02/13 16:37:09
5907350506,大樹苓雅藥局,高雄市苓雅區中華四路１５３號,(07)5353111,0,200,2020/02/13 16:37:09
5907350533,健群藥局,高雄市苓雅區安業路４０號,(07)7150097,20,172,2020/02/13 16:37:09
5907350551,大樹武廟藥局,高雄市苓雅區武廟路４３、４５號１樓,(07)7222268,0,112,2020/02/13 16:37:09
5907350560,成功合豐藥局,高雄市苓雅區成功一路１７０號１樓,(07)2695657,0,36,2020/02/13 16:37:09
5907360048,仙光藥局,高雄市前鎮區瑞隆路３９３號,(07)7253131,0,64,2020/02/13 16:37:09
5907360137,安康藥師藥局,高雄市前鎮區長江街６８號,(07)3309944,2,142,2020/02/13 16:37:09
5907360146,好芳鄰藥局,高雄市前鎮區光華二路２５７號,(07)3318657,3,111,2020/02/13 16:37:09
5907360191,欣欣藥局,高雄市前鎮區翠亨北路５７９號,(07)8124862,31,168,2020/02/13 16:37:09
5907360226,順康健保藥局,高雄市前鎮區一心二路６７號,(07)5364438,0,76,2020/02/13 16:37:09
5907360324,有承中西藥局,高雄市前鎮區德昌路２５７號１樓,(07)8120880,6,82,2020/02/13 16:37:09
5907360333,蓮荷藥局,高雄市前鎮區三多二路４３１號１樓,(07)5377534,68,152,2020/02/13 16:37:09
5907360351,佳豐藥局,高雄市前鎮區光華三路２６７號,(07)5367833,70,128,2020/02/13 16:37:09
5907360360,親親藥局,高雄市前鎮區天山路１０巷６號,(07)3391078,0,128,2020/02/13 16:37:09
5907360379,金服安藥局,高雄市前鎮區鎮興路２０２號,(07)8150061,1,110,2020/02/13 16:37:09
5907360388,宏安藥局,高雄市前鎮區瑞隆路２４０號１樓,(07)7270100,34,124,2020/02/13 16:37:09
5907360413,益源藥局,高雄市前鎮區草衙二路４１８號,(07)8412120,0,60,2020/02/13 16:37:09
5907360431,佛公健保藥局,高雄市前鎮區后平路２０２號１樓,(07)8317755,0,78,2020/02/13 16:37:09
5907360440,隆德藥局,高雄市前鎮區前鎮街１７０號１樓,(07)8216030,0,102,2020/02/13 16:37:09
5907360459,聯合藥局,高雄市前鎮區一心一路２８１號１樓,(07)3391535,0,178,2020/02/13 16:37:09
5907360520,大樹瑞福藥局,高雄市前鎮區瑞隆路１７０號１樓、２樓,(07)7271170,0,144,2020/02/13 16:37:09
5907360548,芳鄰藥局,高雄市前鎮區中華五路９９３號１樓,(07)5361134,174,206,2020/02/13 16:37:09
5907360566,祥安健保藥局,高雄市前鎮區復興三路３９３號１樓,(07)3340393,45,205,2020/02/13 16:37:09
5907360575,鈞愉健保藥局,高雄市前鎮區鄭和南路４１８號,(07)5360421,0,86,2020/02/13 16:37:09
5907360584,聖名健保藥局,高雄市前鎮區復興三路２４６號１樓,(07)3319431,42,185,2020/02/13 16:37:09
5907360600,桂林活力藥師藥局草衙店,高雄市前鎮區草衙二路３６０號,(07)8131819,8,32,2020/02/13 16:37:09
5907360619,前鎮大樹藥局,高雄市前鎮區瑞隆路４７２號１樓,(07)7137171,0,90,2020/02/13 16:37:09
5907370053,瑞康藥師藥局,高雄市旗津區中洲三路５９７號,(07)5718985,0,68,2020/02/13 16:37:09
5907370062,歐德藥局,高雄市旗津區旗津三路９６２巷８號１樓,(07)5711868,2,222,2020/02/13 16:37:09
5907380040,二苓仙光藥局,高雄市小港區漢民路２６０號,(07)8069060,0,80,2020/02/13 16:37:09
5907380059,百鴻中西大藥局,高雄市小港區康莊路１１５號,(07)8024141,0,42,2020/02/13 16:37:09
5907380077,品誼藥局,高雄市小港區平和路２２號１樓,(07)8219527,1,42,2020/02/13 16:37:09
5907380175,新朋友藥師藥局小港店,高雄市小港區漢民路２５４號,(07)8065361,98,132,2020/02/13 16:37:09
5907380184,桂林活力藥師藥局孔鳳店,高雄市小港區孔鳳路５６１號１樓,(07)7912331,0,34,2020/02/13 16:37:09
5907380255,安安藥師藥局,高雄市小港區孔鳳路５６５號１樓,(07)7915933,0,54,2020/02/13 16:37:09
5907380264,大樹孔鳳藥局,高雄市小港區孔鳳路５１９、５２１號,(07)7918521,0,30,2020/02/13 16:37:09
5907380291,富康活力藥局小港店,高雄市小港區二苓路２０４號１樓,(07)8020333,0,96,2020/02/13 16:37:09
5907380317,朋盛藥局,高雄市小港區大鵬路１４２號,(07)8017288,2,34,2020/02/13 16:37:09
5907380326,小康藥局,高雄市小港區漢民路３３３號,(07)8069122,0,80,2020/02/13 16:37:09
5907380344,大樹小港藥局,高雄市小港區康莊路７５號１樓,(07)8068328,0,32,2020/02/13 16:37:09
5911010015,喬寶藥局,基隆市中正區義二路６６號１樓,(02)24202827,14,134,2020/02/13 16:37:09
5911010097,俊德藥局,基隆市中正區中船路２０號１樓,(02)24281398,0,82,2020/02/13 16:37:09
5911011227,和平大藥局,基隆市中正區中正路７５０號,(02)24628151,0,101,2020/02/13 16:37:09
5911011290,家康大藥局,基隆市中正區義一路７２號１樓,(02)24212412,0,125,2020/02/13 16:37:09
5911011325,永好藥局,基隆市中正區北寧路３１５號１樓,(02)24697639,0,292,2020/02/13 16:37:09
5911011334,海大藥局,基隆市中正區新豐街２５５號１樓,(02)24699222,0,88,2020/02/13 16:37:09
5911011370,艾美藥局,基隆市中正區義二路６５－１號１樓,(02)24282609,0,268,2020/02/13 16:37:09
5911011450,文裕藥局,基隆市中正區八斗街１０號,(02)24691239,0,120,2020/02/13 16:37:09
5911011469,維元社區藥局,基隆市中正區新豐街４４８號,(02)24601388,0,126,2020/02/13 16:37:09
5911011478,天康新豐藥局,基隆市中正區新豐街２５１巷４弄９號１樓,(02)24695168,20,142,2020/02/13 16:37:09
5911011496,源昌藥局,基隆市中正區北寧路384號1樓,(02)24691686,0,102,2020/02/13 16:37:09
5911011512,八斗子東亞藥局,基隆市中正區北寧路３７８號,(02)24698829,0,135,2020/02/13 16:37:09
5911011521,禎宸藥局,基隆市中正區中正路１７５號１樓,(02)24620366,140,208,2020/02/13 16:37:09
5911011530,吉上藥局,基隆市中正區中正路８１４號１樓,(02)24627799,0,214,2020/02/13 16:37:09
5911011576,百福義一藥師藥局,基隆市中正區義一路４８號１樓,(02)24268288,0,110,2020/02/13 16:37:09
5911011585,雙鶴藥局,基隆市中正區義一路３５號１樓,(02)24263193,12,114,2020/02/13 16:37:09
5911011594,禾新藥局,基隆市中正區新豐街２０５巷７號,(02)24698940,12,148,2020/02/13 16:37:09
5911011601,義一啄木鳥藥局,基隆市中正區義一路１１１號１、２樓,(02)24271456,0,65,2020/02/13 16:37:09
5911011610,躍獅大藥局,基隆市中正區義二路３５號,(02)24286960,0,82,2020/02/13 16:37:09
5911020039,民安藥局,基隆市七堵區百五街４號,(02)24514938,0,76,2020/02/13 16:37:09
5911021170,康蘋藥局,基隆市七堵區開元路５９－２號２樓,(02)24558150,0,180,2020/02/13 16:37:09
5911021214,合康藥局,基隆市七堵區開元路８５號１樓,(02)24555173,0,86,2020/02/13 16:37:09
5911021287,正明藥局,基隆市七堵區南興路１０號１樓,(02)24563378,0,98,2020/02/13 16:37:09
5911021330,鴻辰藥局,基隆市七堵區百三街４２號,(02)24514485,11,83,2020/02/13 16:37:09
5911021385,長樂藥局,基隆市七堵區明德一路１５４號,(02)24554488,0,14,2020/02/13 16:37:09
5911021394,百福專業藥師藥局,基隆市七堵區自治街１３號１樓,(02)24556688,0,36,2020/02/13 16:37:09
5911021401,福恬藥局,基隆市七堵區福二街１５１號１樓,(02)24527766,6,112,2020/02/13 16:37:09
5911021429,雅登藥局,基隆市七堵區福二街２００號１樓,(02)24513213,10,36,2020/02/13 16:37:09
5911030026,欣華藥局,基隆市暖暖區源遠路１９７號,(02)24576741,0,104,2020/02/13 16:37:09
5911030035,陸記藥局,基隆市暖暖區源遠路２４１號,(02)24576712,1,76,2020/02/13 16:37:09
5911030053,杏福藥局,基隆市暖暖區暖暖街１７８號,(02)24572427,44,146,2020/02/13 16:37:09
5911031096,東方藥局,基隆市暖暖區暖暖街１５３號１樓,(02)24574171,10,130,2020/02/13 16:37:09
5911031158,柏林藥局,基隆市暖暖區暖暖街２４６巷１６９號１樓,(02)24592277,0,88,2020/02/13 16:37:09
5911031176,家宏藥局,基隆市暖暖區源遠路２８１之２號１樓,(02)24595982,25,136,2020/02/13 16:37:09
5911031238,碇內東亞藥師藥局,基隆市暖暖區源遠路３１９號１樓,(02)24590033,2,168,2020/02/13 16:37:09
5911031274,宏展藥局,基隆市暖暖區源遠路２７９號,(02)24593311,0,100,2020/02/13 16:37:09
5911031283,福安藥局,基隆市暖暖區暖暖街５５２號,(02)24588550,0,46,2020/02/13 16:37:09
5911031292,百福暖暖專業藥局,基隆市暖暖區暖暖街１８９號１樓,(02)24596999,26,72,2020/02/13 16:37:09
5911040175,回春藥局,基隆市仁愛區仁五路４３號,(02)24224728,5,276,2020/02/13 16:37:09
5911040200,環宇藥局,基隆市仁愛區忠三路２０號,(02)24225071,0,228,2020/02/13 16:37:09
5911040228,大田大藥局,基隆市仁愛區仁二路５號,(02)24258762,0,56,2020/02/13 16:37:09
5911040273,第一藥局,基隆市仁愛區愛三路１２０號３樓,(02)24292288,0,210,2020/02/13 16:37:09
5911041305,婕登藥局,基隆市仁愛區愛三路５３號１、２樓,(02)24222582,0,80,2020/02/13 16:37:09
5911041332,光華藥局,基隆市仁愛區成功一路１２９號１樓,(02)24338703,198,134,2020/02/13 16:37:09
5911041350,何房藥局,基隆市仁愛區忠三路８１號,(02)24222978,36,226,2020/02/13 16:37:09
5911041387,順安藥局,基隆市仁愛區仁二路７２號,(02)24213381,19,118,2020/02/13 16:37:09
5911041403,佑昌藥局,基隆市仁愛區南榮路１７號,(02)24293309,0,142,2020/02/13 16:37:09
5911041510,聯安藥局,基隆市仁愛區仁二路２５１號２樓,(02)24288809,0,200,2020/02/13 16:37:09
5911041618,永樂藥局,基隆市仁愛區忠二路２２號,(02)24214878,0,163,2020/02/13 16:37:09
5911041690,佑聖藥局,基隆市仁愛區仁二路１８８號,(02)24201762,2,142,2020/02/13 16:37:09
5911041743,全昱藥局,基隆市仁愛區仁二路１１３號,(02)24241522,1,110,2020/02/13 16:37:09
5911041805,長安藥師藥局,基隆市仁愛區劉銘傳路１０號,(02)24223826,6,76,2020/02/13 16:37:09
5911041823,威陽藥局,基隆市仁愛區孝二路６８號１樓,(02)24255646,0,158,2020/02/13 16:37:09
5911041832,東京藥局,基隆市仁愛區仁四路１５號１樓,(02)24214138,0,108,2020/02/13 16:37:09
5911041878,天康大藥局,基隆市仁愛區南榮路１４９號,(02)77091122,20,86,2020/02/13 16:37:09
5911041903,長虹藥師藥局,基隆市仁愛區仁三路８８號１樓,(02)24261318,0,132,2020/02/13 16:37:09
5911041921,祥新藥局,基隆市仁愛區忠一路２０號１樓,(02)24265551,0,124,2020/02/13 16:37:09
5911041930,好快樂藥局,基隆市仁愛區仁一路１７９號２樓,(02)24254633,5,253,2020/02/13 16:37:09
5911041949,捷登藥局,基隆市仁愛區孝三路９２號１樓,(02)24237888,38,160,2020/02/13 16:37:09
5911041958,百福仁愛專業藥局,基隆市仁愛區仁四路５０號１樓,(02)24266699,20,160,2020/02/13 16:37:09
5911041967,東隆藥局,基隆市仁愛區仁二路１０５號２樓,(02)24260727,125,129,2020/02/13 16:37:09
5911050064,日星藥局,基隆市中山區安一路２５號,(02)24222090,6,160,2020/02/13 16:37:09
5911050073,中山藥局,基隆市中山區中山二路４５號,(02)24269996,1,188,2020/02/13 16:37:09
5911050153,隆泰藥局,基隆市中山區西定路１２號,(02)24225889,0,104,2020/02/13 16:37:09
5911050162,錦泰藥局,基隆市中山區中山二路４３號,(02)24228523,188,182,2020/02/13 16:37:09
5911051258,聖鑫藥局,基隆市中山區復興路１２３號,(02)24378911,0,186,2020/02/13 16:37:09
5911051267,親親藥局,基隆市中山區復興路１８１號,(02)24378323,1,144,2020/02/13 16:37:09
5911051365,大慶大藥局,基隆市中山區中和路１６８巷３弄２０號,(02)24378640,0,16,2020/02/13 16:37:09
5911051392,寶慷藥局,基隆市中山區復興路１９１號１樓,(02)24362338,0,1,2020/02/13 16:37:09
5911051409,順豐藥局,基隆市中山區中華路４號,(02)24369176,9,222,2020/02/13 16:37:09
5911051463,宏海藥局,基隆市中山區復興路１４４號,(02)24373933,0,104,2020/02/13 16:37:09
5911051472,外木山藥局,基隆市中山區復興路３２８之５號,(02)24373636,0,132,2020/02/13 16:37:09
5911051481,仁登藥局,基隆市中山區復興路１２２號,(02)24375789,2,69,2020/02/13 16:37:09
5911051490,大哈密藥局,基隆市中山區中山二路５號,(02)24285368,0,269,2020/02/13 16:37:09
5911051507,百福安一藥局,基隆市中山區安一路８１號,(02)24258068,2,112,2020/02/13 16:37:09
5911060015,福泰藥局,基隆市安樂區麥金路４３３號,(02)24311631,200,118,2020/02/13 16:37:09
5911060051,濟生藥局,基隆市安樂區基金三路８２－２號,(02)24310884,0,6,2020/02/13 16:37:09
5911060079,祐寧藥局,基隆市安樂區樂利三街１０２號,(02)24321718,10,96,2020/02/13 16:37:09
5911060088,宏仁藥局,基隆市安樂區安樂路２段１３０號,(02)24321739,0,72,2020/02/13 16:37:09
5911060131,長春藥局,基隆市安樂區基金一路１７４號之２０,(02)24344550,0,4,2020/02/13 16:37:09
5911061156,青樺藥局,基隆市安樂區安樂路２段１７７號,(02)24325410,200,147,2020/02/13 16:37:09
5911061236,康美藥局,基隆市安樂區基金一路１３５巷４６號１樓,(02)34012988,0,127,2020/02/13 16:37:09
5911061272,立登藥局,基隆市安樂區麥金路１９７號１樓,(02)24334477,0,42,2020/02/13 16:37:09
5911061281,羅森堡藥局,基隆市安樂區安和一街２巷２２號,(02)24319869,0,34,2020/02/13 16:37:09
5911061307,宏基藥局,基隆市安樂區武嶺街６４號１樓,(02)24319498,16,140,2020/02/13 16:37:09
5911061316,高登藥局,基隆市安樂區基金一路１７４－４號１樓,(02)34010598,24,114,2020/02/13 16:37:09
5911061334,大武崙藥局,基隆市安樂區基金一路１３１之１８號,(02)24343377,1,122,2020/02/13 16:37:09
5911061343,基金藥局,基隆市安樂區基金一路１３３－６號１樓,(02)24332953,2,22,2020/02/13 16:37:09
5911070011,信安藥局,基隆市信義區信二路９９號,(02)24238551,32,170,2020/02/13 16:37:09
5911071170,永霖藥局,基隆市信義區東信路６７號,(02)24680858,0,232,2020/02/13 16:37:09
5911071376,祐康藥局,基隆市信義區信一路１１５號１樓,(02)24279521,0,162,2020/02/13 16:37:09
5911071447,家安藥師藥局,基隆市信義區信二路２５７、２５９號１樓,(02)24223917,0,99,2020/02/13 16:37:09
5911071456,深美藥局,基隆市信義區深澳坑路１－５８號,(02)24685728,0,96,2020/02/13 16:37:09
5911071483,蘋果藥局,基隆市信義區東明路９７號,(02)24685158,2,42,2020/02/13 16:37:09
5911071536,小不點健保藥局,基隆市信義區深溪路１２６號１樓,(02)24683985,20,117,2020/02/13 16:37:09
5911071572,元登藥局,基隆市信義區深溪路１４９號,(02)24663826,4,0,2020/02/13 16:37:09
5911071581,心禾藥局,基隆市信義區信二路２８１號１樓,(02)24272274,56,283,2020/02/13 16:37:09
5911071590,基隆藥局,基隆市信義區東信路１６６、１６８號１、２樓,(02)24680955,2,138,2020/02/13 16:37:09
5912010046,中美藥局,新竹市東區南大里西大路一ｏ二巷三號一樓,(03)5283828,0,8,2020/02/13 16:37:09
5912010206,康寧藥局,新竹市親仁里東大路１段１７９號,(03)5321797,80,38,2020/02/13 16:37:09
5912010215,李藥局,新竹市新莊里長春街３７號,(03)5779177,16,4,2020/02/13 16:37:09
5912010224,信芳藥局,新竹市科園里科學園路１３３號,(035)780595,12,42,2020/02/13 16:37:09
5912010313,金松大藥局,新竹市東立功里光復路二段３１０號,(03)5719019,0,38,2020/02/13 16:37:09
5912010322,南門藥局,新竹市東區關帝里南門街８２號,(03)5222665,0,168,2020/02/13 16:37:09
5912010528,華安中西藥局,新竹市東區振興里南大路６４８號一樓,(03)5610088,1,18,2020/02/13 16:37:09
5912010724,倫洋藥局,新竹市東區建中路３８號１樓,(03)5749482,0,4,2020/02/13 16:37:09
5912010779,誠真藥局,新竹市東區中正里中正路５７號２樓,(03)5278233,0,232,2020/02/13 16:37:09
5912011865,長青藥師藥局,新竹市東區民生路１４５號,(03)5439673,2,10,2020/02/13 16:37:09
5912012022,長明藥局,新竹市東區復中里中央路１７２號２樓,(03)5320541,0,104,2020/02/13 16:37:09
5912012077,安禾藥局,新竹市東區立功里光復路二段３００號,(03)5719433,0,90,2020/02/13 16:37:09
5912012120,仁美藥局,新竹市東區振興里振興路５２號,(03)5625398,182,80,2020/02/13 16:37:09
5912012139,康博中西藥局,新竹市東區明湖里明湖路四四六之四號,(03)5191010,0,4,2020/02/13 16:37:09
5912012148,新竹實和藥局,新竹市東區中正里中山路２７號,(03)5227636,0,194,2020/02/13 16:37:09
5912012157,東海藥局,新竹市東區光復路一段２１３號１樓,(03)5772831,3,0,2020/02/13 16:37:09
5912012291,中央藥局,新竹市東區中央路１９７號,(03)5425657,0,84,2020/02/13 16:37:09
5912012308,康元藥局,新竹市東區建功一路５９巷１０號,(03)5749282,0,47,2020/02/13 16:37:09
5912012353,康田大藥局,新竹市東區金山街１０２號１樓,(03)5638217,0,67,2020/02/13 16:37:09
5912012406,淯祐藥局,新竹市東區北大路６６號之１,(03)5350083,0,49,2020/02/13 16:37:09
5912012433,安安大藥局,新竹市東區金山里光復路一段１６３巷２號,(03)5772655,0,40,2020/02/13 16:37:09
5912012479,東禾藥局,新竹市東區東門街９０之１號,(03)5242772,2,136,2020/02/13 16:37:09
5912012620,新康藥局,新竹市東區林森路１８８號,(03)5256938,0,18,2020/02/13 16:37:09
5912012666,國豐大藥局,新竹市東區光復路一段３６２－１８號,(03)5779960,0,6,2020/02/13 16:37:09
5912012737,婷婷藥局,新竹市東區明湖路965號,(03)5290999,198,68,2020/02/13 16:37:09
5912012746,安康藥局,新竹市東區民族路１１２號,(03)5437048,1,102,2020/02/13 16:37:09
5912012764,佳佳藥局,新竹市東區中華路二段704號2樓,(03)5239856,0,154,2020/02/13 16:37:09
5912012773,博弘藥局,新竹市東區南大路３８７號,(03)5619470,15,35,2020/02/13 16:37:09
5912012844,博正藥局,新竹市東區民族路８４號,(03)5436280,14,116,2020/02/13 16:37:09
5912012924,金佑信藥局,新竹市東區光復路一段１７６號,(03)6663185,0,2,2020/02/13 16:37:09
5912012933,新芳鄰藥局,新竹市東區南大路４０２號,(03)5622183,2,38,2020/02/13 16:37:09
5912012942,澄清藥局,新竹市東區西大路３７４號１樓,(03)5246942,0,86,2020/02/13 16:37:09
5912012979,哈佛藥局,新竹市東區北大路７２－１號,(03)5326777,16,42,2020/02/13 16:37:09
5912012988,杏康健保特約藥局,新竹市東區光復路一段５２５巷２３號１樓,(03)5772966,4,1,2020/02/13 16:37:09
5912013083,健康小熊藥局,新竹市東區西大路１４２號２樓,(03)5622958,4,70,2020/02/13 16:37:09
5912013092,千仟藥局,新竹市東區新光路４８號,(03)5733315,0,72,2020/02/13 16:37:09
5912013154,永安調劑藥局,新竹市東區光復路一段５９５號２樓,(03)5641461,60,66,2020/02/13 16:37:09
5912013163,孟德爾頌藥局,新竹市東區東大路一段１１８號１樓,(03)5357177,0,16,2020/02/13 16:37:09
5912013181,得安專業藥師藥局,新竹市東區中華路二段６５２號,(03)5283038,0,48,2020/02/13 16:37:09
5912013216,宏禎藥局,新竹市東區建新路４０號１樓,(03)5750238,0,8,2020/02/13 16:37:09
5912013234,城佑藥局,新竹市東區建中路５９之１號,(03)5748862,0,46,2020/02/13 16:37:09
5912013243,合康連鎖藥局光復店,新竹市東區光復路１段３７８號,(03)5670111,0,12,2020/02/13 16:37:09
5912013252,全民好藥局,新竹市東區光復路一段５４４巷３６號１樓,(03)5794698,0,10,2020/02/13 16:37:09
5912013261,禾心藥局,新竹市東區民生路２３１號１樓,(03)5332403,0,14,2020/02/13 16:37:09
5912013305,合康連鎖藥局,新竹市東區中華路２段２２２號,(03)5321636,0,44,2020/02/13 16:37:09
5912013341,康健藥局,新竹市東區中央路１２８－１號,(03)5359789,0,28,2020/02/13 16:37:09
5912013350,芮成藥局,新竹市東區北大路９２巷５９號１樓,(03)5320622,0,134,2020/02/13 16:37:09
5912013378,關東藥局,新竹市東區光復路１段３３２、３３４號１樓,(03)5777077,14,16,2020/02/13 16:37:09
5912013387,禾安藥局,新竹市東區龍山東路１號２樓,(03)6662782,1,1,2020/02/13 16:37:09
5912013396,小樹藥局,新竹市東區慈濟路３號（３樓）,(03)5670099,1,19,2020/02/13 16:37:09
5912013412,牛津藥局,新竹市東區民族路６２號１樓,(03)5320780,8,69,2020/02/13 16:37:09
5912013421,上允藥局,新竹市東區光復路１段３６０之１７號１樓,(03)6687664,0,44,2020/02/13 16:37:09
5912040035,永盛藥局,新竹市金華里光華二街６號,(035)325352,4,78,2020/02/13 16:37:09
5912040080,劉藥局,新竹市育英里四維路５１號,(03)5247658,4,40,2020/02/13 16:37:09
5912040106,永富大藥局,新竹市中山里北門街１８號,(035)234856,0,42,2020/02/13 16:37:09
5912040188,健和藥局,新竹市大同里大同路１７８號,(03)5231734,0,94,2020/02/13 16:37:09
5912040197,芳鄰藥局,新竹市光田里水田街１５７號,(03)5314948,0,2,2020/02/13 16:37:09
5912040222,保健藥局,新竹市中山路１５３號１樓,(03)5242088,0,42,2020/02/13 16:37:09
5912040473,台大藥局,新竹市北區西大路６１８號一樓,(03)5282932,0,64,2020/02/13 16:37:09
5912040491,全禾藥局,新竹市北區潛園里集和街２５號,(03)5249173,2,118,2020/02/13 16:37:09
5912040553,新廣德中西藥局,新竹市民富里延平路１段１６６號,(03)5225386,9,0,2020/02/13 16:37:09
5912041685,德育藥局,新竹市北區北大路２６４號,(03)5277114,2,62,2020/02/13 16:37:09
5912041738,健康藥局,新竹市北區延平路一段１６７號,(03)5264697,30,34,2020/02/13 16:37:09
5912041827,正大藥局,新竹市北區中正路三九○號,(03)5356056,0,54,2020/02/13 16:37:09
5912041881,廣元藥局,新竹市北區東大路二段１８０號,(03)5317004,1,89,2020/02/13 16:37:09
5912041952,台安藥局,新竹市北區北大路４６４號,(03)5235953,14,36,2020/02/13 16:37:09
5912042066,佑健藥局,新竹市北區經國路二段５３１號１樓,(03)5230356,0,40,2020/02/13 16:37:09
5912042098,欣欣藥局,新竹巿北區西大路736巷1號,(03)5351205,48,24,2020/02/13 16:37:09
5912042155,長福藥局,新竹市北區經國路2段485號,(03)5243681,7,88,2020/02/13 16:37:09
5912042173,保安藥局,新竹市北區西大路617號,(03)5258636,0,2,2020/02/13 16:37:09
5912042217,康立藥局,新竹市北區水田街１６２號,(03)5457591,0,18,2020/02/13 16:37:09
5912042351,健霖藥局,新竹市北區中山路２７５號２樓,(03)5250389,0,154,2020/02/13 16:37:09
5912042422,幼能健保藥局,新竹市北區竹光路１０８號１樓,(03)5339750,0,20,2020/02/13 16:37:09
5912042459,閎安專業藥局,新竹市北區延平路三段６８７號１樓,(03)5368675,0,54,2020/02/13 16:37:09
5912042637,中福藥局,新竹市北區中福路８３號,(03)5366996,0,1,2020/02/13 16:37:09
5912042664,永沛藥局,新竹市北區湳雅街２０９號,(03)5328563,0,52,2020/02/13 16:37:09
5912042673,仁佑藥局,新竹市北區南寮里西濱路１段５００號,(03)5363818,0,42,2020/02/13 16:37:09
5912042691,合康連鎖藥局林森店,新竹市北區林森路２３０號１樓,(03)5242888,0,4,2020/02/13 16:37:09
5912042708,悅橙藥局,新竹市北區延平路１段１６１巷４３號１樓,(03)5250805,0,22,2020/02/13 16:37:09
5912042717,好鄰居健保藥局,新竹市北區西門街１２３號（１樓）,(03)5400538,0,4,2020/02/13 16:37:09
5912042726,仁星藥局,新竹市北區西大路８５６號（１樓）,(03)5313278,10,28,2020/02/13 16:37:09
5912042735,新竹北門藥局,新竹市北區中正路３６０、３６２號（１樓）,(03)5333234,3,87,2020/02/13 16:37:09
5912042744,立新藥師藥局,新竹市北區延平路１段２４５號１樓,(03)5228968,1,43,2020/02/13 16:37:09
5912042762,大樹新竹藥局,新竹市北區西大路５４０、５４２號１、２樓,(03)5250388,10,68,2020/02/13 16:37:09
5912050040,速安藥局,新竹市中華路６段６７６號,(035)371557,0,36,2020/02/13 16:37:09
5912051092,新祥發大藥局,新竹市香山區香山里１鄰中華路五段４２號,(03)5381552,0,45,2020/02/13 16:37:09
5912051216,健安藥局,新竹市香山區內湖路六十號,(03)5370111,0,23,2020/02/13 16:37:09
5912051350,高晟藥師藥局,新竹市香山區大庄路59號,(03)5306645,0,20,2020/02/13 16:37:09
5912051396,健佑藥局,新竹市香山區大庄路４５巷６號,(03)5306555,0,22,2020/02/13 16:37:09
5912051412,元培藥局,新竹市香山區元培街３０６號光曜樓１、２樓,(03)5937289,0,116,2020/02/13 16:37:09
5917010046,大協藥局,台中巿中區中山路１２４號,(04)22250745,0,190,2020/02/13 16:37:09
5917010126,永大藥局,台中市中區錦上里民族路１２２號,(04)22210180,0,218,2020/02/13 16:37:09
5917010215,四川堂藥局,台中市中區中山路３４３號１樓,(04)22213081,0,205,2020/02/13 16:37:09
5917010279,中一藥局,台中市中區建國里建國路２２２號１Ｆ,(04)22235326,148,274,2020/02/13 16:37:09
5917011847,郭藥局,台中市中區平等街一二四號,(04)22200005,0,166,2020/02/13 16:37:09
5917011927,永和藥局,台中市中區繼光街１３４號,(04)22230388,180,248,2020/02/13 16:37:09
5917011934,一安堂藥局,臺中市中區臺灣大道一段２０號１樓,(04)22259616,44,288,2020/02/13 16:37:09
5917011945,正三吉藥局,臺中市中區臺灣大道一段９５號,(04)22207700,18,260,2020/02/13 16:37:09
5917020060,來安藥局,台中市東區十甲東路４８８號１樓,(04)22116977,0,92,2020/02/13 16:37:09
5917020097,泰興藥局,台中巿東區東南里十甲路１１–１號,(04)22112537,0,214,2020/02/13 16:37:09
5917020104,七星中西藥局,台中市東區東信里十甲東路４０６巷１號１樓,(04)22123014,0,84,2020/02/13 16:37:09
5917020122,周藥師藥局,台中市東區合作里力行路５５號１樓,(04)23606800,0,108,2020/02/13 16:37:09
5917020186,建中藥局,台中市東區大智路１９０號１Ｆ,(04)22813589,0,54,2020/02/13 16:37:09
5917020211,何藥局,台中巿東區東勢里精武路１８０號,(04)23604631,1,100,2020/02/13 16:37:09
5917020337,福生藥局,台中市東區福仁街138號,(04)22119106,0,150,2020/02/13 16:37:09
5917020346,許回生中西大藥局,台中市東區建成路６６６號１樓,(04)22806293,0,76,2020/02/13 16:37:09
5917020373,明大藥局,台中市東區振興路２８８號,(04)22152388,8,120,2020/02/13 16:37:09
5917020417,群益藥局,台中市東區東英八街１０６號１樓,(04)22129298,2,106,2020/02/13 16:37:09
5917021549,福倫藥局,台中市東區精武東路１９８號,(04)22139918,6,88,2020/02/13 16:37:09
5917021629,信和藥局,台中市東區進德路４１號１樓,(04)22114206,0,128,2020/02/13 16:37:09
5917021656,仁康中西藥局,台中市東區振興路４３９號１樓,(04)22151232,6,20,2020/02/13 16:37:09
5917021718,中大藥局,台中市東區十甲路５０５號,(04)22131348,6,104,2020/02/13 16:37:09
5917030066,立安藥局,台中市西區土庫里忠明南路３４８號,(04)23719125,0,118,2020/02/13 16:37:09
5917030100,裕源藥局,台中巿西區公館里南屯路一段６６–７號一樓,(04)23763133,0,88,2020/02/13 16:37:09
5917030128,太信藥局,台中市西區三民路一段９５－１號１樓,(04)23718318,0,122,2020/02/13 16:37:09
5917030146,新永富藥局,台中巿西區吉龍里美村路一段６７０號,(04)23766127,12,190,2020/02/13 16:37:09
5917030226,九和大藥局向上店,台中市西區向上路一段１９２號１樓,(04)23020148,6,142,2020/02/13 16:37:09
5917030262,明裕藥局,台中市西區向上路一段５０７號１樓,(04)24723480,0,42,2020/02/13 16:37:09
5917030271,國良藥局,臺中市西區西屯路１段２２０號,(04)22018772,0,138,2020/02/13 16:37:09
5917030280,德星藥局,台中市西區忠明里美村路一段９６號,(04)23212293,2,214,2020/02/13 16:37:09
5917030388,富永藥局,台中巿西區三民西路１６１號,(04)23714681,0,152,2020/02/13 16:37:09
5917030477,連泰藥局,台中市西區公民里林森路１３４之２號,(04)23728459,0,186,2020/02/13 16:37:09
5917030520,林西藥局,台中市西區永龍里向上路一段４６–１號,(04)23014023,8,138,2020/02/13 16:37:09
5917030600,永昇藥局,台中市西區東昇里朝陽街４５號,(04)23717280,2,154,2020/02/13 16:37:09
5917030646,華隆藥局,台中市西區樂群街６之２號,(04)22243785,0,200,2020/02/13 16:37:09
5917030726,元泉藥局,台中市西區公益里中美街２５７號,(04)23015503,0,222,2020/02/13 16:37:09
5917030842,向上中西藥局,臺中市西區向上路一段３５９號１樓,(04)24756688,0,112,2020/02/13 16:37:09
5917030860,振聲藥局,台中市西區公正里向上路１段４４７號１樓,(04)24721100,4,186,2020/02/13 16:37:09
5917030995,麗新健保大藥局,台中市西區向上路一段１６２號,(04)23017100,164,206,2020/02/13 16:37:09
5917032220,匯康藥局,台中市西區向上路一段二七七號一樓,(04)23014038,12,170,2020/02/13 16:37:09
5917032293,祥鶴大藥局,台中市西區美村路一段六七三號一樓,(04)23710969,0,114,2020/02/13 16:37:09
5917032382,中港大藥局,台中市西區台中港路１段１０４號之１０,(04)22080708,46,276,2020/02/13 16:37:09
5917032462,名亨藥局,台中市西區五權路２９號１樓,(04)22201126,1,188,2020/02/13 16:37:09
5917032471,銘津藥局,台中市西區民生路３９０號１樓,(04)23021314,18,212,2020/02/13 16:37:09
5917032515,友富大藥局,台中市西區向上路一段５２９號１樓,(04)24719327,10,180,2020/02/13 16:37:09
5917032551,好思康藥局,台中市西區五權八街一一一號一樓,(04)23730826,144,152,2020/02/13 16:37:09
5917032613,向日睽藥局,台中市西區林森路９８－２號１樓,(04)23731893,0,88,2020/02/13 16:37:09
5917032640,幸福大藥局,台中市西區向上路一段１９４號１樓,(04)23026149,16,158,2020/02/13 16:37:09
5917032720,俊達藥局,台中市西區華美街３２０號１樓,(04)23015137,246,176,2020/02/13 16:37:09
5917032739,婕康藥妝藥局,台中市西區民生路１５９號１樓,(04)22298777,0,100,2020/02/13 16:37:09
5917032775,北醫藥師藥局,台中市西區東興路三段８９號,(04)23205250,0,92,2020/02/13 16:37:09
5917032800,壹藥局,台中市西區美村路１段７７５號１樓,(04)23721998,6,80,2020/02/13 16:37:09
5917032891,中山福倫藥局,臺中市西區中山路４８３號１、２樓,(04)22026818,0,166,2020/02/13 16:37:09
5917032908,佑恩藥師藥局,臺中市西區精誠路６７號１樓,(04)23100058,0,52,2020/02/13 16:37:09
5917040099,義興配藥局,台中市南區西川里忠明南路６２８號,(04)23751551,0,70,2020/02/13 16:37:09
5917040106,侑民藥局,台中市南區興大路３９６巷４９號１樓,(04)22860146,1,173,2020/02/13 16:37:09
5917040124,慧寧藥局,台中巿南區德義里忠孝路２號,(04)22851858,0,154,2020/02/13 16:37:09
5917040151,和益中西藥局,台中市南區江川里五權南路２２４號,(04)22614237,0,82,2020/02/13 16:37:09
5917040222,保健藥局,台中市南區工學路５３號,(04)22622869,6,32,2020/02/13 16:37:09
5917040302,元聖藥局,台中市南區積善里五權南路６５０號１樓,(04)22627468,0,134,2020/02/13 16:37:09
5917040366,和生藥局,台中市南區美村南路６８之２號１樓,(04)22653346,38,140,2020/02/13 16:37:09
5917040393,鴻儀大藥局,台中市南區樹義里大慶街二段３–４號,(04)22611769,8,22,2020/02/13 16:37:09
5917040464,陳信安藥局,台中市南區永興里高工路３４９號,(04)22619560,0,82,2020/02/13 16:37:09
5917041621,學府藥局,台中市南區學府路１８０號,(04)22187028,0,58,2020/02/13 16:37:09
5917041694,榮鳳藥局,台中市南區南平路三之五號,(04)22614366,0,142,2020/02/13 16:37:09
5917041756,樺生藥局,台中市南區工學路３９號,(04)22625317,0,132,2020/02/13 16:37:09
5917041765,台大藥局,台中市南區台中路１５４號,(04)22858850,0,26,2020/02/13 16:37:09
5917041818,弘仁藥局,台中市南區復興路１段５２１號,(04)22616495,0,112,2020/02/13 16:37:09
5917041836,健康人生藥局,台中市南區美村南路１３１號,(04)22633936,0,66,2020/02/13 16:37:09
5917041863,博愛藥局,台中市南區復興路２段１０號,(04)22638996,2,110,2020/02/13 16:37:09
5917050424,中心藥局,台中市北區五權路２７９號１樓,(04)22012985,0,188,2020/02/13 16:37:09
5917050433,松鶴藥局,台中巿北區文莊里篤行路２２４號,(04)22028790,0,208,2020/02/13 16:37:09
5917050577,東生藥局,台中市北區永興街１１２－１號１樓,(04)22358880,0,60,2020/02/13 16:37:09
5917050586,仁柏藥局,台中市北區賴明里山西街二段６２號,(04)22924462,0,98,2020/02/13 16:37:09
5917050666,大祥藥局,台中巿北區淡溝里民權路４０３號,(04)22035103,0,78,2020/02/13 16:37:09
5917050719,百鴻藥局,台中巿北區金龍里北屯路１３–１號,(04)22336330,198,268,2020/02/13 16:37:09
5917050826,義興藥局,台中市北區國強街３５號１樓,(04)22313016,0,120,2020/02/13 16:37:09
5917050880,欣康藥局,台中市北區館前路２１號,(04)23226837,0,76,2020/02/13 16:37:09
5917050933,英才藥局,台中市英才路２２９號,(04)22012325,0,300,2020/02/13 16:37:09
5917050997,大多福藥局,台中市北區賴村里大德街１４９號１Ｆ,(04)22058063,0,114,2020/02/13 16:37:09
5917051010,匯平藥局,台中市北區北平路二段８２號,(04)22975556,0,118,2020/02/13 16:37:09
5917051056,育光中西藥局,台中市北區健行里梅亭街６６０號１樓,(04)22037520,2,184,2020/02/13 16:37:09
5917051396,正光藥局,台中市北區金龍里三民路三段２５３–２號,(04)22337472,6,258,2020/02/13 16:37:09
5917051449,格霖大藥局,臺中市北區山西路二段７０號１樓,(04)22925076,0,148,2020/02/13 16:37:09
5917052713,展弘藥局,台中市北區漢口路４段３８０號,(04)22307388,0,46,2020/02/13 16:37:09
5917052928,盈佑藥局,台中市北區進化路６３９號１樓,(04)22376737,14,166,2020/02/13 16:37:09
5917052955,康諾得藥局,台中市北區梅川西路４段１６３號１樓,(04)22923037,134,134,2020/02/13 16:37:09
5917053078,漢口鹿藥局,台中市北區漢口路四段３５５號,(04)22355918,0,8,2020/02/13 16:37:09
5917053103,康膚藥局,台中市北區進化路六四八號一樓,(04)22386599,4,354,2020/02/13 16:37:09
5917053327,宏科藥局,台中市北區興進路２１１之１號,(04)22323823,72,158,2020/02/13 16:37:09
5917053345,健業藥局,台中市北區漢口路３段９１號,(04)22990258,0,5,2020/02/13 16:37:09
5917053461,佳賀藥師藥局,臺中市北區育德路１５號１樓,(04)22066757,12,94,2020/02/13 16:37:09
5917053514,學士藥局,台中市北區學士路１３號之１樓,(04)22015008,0,132,2020/02/13 16:37:09
5917053550,嘉樂藥局,台中市北區西屯路一段３５１－７號,(04)23266263,0,178,2020/02/13 16:37:09
5917053621,宏原健保藥局,台中市北區山西路二段７１號１樓,(04)22968016,0,140,2020/02/13 16:37:09
5917053649,博森藥局,台中市北區健行路４９３號,(04)22068589,58,194,2020/02/13 16:37:09
5917053756,中心旗艦藥局,臺中市北區五權路４０４號,(04)22068113,76,194,2020/02/13 16:37:09
5917060055,德維中西藥局,台中市西屯區西屯路三段１６４－１３號,(04)24611579,0,66,2020/02/13 16:37:09
5917060064,揚善藥局,台中市西屯區中清路二段１３８６巷７６號,(04)24251242,100,102,2020/02/13 16:37:09
5917060108,博新藥局,台中巿西屯區福安里中工三路２２０號,(04)23583412,32,88,2020/02/13 16:37:09
5917060204,宏光藥局,台中市西屯區何安里西屯路二段９５之２３號,(04)23137278,0,130,2020/02/13 16:37:09
5917060322,瑞康藥局,台中市西屯區長安路二段２號１樓,(04)22914046,0,62,2020/02/13 16:37:09
5917060359,明達藥局,台中巿西屯區何厝里青海路一段１７號,(04)23137079,0,138,2020/02/13 16:37:09
5917060644,大東藥局,台中市西屯區西墩里黎明路三段５７號,(04)27020418,0,164,2020/02/13 16:37:09
5917061061,佳蒝藥局,台中市西屯區西屯路３段１５９之１０之５號１樓,(04)24617763,200,184,2020/02/13 16:37:09
5917061150,裕和藥局,台中市西屯區大墩路９５１號１Ｆ,(04)23252629,0,168,2020/02/13 16:37:09
5917062353,典安大藥局,台中市西屯區西屯路３段１５９－６０號,(04)24616571,0,6,2020/02/13 16:37:09
5917062406,健康藥局,台中市西屯區何南里大墩１９街２６號１樓,(04)23190305,0,116,2020/02/13 16:37:09
5917062531,久揚大藥局,台中市西屯區工業區一路９８之１６號,(04)23580738,6,64,2020/02/13 16:37:09
5917062559,德康藥局,臺中市西屯區福和里中工三路１５６號,(04)23583373,0,12,2020/02/13 16:37:09
5917062586,篤行藥局,台中市西屯區何厝里西屯路二段４５之１號１樓,(04)23165727,0,166,2020/02/13 16:37:09
5917062620,東亞藥師藥局,台中市西屯區河南路２段３５０號１樓,(04)27022702,0,102,2020/02/13 16:37:09
5917062773,逢甲何藥局,台中市西屯區青海路二段二八七號一、二樓,(04)27088495,0,62,2020/02/13 16:37:09
5917062988,廣安大藥局,台中市西屯區青海路一段一Ｏ一、一Ｏ三號,(04)23118572,0,124,2020/02/13 16:37:09
5917063038,中科藥局,台中市西屯區福雅路七十五號,(04)24615628,0,14,2020/02/13 16:37:09
5917063065,達康藥局,臺中市西屯區中工三路１３９號,(04)23586332,2,74,2020/02/13 16:37:09
5917063163,永安藥局,台中市西屯區西屯路３段１４６－４號１樓,(04)24620199,62,109,2020/02/13 16:37:09
5917063332,新利賀專業藥局,台中市西屯區河南路２段２９５號,(04)24525052,2,86,2020/02/13 16:37:09
5917063350,天立專業藥師藥局,台中市西屯區太原路１段２０７號１樓,(04)23160455,2,98,2020/02/13 16:37:09
5917063387,天良藥局,台中市西屯區西屯路三段１５９－１１巷６號,(04)24615885,2,164,2020/02/13 16:37:09
5917063403,逢甲藥局,台中市西屯區逢甲路１４７、１４９、１５１號,(04)27085922,0,104,2020/02/13 16:37:09
5917063538,詠安世界藥局,臺中市西屯區西屯路三段１４６－１３號１樓,(04)24613887,0,34,2020/02/13 16:37:09
5917063609,重慶美得康藥局,台中市西屯區重慶路１３９號,(04)23164898,88,180,2020/02/13 16:37:09
5917063676,百惠藥師藥局,台中市西屯區漢口路二段２４７號,(04)23169852,0,12,2020/02/13 16:37:09
5917063681,東亞永福藥局,台中市西屯區永福路３５號,(04)24638229,0,78,2020/02/13 16:37:09
5917063725,永旭大藥局,台中市西屯區逢甲路９２號１樓,(04)27087952,0,104,2020/02/13 16:37:09
5917063869,家福藥局,臺中市西屯區福科路４２１號,(04)24652565,0,44,2020/02/13 16:37:09
5917063896,宜泰藥師藥局,臺中市西屯區寶慶路５０巷１號,(04)24518597,0,90,2020/02/13 16:37:09
5917063921,東京藥師藥局,臺中市西屯區太原一段７７號,(04)23165378,156,202,2020/02/13 16:37:09
5917070060,仁人藥局,台中市南屯區南屯里黎明路一段１０８５號,(04)23890451,0,34,2020/02/13 16:37:09
5917070088,萬安藥局,台中市南屯區中和里黎明路一段３８號,(04)24791818,32,20,2020/02/13 16:37:09
5917070186,濟安堂藥局,台中市南屯區南屯路二段７８８號,(04)23899603,0,28,2020/02/13 16:37:09
5917070248,聯發藥局,台中市南屯區溝墘里大墩路８５０號,(04)23262738,360,296,2020/02/13 16:37:09
5917070275,聖仁藥局,台中市南屯區田心里向上南路１段２７４號１樓,(04)24726980,30,162,2020/02/13 16:37:09
5917070346,吉田藥局,台中市南屯區大同里大墩六街１５４號,(04)24756816,0,58,2020/02/13 16:37:09
5917070355,承諭藥局,台中市南屯區黎明路２段１９９號,(04)23849128,76,96,2020/02/13 16:37:09
5917070382,得安藥局,台中市南屯區溝墘里大墩路５９６號,(04)23234168,0,62,2020/02/13 16:37:09
5917070417,康元藥局,台中市南屯區黎明路２段２８１號１樓,(04)22548622,0,130,2020/02/13 16:37:09
5917070462,長映藥局,台中市南屯區黎明路二段４３２號１樓,(04)22510951,0,8,2020/02/13 16:37:09
5917070515,裕登藥局,台中市南屯區大墩二街９１號１Ｆ,(04)24715280,0,168,2020/02/13 16:37:09
5917070659,德安藥局,台中市南屯區文山里忠勇路１１５–６號１樓,(04)23894920,0,20,2020/02/13 16:37:09
5917070677,康得美專業藥局,台中市南屯區忠勇路１２之２６號,(04)23801185,0,42,2020/02/13 16:37:09
5917071727,大愛藥局,台中市南屯區向心南路９６２．９６４號１樓,(04)24733646,20,68,2020/02/13 16:37:09
5917071736,承智藥局,台中市南屯區溝墘里大墩路８１０號之１,(04)23280302,0,74,2020/02/13 16:37:09
5917071781,吉運藥局,台中市南屯區南屯里黎明路１段１１３５號,(04)23834755,0,106,2020/02/13 16:37:09
5917071996,乾生大藥局,台中市南屯區大業路９５號,(04)23281277,1,33,2020/02/13 16:37:09
5917072126,宜康藥局,台中市南屯區公益路二段三五八號,(04)22515511,0,12,2020/02/13 16:37:09
5917072206,悅康藥師藥局,台中市南屯區大墩路７０５號１樓,(04)23107028,0,157,2020/02/13 16:37:09
5917072242,政豐大愛藥局,台中市南屯區大業路１４５、１４７號１樓,(04)23274726,4,104,2020/02/13 16:37:09
5917072251,五六藥局,臺中市南屯區南屯路２段２４０號,(04)24757156,190,158,2020/02/13 16:37:09
5917072313,大業藥局,台中市南屯區大業路５７１號１樓,(04)22516715,0,60,2020/02/13 16:37:09
5917072564,恒安藥局,台中市南屯區南屯路２段１１９號,(04)24722887,58,126,2020/02/13 16:37:09
5917072577,睦林藥局,台中市南屯區黎明路一段１１５５號,(04)23818218,0,68,2020/02/13 16:37:09
5917072582,嶺東藥局,臺中市南屯區忠勇路４６之３號１樓,(04)23861789,0,18,2020/02/13 16:37:09
5917072608,甜心藥局,台中市南屯區黎明路二段２８４號,(04)22585896,26,103,2020/02/13 16:37:09
5917072644,全成藥局,台中市南屯區大墩６街２２３號,(04)24712897,4,116,2020/02/13 16:37:09
5917072699,博仕健保藥局,臺中市南屯區大墩１１街４４５號,(04)23817009,0,88,2020/02/13 16:37:09
5917072724,百芳大藥局,臺中市南屯區向上路二段４２１號,(04)23818307,2,116,2020/02/13 16:37:09
5917080119,李藥局,台中巿北屯區和順路３９８號,(04)22390950,4,14,2020/02/13 16:37:09
5917080137,日盛藥局,臺中巿北屯區東山路一段１４２-１１號,(04)24360810,6,34,2020/02/13 16:37:09
5917080262,寶麒藥局,台中市北屯區旅順路２段１５０號,(04)22433918,0,114,2020/02/13 16:37:09
5917080342,弘光藥局,台中巿北屯區太原路三段４５８號１樓,(04)22342999,0,114,2020/02/13 16:37:09
5917080379,大元藥局,台中市北屯區北屯里昌平路一段２３號,(04)22357722,8,158,2020/02/13 16:37:09
5917080388,濟生藥局,台中市北屯區松安里昌平路二段２之３１號,(04)22472327,0,92,2020/02/13 16:37:09
5917080413,中央藥局,台中市北屯區北屯里進化北路２７號１樓,(04)22340208,84,230,2020/02/13 16:37:09
5917080548,志誠藥局,台中巿北屯區仁美里豊樂路３２–９號,(04)24225682,0,78,2020/02/13 16:37:09
5917080593,崇安藥局,台中市北屯區四民里昌平路二段５４–３號１樓,(04)24221929,0,18,2020/02/13 16:37:09
5917080619,永佳藥局,台中市北屯區昌平路１段１０５－５號１樓,(04)22438886,0,99,2020/02/13 16:37:09
5917080637,何藥局大連店,台中市北屯區平和里山西路２段２７４號１Ｆ,(04)22930895,0,106,2020/02/13 16:37:09
5917080744,早安藥局,台中市北屯區崇德二路一段１９９號１樓,(04)22439411,0,78,2020/02/13 16:37:09
5917080762,順泰大藥局,台中市北屯區北屯村北屯路１１５號,(04)22341477,36,206,2020/02/13 16:37:09
5917080771,大生大藥局,台中市北屯區三光里北屯路３３７號,(04)22337059,0,184,2020/02/13 16:37:09
5917080780,吉英藥局,台中市北屯區平順里昌平路一段４３４號１樓,(04)22448289,2,80,2020/02/13 16:37:09
5917080888,大華藥局,台中市北屯區熱河路２段１０９號１樓,(04)22331721,30,157,2020/02/13 16:37:09
5917081170,順天大藥局,台中市北屯區中清路二段２３２號１樓,(04)22918847,4,148,2020/02/13 16:37:09
5917081214,吉成藥局,台中市北屯區松茂里松竹路二段１３９號,(04)22435556,0,122,2020/02/13 16:37:09
5917082300,蔡宗耀中西藥局,台中市北屯區平德里河北路２段６１號,(04)22341880,0,150,2020/02/13 16:37:09
5917082364,慈慧藥師藥局,台中市北屯區平田里昌平路１段１７８號１Ｆ,(04)22389846,2,130,2020/02/13 16:37:09
5917082444,杏城藥局,台中市北屯區崇德路２段２９２、２９４號,(04)22464676,0,92,2020/02/13 16:37:09
5917082604,科學藥局,台中市北屯區中清路２段３１６號,(04)22936688,0,86,2020/02/13 16:37:09
5917082659,信誼藥局,台中市北屯區瀋陽路二段３１號１樓,(04)22478695,10,156,2020/02/13 16:37:09
5917082800,美得康藥局,台中市北屯區平德路１２２巷１號,(04)22924710,0,98,2020/02/13 16:37:09
5917082882,世富藥局,台中市北屯區北屯路２９９－３號１樓,(04)22317085,0,128,2020/02/13 16:37:09
5917082908,安順藥局,台中市北屯區大鵬路３２號,(04)22924966,4,104,2020/02/13 16:37:09
5917082999,元亨藥局,台中市北屯區昌平路１段１１７號１樓,(04)22474523,64,140,2020/02/13 16:37:09
5917083021,吉士康樂活藥局,台中市北屯區昌平路２段８－１６號,(04)22420225,44,192,2020/02/13 16:37:09
5917083049,你好聯合藥局,台中市北屯區陳平一街８８號,(04)22925759,200,154,2020/02/13 16:37:09
5917083058,福益藥局,台中市北屯區東山路１段１８８－７號,(04)24367031,0,102,2020/02/13 16:37:09
5917083076,瑞生藥局,台中市北屯區興安路１段３２８號１樓,(04)22416759,0,140,2020/02/13 16:37:09
5917083085,宏琳社區保健藥局,台中市北屯區軍功路１段４９２號１樓,(04)24378008,2,68,2020/02/13 16:37:09
5917083101,北屯德康藥局,台中市北屯區四平路４６９號１樓,(04)24223378,0,10,2020/02/13 16:37:09
5917083129,智康藥局,台中市北屯區中清路二段５３３號,(04)22951469,10,108,2020/02/13 16:37:09
5917083209,崇德啄木鳥藥局,台中市北屯區崇德路二段２１７號,(04)22410441,14,0,2020/02/13 16:37:09
5917083254,建祐藥局,台中市北屯區太原路三段２６１號,(04)22389809,82,226,2020/02/13 16:37:09
5917083272,吉富康藥局,台中市北屯區大連路三段９９號１樓,(04)22473057,0,118,2020/02/13 16:37:09
5917083316,春元藥局,臺中市北屯區東山路１段２８７號,(04)24361008,0,30,2020/02/13 16:37:09
5917083334,瑞東大藥局,臺中市北屯區東山路一段２４６之３號,(04)24373799,4,72,2020/02/13 16:37:09
5917083343,豋盛藥局,臺中市北屯區北平路三段１０７號,(04)22373863,60,112,2020/02/13 16:37:09
5921010072,統一藥局,台南市東區中西里東門路１段２９１號,(06)2376638,2,178,2020/02/13 16:37:09
5921010107,榮泰藥局,台南市東區崇誨里林森路２段１９２巷４９號,(06)2369095,4,170,2020/02/13 16:37:09
5921010143,佳禾藥局,台南市東區東明里東寧路２１３號,(06)2380972,0,158,2020/02/13 16:37:09
5921010152,周藥師藥局,台南市東區崇成里崇善路６５４號,(06)2678421,1,126,2020/02/13 16:37:09
5921010161,懷仁藥局,台南市東區崇學里崇德路３４２號,(06)2694895,70,168,2020/02/13 16:37:09
5921010205,文成藥局,台南市東區大學里東寧路４３號之１,(06)2340860,49,251,2020/02/13 16:37:09
5921010223,王藥局,台南市東區小東里小東路１９０－１號,(06)2378697,29,230,2020/02/13 16:37:09
5921010232,大家藥局,台南市東區大同路二段１７５號,(06)2153777,4,190,2020/02/13 16:37:09
5921010250,宏昌藥局,台南市東區大同路１段２７１號,(06)2142459,16,206,2020/02/13 16:37:09
5921010303,賴藥局,台南市東區後甲里裕農路６２１巷２６－２號,(06)2363738,22,158,2020/02/13 16:37:09
5921010410,三祐堂藥局,台南市東區東門路二段３６６號,(06)2673654,74,222,2020/02/13 16:37:09
5921010429,乙田藥局,台南市東區東明里怡東路３０號,(06)2359303,0,66,2020/02/13 16:37:09
5921010447,宏荏藥局,台南市東區崇學里崇明街１１街５２巷２號,(06)2684725,48,206,2020/02/13 16:37:09
5921010625,益丞藥局,台南市東區裕農路３４８號,(06)2359865,0,144,2020/02/13 16:37:09
5921010652,良泰藥局,台南市東區仁和里仁和路１１７之１號,(06)2676256,0,124,2020/02/13 16:37:09
5921010661,建龍藥局,台南市東區自強里中華東路二段２５７號,(06)2683998,94,156,2020/02/13 16:37:09
5921010689,億安大藥局,台南市東區大福里大同路２段２６５號,(06)2159881,8,202,2020/02/13 16:37:09
5921010705,華興藥局,台南市東區崇善路５６２號,(06)2683757,0,78,2020/02/13 16:37:09
5921010778,宏成藥局,台南市東區裕農路１１６號,(06)2359339,8,184,2020/02/13 16:37:09
5921010947,崇安藥師藥局,台南市東區龍山里崇學路２８７號,(06)3350717,0,177,2020/02/13 16:37:09
5921010992,光明宜康保健藥局,台南市東區光明街３６之２號１樓,(06)2376448,0,150,2020/02/13 16:37:09
5921012049,小太陽藥局,台南市東區東光里東平路１３號,(06)2099858,0,106,2020/02/13 16:37:09
5921012085,台安藥局,台南市東區大同路一段１６３號,(06)2150011,58,162,2020/02/13 16:37:09
5921012094,王瑞敏藥師藥局,台南市東區崇德路７３９號,(06)2896888,24,138,2020/02/13 16:37:09
5921012281,菁安藥局,台南東區富強里中華東路二段４９號,(06)3361683,0,104,2020/02/13 16:37:09
5921012325,林英文藥局,台南市東區關聖里裕農路８６６–２號,(06)3311252,0,144,2020/02/13 16:37:09
5921012334,家庭藥局,台南市東區崇文里生產路３６９─３號,(06)2607298,0,154,2020/02/13 16:37:09
5921012361,崇仁藥局,台南市東區龍山里崇學路２３１號,(06)2894115,76,68,2020/02/13 16:37:09
5921012398,慈惠藥局,台南市東區前鋒路２７號,(06)2760746,0,60,2020/02/13 16:37:09
5921012496,善林藥局,台南市東區崇明路１２３號,(06)3364699,8,148,2020/02/13 16:37:09
5921012530,早安藥師藥局,台南市東區裕學路１１２號,(06)3350535,172,106,2020/02/13 16:37:09
5921012683,連春藥局,台南市東區莊敬路１５號,(06)2083685,0,136,2020/02/13 16:37:09
5921012781,盈如藥局,台南市東區中華東路３段６８號１樓,(06)2895839,175,222,2020/02/13 16:37:09
5921012852,羽杏藥局,台南市東區崇學路２５９號,(06)2893330,12,184,2020/02/13 16:37:09
5921012861,美立康藥局,台南市東區裕文路７２號１樓,(06)3316363,1,65,2020/02/13 16:37:09
5921012870,麗生藥師藥局,台南市東區崇德路５６５號,(06)3356868,66,184,2020/02/13 16:37:09
5921013073,太和藥師藥局,臺南市東區仁和路５１─１號,(06)2906063,0,104,2020/02/13 16:37:09
5921013117,幸運藥局,臺南市東區東門路二段２０７號１樓,(06)2371675,74,218,2020/02/13 16:37:09
5921013206,和德藥局,臺南市東區崇德路４９７號,(06)2882789,158,272,2020/02/13 16:37:09
5921020096,豐陽藥局,台南市南區文南里文南路１１５號,(06)2610628,0,28,2020/02/13 16:37:09
5921020112,裕仁藥局,台南市南區新興里新興路１９４號１樓,(06)2614263,1,130,2020/02/13 16:37:09
5921020130,裕祥藥局,台南市南區明興里金華路１段２２８號,(06)2635796,0,46,2020/02/13 16:37:09
5921020149,吉祥藥局,台南市南區文南路１１７號,(06)2632853,0,20,2020/02/13 16:37:09
5921020167,全民藥局,台南市南區喜東里喜樹路７３–１８號,(06)2625814,0,116,2020/02/13 16:37:09
5921020185,安心藥局,台南市南區喜東里喜樹路１５１巷３３號,(06)2622570,0,132,2020/02/13 16:37:09
5921020194,鹽埕藥局,台南市南區白雪里鹽埕路６８號,(06)2651961,0,120,2020/02/13 16:37:09
5921020201,大吉藥局,台南市南區日新里新興路４３７號,(06)2651423,0,126,2020/02/13 16:37:09
5921020210,興泰藥局,台南市南區金華路一段１６５號,(06)2653638,0,198,2020/02/13 16:37:09
5921020256,久芳藥局,台南市南區喜樹路３４０巷１６６號,(06)2625209,0,216,2020/02/13 16:37:09
5921020336,欣昌藥局,台南市佛壇里興南街１１５號,(06)2623217,0,46,2020/02/13 16:37:09
5921020345,重光藥局,台南市南區鹽埕路２７２號,(06)2618087,0,126,2020/02/13 16:37:09
5921020425,日大中西藥局,台南市南區永興一街３２號,(06)2612817,268,236,2020/02/13 16:37:09
5921020470,大仁藥局,台南市南區金華里新孝路３０號,(06)2610673,18,186,2020/02/13 16:37:09
5921020489,市安藥師藥局,台南市南區國民路１４２號,(06)2882627,0,128,2020/02/13 16:37:09
5921021502,興南藥局,台南市南區中華南路二段７０號,(06)2920909,0,176,2020/02/13 16:37:09
5921021566,佑佑藥局,台南市南區金華里健康路二段３４９號２Ｆ,(06)2912603,176,214,2020/02/13 16:37:09
5921021584,大愛藥局,台南市南區大同路２段１８２號１樓,(06)2137587,0,85,2020/02/13 16:37:09
5921021637,赤繐藥師健保藥局,台南市金華路２段９６號,(06)2656368,4,222,2020/02/13 16:37:09
5921021708,為仁藥師藥局,台南市南區大同路二段１０６號,(06)2139376,214,302,2020/02/13 16:37:09
5921021780,國山健保特約藥局,台南市南區大同路２段４７８號,(06)2159570,366,342,2020/02/13 16:37:09
5921021815,樺昇藥局,臺南市南區明興路１３６７號,(06)2625571,1,110,2020/02/13 16:37:09
5921021833,樺昇藥局德興店,臺南市南區德興路１７５號之１,(06)2616797,0,117,2020/02/13 16:37:09
5921021851,海山藥局,臺南市南區新興路４００號,(06)2617788,0,116,2020/02/13 16:37:09
5921030074,自在藥局,臺南市中西區民生路二段６３號,(06)2235520,0,171,2020/02/13 16:37:09
5921030092,三芳藥局,臺南市中西區元安里大勇街５號,(06)2203084,148,244,2020/02/13 16:37:09
5921030118,雅里藥局,台南市中西區民族路三段２８５號,(06)2200881,0,96,2020/02/13 16:37:09
5921030127,平安藥局,台南市中西區永華路一段２３６號,(06)2292789,14,116,2020/02/13 16:37:09
5921030136,發育藥局,台南市中西區海安路１段２０５號１樓,(06)2215896,334,276,2020/02/13 16:37:09
5921030234,永祥藥局,台南市西區民權路三段２０４號,(06)2212163,0,194,2020/02/13 16:37:09
5921030289,星宗藥局,台南市西區新安里大勇街３７號,(06)2223453,306,274,2020/02/13 16:37:09
5921030298,銘豐藥局,臺南市中西區西賢一街４５號１樓,(06)2592517,0,66,2020/02/13 16:37:09
5921032069,康乃爾藥局,台南市中西區成功路３２１號,(06)2267917,110,106,2020/02/13 16:37:09
5921032185,西門藥局,臺南市中西區西門路２段２０９號,(06)2211222,0,140,2020/02/13 16:37:09
5921040169,信心藥局,台南市北區延平里公園路５４６號,(06)2822209,0,156,2020/02/13 16:37:09
5921040212,真安藥局,台南市北區公園路６９８號,(06)2819836,0,156,2020/02/13 16:37:09
5921040221,好鄰居藥局,台南市北區西華里公園路１２８號２樓７室,(06)2219015,0,146,2020/02/13 16:37:09
5921040276,全一藥局,台南市北區大豐里和緯路四段９５巷３８號,(06)2580021,0,146,2020/02/13 16:37:09
5921040294,澄清堂藥局,台南市北區勝利路４９５號,(06)2377224,106,230,2020/02/13 16:37:09
5921040301,永生藥局,台南市北區六甲里公園路４８１號,(06)2813681,120,176,2020/02/13 16:37:09
5921040392,宏吉藥局,台南市北區大港里大興街２２４號,(06)2589692,0,24,2020/02/13 16:37:09
5921040409,華成藥局,台南市北區華興里南園街１１１號,(06)2344553,16,102,2020/02/13 16:37:09
5921040436,嘉洲藥局,台南市北區文元里文賢路２４０號,(06)2583180,2,98,2020/02/13 16:37:09
5921040481,眾安藥局,台南市北區文元里文賢路１０３４號,(06)2588339,14,136,2020/02/13 16:37:09
5921040623,惠光藥局,台南市北區文亢里文賢路２３６號,(06)2586316,0,194,2020/02/13 16:37:09
5921040678,賀康藥局,台南市北區公園路７０１號,(06)2819515,0,120,2020/02/13 16:37:09
5921040749,玖大藥局,台南市北區勝利路３８３號,(06)2752048,0,274,2020/02/13 16:37:09
5921041826,佳家藥局,台南市北區大公里忠義路三段２２號１樓,(06)2252165,6,70,2020/02/13 16:37:09
5921041835,一方藥局,台南市北區開元路４８５巷４１弄２８號１樓,(06)2742419,58,104,2020/02/13 16:37:09
5921041871,心心藥局,台南市北區玉皇里成功路７２號,(06)2220018,230,178,2020/02/13 16:37:09
5921041915,慈恩藥師藥局,台南市北區新勝里北園街１５號,(06)2005658,2,120,2020/02/13 16:37:09
5921041924,芳鄰藥局,台南市北區公園北路１５２號,(06)2811101,14,192,2020/02/13 16:37:09
5921041960,一加恩聯合藥局,台南市北區開元路４２２號,(06)2081172,50,144,2020/02/13 16:37:09
5921041979,康友藥師藥局,台南市北區和緯路二段２４３號,(06)2520666,0,10,2020/02/13 16:37:09
5921042038,佳一藥局,臺南市北區北門路２段５１９號１樓,(06)2511947,0,170,2020/02/13 16:37:09
5921042074,開元台安藥局,台南市北區開元路２８８號,(06)2083172,146,124,2020/02/13 16:37:09
5921042118,欣平藥局,台南市北區勝利路４２５號,(06)2354293,0,260,2020/02/13 16:37:09
5921042145,王大藥局,台南市北區開元路１５６號,(06)2086169,70,290,2020/02/13 16:37:09
5921042243,大道藥局,臺南市北區北門路二段５９０號,(06)2513000,90,176,2020/02/13 16:37:09
5921042252,佳愛藥局,臺南市北區西門路四段３４１巷２號,(06)2516697,42,162,2020/02/13 16:37:09
5921042261,百氏康藥局,臺南市北區北安路一段１２０號,(06)2514199,161,172,2020/02/13 16:37:09
5921042289,公園店菁安藥局,台南市北區公園路６１１號,(06)2834488,2,80,2020/02/13 16:37:09
5921050076,千代藥局,台南市中西區民生路一段６０號１樓,(06)2256895,148,253,2020/02/13 16:37:09
5921050094,吉安藥局,台南市中區薘壺里成功路２８９號,(06)2227394,0,212,2020/02/13 16:37:09
5921050138,金德藥局,台南市中西區府前路１段３３號,(06)2149082,4,192,2020/02/13 16:37:09
5921050174,春天藥局,臺南市中西區民族路２段２７４號,(06)2221562,82,192,2020/02/13 16:37:09
5921050227,協和藥局,台南市中區清水里青年路１９５號,(06)2263061,0,158,2020/02/13 16:37:09
5921050245,泰元藥局,台南市中區文昌里民權路一段８７號,(06)2205745,1328,468,2020/02/13 16:37:09
5921050370,高明藥師保健藥局,台南市中西區西門路一段４４８號,(06)2143382,0,76,2020/02/13 16:37:09
5921050423,吉仁大藥局,台南市中區白金里民權路２段８６號,(06)2263777,462,290,2020/02/13 16:37:09
5921050441,快安藥局,臺南市中西區溫陵里永福路二段８４之１５號,(06)2254543,10,192,2020/02/13 16:37:09
5921050469,泰毅藥局,台南市中區友愛街４６之１號,(06)2257181,156,258,2020/02/13 16:37:09
5921051537,大全藥局,台南市中西區府連路３９號,(06)2145007,30,202,2020/02/13 16:37:09
5921051582,丞功藥局,台南市中區成功路３１號,(06)2287641,0,142,2020/02/13 16:37:09
5921051608,府前藥師藥局,台南市中區府前路一段２７０號,(06)2284411,90,208,2020/02/13 16:37:09
5921051617,五代全民藥局,台南市中西區民族路二段７６－９號,(06)2264800,62,248,2020/02/13 16:37:09
5921051656,常新藥局,臺南市中西區健康路１段３７０號,(06)2130912,553,250,2020/02/13 16:37:09
5921060072,翰昌藥局,台南市安南區溪東里北安路二段１１９號,(06)2596372,0,141,2020/02/13 16:37:09
5921060107,泰山藥局,台南市安南區海佃路一段２０７號,(06)2582073,0,78,2020/02/13 16:37:09
5921060143,嘉庭藥局,台南市安南區海佃里國安街１１８號,(06)2581618,2,62,2020/02/13 16:37:09
5921060152,友信藥局,台南市安南區溪頂里北安路二段８６號,(06)2822785,40,156,2020/02/13 16:37:09
5921060170,明杰藥局,台南市安南區理想里大安街９８號,(06)2567821,0,40,2020/02/13 16:37:09
5921060198,平光藥局,臺南市安南區安中路１段８２２號,(06)2459641,2,120,2020/02/13 16:37:09
5921060205,建壽藥局,台南市安南區海東里海佃路２段５７２號,(06)2555388,0,22,2020/02/13 16:37:09
5921060214,昌泰藥局,台南市安南區溪東里海佃路一段１５８巷５７號,(06)2591971,0,70,2020/02/13 16:37:09
5921060223,旺生藥局,台南市安南區理想里同安路６８巷２３號,(06)2476888,0,72,2020/02/13 16:37:09
5921060358,長青大藥局,台南市安南區安和路一段９３號,(06)2812896,0,88,2020/02/13 16:37:09
5921060376,涂逸權藥師藥局,台南市安南區長溪路一段３１４號,(06)2560583,10,10,2020/02/13 16:37:09
5921060385,樂成藥局,台南市安南區安和路一段１５９巷８３號,(06)2568576,1,112,2020/02/13 16:37:09
5921060394,土城藥師藥局,台南市安南區城北路７５號,(06)2571872,0,132,2020/02/13 16:37:09
5921061453,文安藥局,台南市安南區同安路４０２號,(06)2473992,0,64,2020/02/13 16:37:09
5921061542,景惠藥局,台南市安南區安中路４段２號,(06)2557060,0,60,2020/02/13 16:37:09
5921061560,安順藥局,台南市安南區安和路一段１６４號,(06)2550447,168,160,2020/02/13 16:37:09
5921061588,安中藥局,台南市安南區城北里安中路６段７１８號,(06)2570500,0,200,2020/02/13 16:37:09
5921061604,泰赫中西藥局,台南市安南區安中路４段７９號,(06)2562317,0,24,2020/02/13 16:37:09
5921061668,新資生藥師藥局,台南市安南區城北路５２號１樓,(06)2571153,10,100,2020/02/13 16:37:09
5921061711,三井藥局,台南市安南區國安街１號１樓,(06)2583195,2,8,2020/02/13 16:37:09
5921061720,康悅健藥師藥局,台南市安南區安和路５段１４９-２號,(06)3556382,7,24,2020/02/13 16:37:09
5921061757,宏恩藥局,台南市安南區長溪路１段５２號,(06)2474513,0,104,2020/02/13 16:37:09
5921061781,佳美藥局,臺南市安南區安和路１段３８號,(06)2810700,162,253,2020/02/13 16:37:09
5921070041,博理藥局,台南市安平區石門里安平路６７６號,(06)2202521,10,160,2020/02/13 16:37:09
5921071226,康活藥局,台南市安平區健康三街１８６號,(06)2936483,18,132,2020/02/13 16:37:09
5921071235,康福藥師藥局,台南市安平區永華路二段１０５９號之１,(06)2939068,4,183,2020/02/13 16:37:09
5921071244,全家藥局,台南市安平區華平路１７０號,(06)2939000,82,158,2020/02/13 16:37:09
5921071271,中信藥局,台南市安平區永華路二段７１６號,(06)2978697,0,74,2020/02/13 16:37:09
5921071333,人仁藥局,台南市安平區慶平路２８１號,(06)2998667,70,126,2020/02/13 16:37:09
5921071342,幼安藥局,台南市安平區華平路５０３號,(06)2937733,46,160,2020/02/13 16:37:09
5921071360,蘋果藥師藥局,臺南市安平區健康三街２０６號,(06)2955351,40,104,2020/02/13 16:37:09
5921080010,羽田藥局,臺南市中西區府前路一段２１４號,(06)2214066,18,192,2020/02/13 16:37:09
5922010147,普羅藥局,嘉義市東區民權路１１４號,(05)2754836,0,148,2020/02/13 16:37:09
5922010218,淳生藥局,嘉義市吳鳳北路１００號,(05)2247679,162,212,2020/02/13 16:37:09
5922010263,秉榮藥局,嘉義市東區東仁里中山路１８９號,(05)2224320,4,50,2020/02/13 16:37:09
5922010272,晟安藥局,嘉義市文昌里光彩街２２２號,(05)2274305,4,220,2020/02/13 16:37:09
5922010281,上安中西藥局,嘉義市東區府路里延平街２３８號之１,(05)2231005,2,262,2020/02/13 16:37:09
5922010361,壽生堂藥局,嘉義市東區府路里延平街２８０號,(05)2225058,12,166,2020/02/13 16:37:09
5922010405,信輝藥局,嘉義市安寮里吳鳳南路３５３號,(05)2252415,0,26,2020/02/13 16:37:09
5922010441,穎川保健藥局,嘉義市東區仁武里中山路２０４號,(05)2223609,0,250,2020/02/13 16:37:09
5922010496,乙展藥局,嘉義市東區蘭井里蘭井街７０號,(05)2279556,0,280,2020/02/13 16:37:09
5922010512,慶義興藥局,嘉義市東區東義路４０號,(05)2769713,0,150,2020/02/13 16:37:09
5922010683,永富藥局,嘉義市東區中央里北榮街９１號,(05)2222826,2,172,2020/02/13 16:37:09
5922010718,安泰藥局,嘉義市東區民族路１８１號,(05)2294202,10,84,2020/02/13 16:37:09
5922010736,全民藥局,嘉義市東區新店里林森東路２８９ 號,(05)2777900,16,64,2020/02/13 16:37:09
5922010754,松柏藥局,嘉義市東區東平里民權路８７號,(05)2780909,0,32,2020/02/13 16:37:09
5922011877,大惠藥局,嘉義市東區新生路３０９號,(05)2766692,46,132,2020/02/13 16:37:09
5922011966,源豪藥局,嘉義市東區光華路８２號,(05)2169696,102,252,2020/02/13 16:37:09
5922012025,佑健藥局,嘉義市東區光華路２–２號,(05)2294833,40,234,2020/02/13 16:37:09
5922012061,北榮藥局,嘉義市東區北榮街２號,(05)2280650,0,216,2020/02/13 16:37:09
5922012178,聖心藥局,嘉義市東區大雅路二段５７７號,(05)2777189,138,176,2020/02/13 16:37:09
5922012285,聖安藥局,嘉義市東區仁武里民權路３６５號１樓,(05)2222941,0,68,2020/02/13 16:37:09
5922012365,富善藥局,嘉義市東區新生路２３４號１樓,(05)2759559,40,188,2020/02/13 16:37:09
5922012383,振安藥局,嘉義市東區王田里林森東路３００號１樓,(05)2756541,4,130,2020/02/13 16:37:09
5922012392,維康藥局,嘉義市東區短竹里大雅路二段５６７號１樓,(05)2757663,1,134,2020/02/13 16:37:09
5922012418,松岡藥局,嘉義市東區祐民里吳鳳北路１９７號,(05)2163519,22,305,2020/02/13 16:37:09
5922012552,德和藥局,嘉義市東區新生路７０３號１樓,(05)2789940,16,154,2020/02/13 16:37:09
5922012632,泰和藥局,嘉義市東區中央里成仁街２２０巷８號,(05)2227135,190,295,2020/02/13 16:37:09
5922012669,保健藥局,嘉義市東區義教里保建街１６１號,(05)2712959,4,4,2020/02/13 16:37:09
5922012712,誠泰藥師藥局,嘉義市東區安寮里興業東路５６號１樓,(05)2168905,12,118,2020/02/13 16:37:09
5922012721,仁藥集藥局,嘉義市東區太平里新生路５３９號,(05)2755533,2,113,2020/02/13 16:37:09
5922012856,民族弘安藥局,嘉義市東區朝陽里民族路１６５號,(05)2240101,0,40,2020/02/13 16:37:09
5922012874,德風藥局,嘉義市東區仁義里台林街１０８－４號１樓,(05)2716233,0,20,2020/02/13 16:37:09
5922012909,昱安藥局,嘉義市東區成仁街１８０號,(05)2252395,0,150,2020/02/13 16:37:09
5922012918,後庄弘安藥局,嘉義市東區吳鳳南路２９８號１樓,(05)2305678,4,0,2020/02/13 16:37:09
5922012945,大明藥局,嘉義市東區大雅路二段６８２號,(05)2760958,85,221,2020/02/13 16:37:09
5922012954,大樹藥局,嘉義市東區林森東路４７０巷５號,(05)2767179,110,256,2020/02/13 16:37:09
5922012972,百佑藥局,嘉義市東區公明路８２號１樓,(05)2757387,1,65,2020/02/13 16:37:09
5922013013,杏一嘉基藥局,嘉義市東區忠孝路５４３－１號,(05)2786577,18,170,2020/02/13 16:37:09
5922013022,忠孝啄木鳥藥局,嘉義市東區荖藤里忠孝北街１８５號,(05)2204948,36,52,2020/02/13 16:37:09
5922013031,德昌藥局,嘉義市東區中央里吳鳳北路２１１號,(05)2280306,0,158,2020/02/13 16:37:09
5922013059,杏光藥局,嘉義市東區保健街１４７號附４,(05)2745642,0,46,2020/02/13 16:37:09
5922013068,吳鳳藥局,嘉義市東區吳鳳南路５８５號,(05)52399311,84,42,2020/02/13 16:37:09
5922013077,慶獅藥局,嘉義市東區華南里公明路１３３號,(05)2249366,64,105,2020/02/13 16:37:09
5922013086,大雅藥局,嘉義市東區大雅路二段４８７號,(05)2778237,0,62,2020/02/13 16:37:09
5922020116,興業藥局,嘉義市西區福民里興業西路３８１號,(05)2861880,0,30,2020/02/13 16:37:09
5922020125,照安藥局,嘉義市西區福全里博愛路２段３６１號,(05)2332883,16,122,2020/02/13 16:37:09
5922020205,嚴昔志藥局,嘉義市西區垂楊里新民路７８５號１樓,(05)2853991,0,124,2020/02/13 16:37:09
5922020303,新宏祥藥局,嘉義市西區湖內里民生南路５７４號,(05)2355588,8,66,2020/02/13 16:37:09
5922020349,建和藥局,嘉義市西區湖內里民生南路６２６號,(05)2353933,0,154,2020/02/13 16:37:09
5922020358,泰春藥局,嘉義市西區學圃里民生北路６６號,(05)2224118,0,200,2020/02/13 16:37:09
5922020376,勝華藥局,嘉義市垂楊路６２３號,(05)2856642,0,213,2020/02/13 16:37:09
5922020483,逢春藥局,嘉義市西區竹圍里北興街４１７號,(05)2326990,6,143,2020/02/13 16:37:09
5922020509,全德藥局,嘉義市西區福民里興業西路２８９號,(05)2854263,284,78,2020/02/13 16:37:09
5922020518,永安藥局,嘉義市西區西平里信義路４９–１號,(05)2358368,0,114,2020/02/13 16:37:09
5922020527,友愛藥局,嘉義市西區福全里友愛路１７０號,(05)2330599,0,142,2020/02/13 16:37:09
5922020563,信康藥局,嘉義市西區翠岱里仁愛路２２６號,(05)2161680,4,162,2020/02/13 16:37:09
5922020581,杏安藥局,嘉義市西區書院里民族路７８６號,(05)2271727,82,276,2020/02/13 16:37:09
5922020634,利安藥局,嘉義市西區番社里中山路３４４號１樓,(05)2225756,0,250,2020/02/13 16:37:09
5922020643,大向藥局,嘉義市西區美源里新民路６３６號,(05)2354605,0,26,2020/02/13 16:37:09
5922020661,大正藥局,嘉義市西區書院里民族路７０２號,(05)2285812,0,64,2020/02/13 16:37:09
5922020670,興嘉藥局,嘉義市西區興業西路３７０號,(05)2841812,0,3,2020/02/13 16:37:09
5922020689,齊悅藥局,嘉義市西區西平里玉山路１４５號１樓,(05)2843514,52,94,2020/02/13 16:37:09
5922020732,仁愛弘安藥局,嘉義市西區仁愛路３９３號１樓,(05)2239000,0,45,2020/02/13 16:37:09
5922020769,安麗藥師藥局,嘉義市西區車店里廣州街２０６號,(05)2352395,42,130,2020/02/13 16:37:09
5922020796,佑安藥局,嘉義市西區民權路４２３號１樓,(05)2278298,2,166,2020/02/13 16:37:09
5922020812,海鴻藥師藥局,嘉義市西區民生南路５５２號,(05)2837758,0,167,2020/02/13 16:37:09
5922020821,明興藥局,嘉義市西區自強里仁愛路１９９號,(05)2365938,6,180,2020/02/13 16:37:09
5922020849,國同藥局,嘉義市西區保福里八德路１０１號,(05)2327336,8,44,2020/02/13 16:37:09
5922020858,大統藥局,嘉義市西區慶安里北興街１３６號,(05)2330230,0,118,2020/02/13 16:37:09
5922020867,庭一藥局,嘉義市西區文化路４４２號,(05)2325900,0,88,2020/02/13 16:37:09
5922020885,廣泰藥局,嘉義市西區仁愛路４４２號,(05)2250342,246,252,2020/02/13 16:37:09
5922020894,平良藥局,嘉義市西區致遠里興業西路８４號１樓,(05)2235220,146,144,2020/02/13 16:37:09
5922020901,聯弘藥局,嘉義市西區中興路１８８號,(05)2331368,2,140,2020/02/13 16:37:09
5922020910,苰安藥局,嘉義市西區竹圍里友愛路２３６號１樓,(05)2910585,0,28,2020/02/13 16:37:09
5922028578,保富藥局,嘉義市西區車店村青年街１４號,(05)2365401,253,144,2020/02/13 16:37:09
5922028596,一安藥局,嘉義市西區福民里興業西路３１１號,(05)2859275,0,64,2020/02/13 16:37:09
5922028783,勝成藥局,嘉義市西區南京路１２６巷１９號,(05)2360247,4,144,2020/02/13 16:37:09
5922028827,萬樂福新式藥局,嘉義市西區玉山路１９０號,(05)2834168,14,60,2020/02/13 16:37:09
5922028863,益生堂藥局,嘉義市西區杭州三街３０號,(05)2861415,24,112,2020/02/13 16:37:09
5922028881,中興中西藥局,嘉義市西區垂楊路５０１號,(05)2353096,0,36,2020/02/13 16:37:09
5922028925,健安藥局,嘉義市西區民族路６２６號,(05)2281219,8,184,2020/02/13 16:37:09
592202A054,萬泰藥師藥局,嘉義市西區民族路４９４號,(05)2168605,0,104,2020/02/13 16:37:09
592202A241,博愛藥局,嘉義市西區小湖里博愛路二段２７７–１號,(05)2330292,17,211,2020/02/13 16:37:09
592202A296,秉原藥局,嘉義市西區書院里民族路７００號,(05)2285811,0,148,2020/02/13 16:37:09
592202A330,永明藥局,嘉義市西區中山路６０８號１樓,(05)2286339,312,250,2020/02/13 16:37:09
592202A349,力健藥局,嘉義市西區文化路５９１號,(05)2323217,0,112,2020/02/13 16:37:09
592202A358,國豐藥局,嘉義市西區北興街２４５－２號１樓,(05)2318473,0,113,2020/02/13 16:37:09
592202A465,廣元藥局,嘉義市西區民安里中正路６９７號,(05)2252733,0,145,2020/02/13 16:37:09
592202A518,徠的安藥師藥局,嘉義市西區保安里世賢路１段６鄰５４９號,(05)2318532,0,22,2020/02/13 16:37:09
5931010011,埔墘藥局,新北市板橋區中山路２段２２７號,(02)29646705,2,85,2020/02/13 16:37:09
5931010217,皇安藥局,新北市板橋區中山路２段２４１號,(02)29524089,0,4,2020/02/13 16:37:09
5931010235,友祥藥局,新北市板橋區裕民街１０７號,(02)22544666,4,10,2020/02/13 16:37:09
5931010306,義友藥局,新北市板橋區陽明街８號,(02)22563455,10,142,2020/02/13 16:37:09
5931010315,優良藥局,新北市板橋區莊敬路９３號,(02)22550251,6,38,2020/02/13 16:37:09
5931010342,宏達大藥局,新北市板橋區莒光路１７號,(02)22572345,200,50,2020/02/13 16:37:09
5931010397,正成藥師藥局,新北市板橋區三民路２段１５４巷７號,(02)29512760,200,54,2020/02/13 16:37:09
5931010459,欣民藥局,新北市板橋區雙十路３段３９號,(02)22545938,0,38,2020/02/13 16:37:09
5931010646,人民藥局,新北市板橋區仁愛路５９號,(02)89533956,0,58,2020/02/13 16:37:09
5931010708,一誠藥局,新北市板橋區府中路６２號,(02)29673956,0,44,2020/02/13 16:37:09
5931010726,賜您康大藥局,新北市板橋區國泰街５０號,(02)29513166,0,140,2020/02/13 16:37:09
5931010842,大福藥局,新北市板橋區三民路１段３１巷１５號,(02)29610311,0,60,2020/02/13 16:37:09
5931010888,俊昌藥局,新北市板橋區三民路２段２４５巷１２號,(02)29642498,0,32,2020/02/13 16:37:09
5931010977,穎川藥局,新北市板橋區民權路２０２巷４弄１號,(02)29660617,0,18,2020/02/13 16:37:09
5931011009,祥聖藥局,新北市板橋區溪崑二街１１２巷３５弄１號,(02)26835677,0,112,2020/02/13 16:37:09
5931011045,進發大藥局,新北市板橋區民治街１０１號,(02)22528361,4,38,2020/02/13 16:37:09
5931011054,國光藥師藥局,新北市板橋區國光路１７２號,(02)29698217,0,48,2020/02/13 16:37:09
5931011107,安祥藥局,新北市板橋區大明街７號,(02)29554501,0,80,2020/02/13 16:37:09
5931011161,全國藥局,新北市板橋區四川路１段２３１號,(02)29511212,1,25,2020/02/13 16:37:09
5931011223,民侑藥局,新北市板橋區大觀路２段３７巷３１０號,(02)22755938,4,70,2020/02/13 16:37:09
5931011241,利安藥局,新北市板橋區南雅東路１０８號,(02)29696295,28,192,2020/02/13 16:37:09
5931011250,錦龍藥局,新北市板橋區長安街１３８巷１弄１１４號,(02)29522290,0,52,2020/02/13 16:37:09
5931011330,戴安藥局,新北市板橋區溪北路５４號,(02)26818663,0,18,2020/02/13 16:37:09
5931011376,杏泰藥局,新北市板橋區雙十路２段４－７號,(02)82527162,0,50,2020/02/13 16:37:09
5931011438,萬壽藥局,新北市板橋區四川路１段２５１號,(02)29617476,0,126,2020/02/13 16:37:09
5931011447,日生大藥局,新北市板橋區中正路１巷１６弄１６號,(02)29675261,0,116,2020/02/13 16:37:09
5931011474,新欣藥局,新北市板橋區金門街１２８號,(02)26828061,0,7,2020/02/13 16:37:09
5931011545,眾安大藥局,新北市板橋區長安街３３１巷７８號,(02)29550742,0,26,2020/02/13 16:37:09
5931011947,長弘藥局,新北市板橋區龍泉街１１０號,(02)22558789,0,12,2020/02/13 16:37:09
5931012042,喬治藥局,新北市板橋區國慶路１５５號１樓,(02)29630787,0,4,2020/02/13 16:37:09
5931012051,全曜藥局,新北市板橋區民權路２６０巷６２號,(02)29682681,30,40,2020/02/13 16:37:09
5931012131,中山大藥局,新北市板橋區中山路１段１０７號,(02)29575029,0,90,2020/02/13 16:37:09
5931012140,南雅藥局,新北市板橋區南雅南路１段５巷２２號,(02)22725358,0,68,2020/02/13 16:37:09
5931012239,信昌藥局,新北市板橋區三民路２段２０２－９號,(02)29510784,0,60,2020/02/13 16:37:09
5931012257,大昌藥局,新北市板橋區北門街２８號,(02)89682579,0,130,2020/02/13 16:37:09
5931013343,晉麟藥局,新北市板橋區懷德街７８巷４號,(02)22509069,0,40,2020/02/13 16:37:09
5931013361,長欣藥師藥局,新北市板橋區中山路２段５０５巷３６號,(02)29585308,1,48,2020/02/13 16:37:09
5931013389,谷全藥局,新北市板橋區裕民街４９號,(02)22561856,4,122,2020/02/13 16:37:09
5931013441,擎天藥局,新北市板橋區重慶路２３５號１樓,(02)89525981,0,38,2020/02/13 16:37:09
5931013478,富盛藥局,新北市板橋區四維路２９１巷４弄２４號１樓,(02)22596016,0,160,2020/02/13 16:37:09
5931013629,安聯藥局,新北市板橋區宏國路１１３號１樓,(02)22569079,32,157,2020/02/13 16:37:09
5931013692,合泰藥局,新北市板橋區忠孝路１９號１樓,(02)29572437,0,80,2020/02/13 16:37:09
5931013736,杏華藥局,新北市板橋區溪北路１７０號１樓,(02)26757024,34,140,2020/02/13 16:37:09
5931013781,佳和藥局,新北市板橋區文化路１段３８７巷５號１樓,(02)22589598,0,192,2020/02/13 16:37:09
5931013790,力康藥局,新北市板橋區陽明街１０８號,(02)82570065,84,126,2020/02/13 16:37:09
5931013825,晨恩藥局,新北市板橋區文化路１段２１６號１樓,(02)22573400,0,36,2020/02/13 16:37:09
5931013843,快安藥局,新北市板橋區漢生西路３１號１樓,(02)29603557,0,172,2020/02/13 16:37:09
5931013852,瑞明藥局,新北市板橋區文化路１段１７號,(02)22728467,0,157,2020/02/13 16:37:09
5931013889,宏周藥局,新北市板橋區文化路２段５號,(02)22551438,0,124,2020/02/13 16:37:09
5931014028,康德藥局,新北市板橋區溪北路２８號,(02)26755151,74,230,2020/02/13 16:37:09
5931014046,欣安藥局,新北市板橋區懷德街１０９號１樓,(02)82570296,0,28,2020/02/13 16:37:09
5931014055,重成藥局,新北市板橋區民族路２６７號,(02)29504057,0,16,2020/02/13 16:37:09
5931014199,廷好藥局,新北市板橋區龍興街２５號１樓,(02)29697168,0,178,2020/02/13 16:37:09
5931014206,翰生藥局,新北市板橋區漢生西路７７之１號（１樓）,(02)82513666,0,170,2020/02/13 16:37:09
5931014224,大峰藥局,新北市板橋區莒光路１６８號１樓,(02)22510338,0,102,2020/02/13 16:37:09
5931014420,萬泰藥局,新北市板橋區信義路２２１之１號,(02)89645570,0,208,2020/02/13 16:37:09
5931014439,旭全藥局,新北市板橋區金門街３３１號,(02)26860526,10,48,2020/02/13 16:37:09
5931014528,文德藥局,新北市板橋區國光路４３號Ｂ１,(02)22728719,0,174,2020/02/13 16:37:09
5931014537,友虹藥師藥局,新北市板橋區國光路１６號,(02)29691181,0,48,2020/02/13 16:37:09
5931014555,廣益藥局,新北市板橋區自由路２１號,(02)22545726,0,36,2020/02/13 16:37:09
5931014635,健全藥局,新北市板橋區實踐路１２５號１樓,(02)89533330,0,82,2020/02/13 16:37:09
5931014699,惠林藥局,新北市板橋區篤行路３段９０號,(02)26878651,112,142,2020/02/13 16:37:09
5931014751,活泉藥局,新北市板橋區四川路１段１５６號１樓、２樓,(02)29647761,194,262,2020/02/13 16:37:09
5931014822,常仁藥局,新北市板橋區中正路１巷４號,(02)29674999,0,56,2020/02/13 16:37:09
5931014831,詠濟藥局,新北市板橋區幸福路２３號,(02)22536951,0,90,2020/02/13 16:37:09
5931014868,安佑藥局,新北市板橋區館前西路１５２-２號,(02)29670258,2,164,2020/02/13 16:37:09
5931014993,景好藥師藥局,新北市板橋區國光路１８２號１樓,(02)22724728,0,90,2020/02/13 16:37:09
5931015061,雙十健保藥局,新北市板橋區雙十路２段１３８號２樓,(02)82537713,0,101,2020/02/13 16:37:09
5931015187,皇慶藥局,新北市板橋區南門街８１、８３號１、２樓及館前西路１１２巷７號,(02)29655351,0,82,2020/02/13 16:37:09
5931015285,廣安健保藥師藥局,新北市板橋區四維路３５５號１樓,(02)22580963,0,18,2020/02/13 16:37:09
5931015301,利安中西藥局,新北市板橋區板新路１４３號,(02)29644745,200,126,2020/02/13 16:37:09
5931015454,府中藥局,新北市板橋區府中路１１０號,(02)29656731,0,82,2020/02/13 16:37:09
5931015605,僑中藥師藥局,新北市板橋區僑中１街１０２巷５弄１５號１樓,(02)29692547,0,32,2020/02/13 16:37:09
5931015641,廣明藥局,新北市板橋區莒光路９３號１樓,(02)22536325,4,38,2020/02/13 16:37:09
5931015687,正康健保藥局,新北市板橋區大觀路２段６５號１樓,(02)22756681,0,92,2020/02/13 16:37:09
5931015703,信美藥局,新北市板橋區新民街７巷１８號１樓,(02)29526100,0,60,2020/02/13 16:37:09
5931015721,新進發大藥局,新北市板橋區大同街２４號１樓,(02)22593926,6,0,2020/02/13 16:37:09
5931015749,品品藥局,新北市板橋區中山路２段４０２號〈１樓〉,(02)29647917,0,62,2020/02/13 16:37:09
5931015767,信安藥師藥局,新北市板橋區重慶路308-1號1樓,(02)29540315,70,72,2020/02/13 16:37:09
5931015829,德一藥局,新北市板橋區中山路２段２３８號１樓,(02)29535717,0,104,2020/02/13 16:37:09
5931015874,家碩藥局,新北市板橋區金門街３００號,(02)26755715,2,8,2020/02/13 16:37:09
5931015883,宜康藥局,新北市板橋區龍興街３３號１樓,(02)29603940,2,168,2020/02/13 16:37:09
5931015909,向康藥局,新北市板橋區實踐路１４７號１樓,(02)29637248,0,102,2020/02/13 16:37:09
5931015972,德豐健保藥局,新北市板橋區四川路２段４７巷３弄１號１樓,(02)89675880,0,32,2020/02/13 16:37:09
5931015981,立安中西藥局,新北市板橋區後埔街８３號１樓,(02)29582241,0,156,2020/02/13 16:37:09
5931015990,名安藥局,新北市板橋區龍興街５７號(１樓),(02)82751784,0,18,2020/02/13 16:37:09
5931016004,晴天藥局,新北市板橋區文化路１段１１６號２樓,(02)22506165,37,242,2020/02/13 16:37:09
5931016077,可安藥局,新北市板橋區南雅南路１段８之６號（１樓）,(02)29650131,0,60,2020/02/13 16:37:09
5931016139,莊敬健康人生藥局,新北市板橋區莊敬路８７號１樓,(02)22570028,0,26,2020/02/13 16:37:09
5931016219,樺新健保藥局,新北市板橋區華興街５２號１樓,(02)29525130,0,54,2020/02/13 16:37:09
5931016237,幸福健保藥局,新北市板橋區四維路１０６號１樓,(02)22530009,8,94,2020/02/13 16:37:09
5931016273,湯明藥局,新北市板橋區中山路２段３１９號１樓,(02)29571980,0,44,2020/02/13 16:37:09
5931016308,嘉恩健保藥局,新北市板橋區陽明街４０號２樓,(02)22509566,2,130,2020/02/13 16:37:09
5931016326,楓康藥局,新北市板橋區新海路１１９號１樓,(02)82582246,0,28,2020/02/13 16:37:09
5931016371,廣信健保藥局,新北市板橋區四維路３０４號１樓,(02)22592918,100,88,2020/02/13 16:37:09
5931016433,利安社區藥局,新北市板橋區德興街３７巷１４號（１樓）,(02)89671551,0,44,2020/02/13 16:37:09
5931016460,力安藥局,新北市板橋區莒光路１９６巷８號（１樓）,(02)22503349,0,86,2020/02/13 16:37:09
5931016504,仁泰藥局,新北市板橋區四川路２段３３號１樓,(02)89672133,3,168,2020/02/13 16:37:09
5931016531,利安藥師藥局,新北市板橋區南雅西路２段１１７號及１１９號１樓,(02)29666951,0,68,2020/02/13 16:37:09
5931016540,新海藥局,新北市板橋區新海路１２２號１、２樓,(02)22500190,4,18,2020/02/13 16:37:09
5931016577,廣泰藥師藥局,新北市板橋區館前西路１５０號１樓,(02)89698381,56,208,2020/02/13 16:37:09
5931016586,賜安藥局,新北市板橋區信義路６０號１樓,(02)29617483,0,6,2020/02/13 16:37:09
5931016611,民川藥局,新北市板橋區四川路１段９７號１樓,(02)29520090,0,135,2020/02/13 16:37:09
5931016657,溪崑藥局,新北市板橋區溪崑二街９７號２樓,(02)26872464,2,208,2020/02/13 16:37:09
5931016675,上嘉藥局,新北市板橋區四維路２９６號１樓,(02)22582278,34,80,2020/02/13 16:37:09
5931016700,葆康藥局,新北市板橋區四川路２段２４５巷３號１樓,(02)89678373,0,11,2020/02/13 16:37:09
5931016719,王林藥局,新北市板橋區忠孝路２４巷１５號（１樓）,(02)29636775,0,22,2020/02/13 16:37:09
5931016737,必生好藥局,新北市板橋區松柏街６７號１樓,(02)22511057,2,1,2020/02/13 16:37:09
5931016755,禾田藥局,新北市板橋區大觀路２段２６５巷１２號（１樓）,(02)29659899,0,38,2020/02/13 16:37:09
5931016791,廣和藥師藥局,新北市板橋區中山路２段１５０號１樓、２樓、３樓,(02)29522070,0,26,2020/02/13 16:37:09
5931016808,正安健保藥局,新北市板橋區民族路２２４號（１樓）,(02)29526813,4,92,2020/02/13 16:37:09
5931016817,浮洲藥局,新北市板橋區大觀路３段２１９巷８號１樓,(02)26758610,200,224,2020/02/13 16:37:09
5931016826,合佳藥局,新北市板橋區龍興街４７號１樓,(02)29683486,0,72,2020/02/13 16:37:09
5931016880,漢民藥局,新北市板橋區漢生東路３４６號（１樓）,(02)29598168,2,26,2020/02/13 16:37:09
5931016899,晨晰藥局,新北市板橋區漢生東路３４４號（１樓）,(02)89536273,0,60,2020/02/13 16:37:09
5931016915,微笑藥局,新北市板橋區中正路２１１號,(02)29655811,4,2,2020/02/13 16:37:09
5931016924,裕苠藥局,新北市板橋區裕民街６號,(02)22535227,0,42,2020/02/13 16:37:09
5931016942,金瑞藥局,新北市板橋區和平路１６１巷２４號（１樓）,(02)29533188,0,11,2020/02/13 16:37:09
5931016960,愛美得藥局,新北市板橋區中山路２段３４號１樓,(02)89539190,0,178,2020/02/13 16:37:09
5931017001,聯康藥局,新北市板橋區南雅南路２段１３６號（１樓）,(02)89674888,2,18,2020/02/13 16:37:09
5931017010,醫安藥局,新北市板橋區南雅南路１段１１號１樓及２樓,(02)29692588,0,158,2020/02/13 16:37:09
5931017029,明豐專業藥局,新北市板橋區四川路１段３２２號１樓,(02)29647542,2,195,2020/02/13 16:37:09
5931017047,永欣藥師藥局,新北市板橋區龍興街４６號１樓,(02)29687120,5,38,2020/02/13 16:37:09
5931017056,迦佰麗藥局,新北市板橋區南雅南路２段１１－２４號（１樓）,(02)29648498,0,134,2020/02/13 16:37:09
5931017065,杏文藥局,新北市板橋區實踐路１８５號（１樓）,(02)29565078,0,140,2020/02/13 16:37:09
5931017083,和安藥局,新北市板橋區四川路１段１７１號１樓,(02)29562068,0,228,2020/02/13 16:37:09
5931017092,康橋藥局,新北市板橋區文化路１段２７３號,(02)22532560,4,88,2020/02/13 16:37:09
5931017109,躍獅莒光藥局,新北市板橋區莒光路５８號１樓,(02)22556743,32,30,2020/02/13 16:37:09
5931017136,國慶藥局,新北市板橋區國慶路２６８號１樓,(02)29641680,0,124,2020/02/13 16:37:09
5931017172,順儷府中藥局,新北市板橋區中山路１段９６號（１樓）,(02)29541199,0,136,2020/02/13 16:37:09
5931017181,順儷民權藥局,新北市板橋區民權路２３４號１樓,(02)29609555,2,194,2020/02/13 16:37:09
5931017190,晴光藥局,新北市板橋區中山路２段２２５號２樓,(02)29646682,0,89,2020/02/13 16:37:09
5931017207,振昌藥局,新北市板橋區溪崑二街１４號１樓,(02)26862119,6,84,2020/02/13 16:37:09
5931017216,康鑫藥局,新北市板橋區文化路１段２０６號１樓,(02)82585135,0,52,2020/02/13 16:37:09
5931017243,大川藥局,新北市板橋區中山路２段８６號（１樓）,(02)29555011,6,86,2020/02/13 16:37:09
5931017261,正康新埔藥局,新北市板橋區介壽街４號（１樓）,(02)82595882,0,154,2020/02/13 16:37:09
5931017270,躍獅新埔藥局,新北市板橋區陽明街４７號１樓,(02)22543932,6,75,2020/02/13 16:37:09
5931017289,板橋大樹藥局,新北市板橋區忠孝路２８號（１樓）,(02)29555551,0,108,2020/02/13 16:37:09
5931017298,福澤藥局,新北市板橋區南雅南路１段８５號（１樓）,(02)29690013,6,142,2020/02/13 16:37:09
5931017305,躍獅國慶藥局,新北市板橋區國慶路１７９號（１樓）,(02)29641548,0,42,2020/02/13 16:37:09
5931017314,大楓藥師藥局,新北市板橋區懷仁街８４號（１樓）,(02)29560576,0,43,2020/02/13 16:37:09
5931017323,樂多藥局,新北市板橋區四維路１０８號（１樓）,(02)22523530,0,236,2020/02/13 16:37:09
5931017332,盛生藥局,新北市板橋區合宜路９９號（１樓）,(02)89697299,0,20,2020/02/13 16:37:09
5931017341,台安藥局,新北市板橋區中正路２０４號１樓、２樓、３樓,(02)29663600,6,28,2020/02/13 16:37:09
5931017369,軒源藥局,新北市板橋區信義路１６９號（１樓）,(02)29583995,1,82,2020/02/13 16:37:09
5931017387,華安藥局,新北市板橋區永豐街３２號（１樓）,(02)29581608,100,97,2020/02/13 16:37:09
5931017396,美康四維藥局,新北市板橋區四維路１２２號１樓,(02)22506616,6,102,2020/02/13 16:37:09
5931017403,光澤醫美藥局,新北市板橋區四川路１段２１號（１樓）,(02)29551215,0,182,2020/02/13 16:37:09
5931017430,麥田健保藥局,新北市板橋區雙十路２段１２０號２樓,(02)82529223,72,168,2020/02/13 16:37:09
5931017449,順儷長安藥局,新北市板橋區長安街１３８巷１弄５２號（１樓）,(02)29509615,0,42,2020/02/13 16:37:09
5931017458,吉發藥局,新北市板橋區文化路１段１８８巷５弄１５號１樓,(02)22577381,6,0,2020/02/13 16:37:09
5931017476,豐禾藥局,新北市板橋區中山路１段２７９號１樓,(02)89510666,0,202,2020/02/13 16:37:09
5931017494,佑全板橋四川藥局,新北市板橋區四川路１段４７１號１樓,(02)29559598,1,110,2020/02/13 16:37:09
5931017501,福澤館前藥局,新北市板橋區館前西路１３２號（１樓）,(02)29668399,6,154,2020/02/13 16:37:09
5931017529,埔全藥局,新北市板橋區忠孝路３３號（１樓）,(02)29567309,6,10,2020/02/13 16:37:09
5931017547,好爸爸藥局,新北市板橋區民治街１０７號１樓,(02)22559955,0,74,2020/02/13 16:37:09
5931017556,光鹽藥局,新北市板橋區中山路２段８４之２號（２樓）,(02)29552167,6,50,2020/02/13 16:37:09
5931017574,福安藥局,新北市板橋區國泰街７６巷２４、２６號１樓,(02)29540875,1,38,2020/02/13 16:37:09
5931017583,長頸鹿藥師藥局,新北市板橋區忠孝路１８１號（１樓）,(02)29598095,4,70,2020/02/13 16:37:09
5931017592,重慶藥局,新北市板橋區國慶路１２７號（１樓）,(02)29565586,0,108,2020/02/13 16:37:09
5931017609,莊敬藥局,新北市板橋區莊敬路１６３號（１樓）,(02)22551105,0,116,2020/02/13 16:37:09
5931017618,新埔健保藥局,新北市板橋區自由路２號１樓,(02)22558878,200,124,2020/02/13 16:37:09
5931020017,建宏藥局,新北市三重區名源街１６號,(02)29714533,52,68,2020/02/13 16:37:09
5931020133,上豪藥局,新北市三重區中正北路２２０號１樓,(02)29820399,0,68,2020/02/13 16:37:09
5931020286,博安藥局,新北市三重區正義南路３２號,(02)29751590,0,116,2020/02/13 16:37:09
5931020320,優達藥局,新北市三重區大智街１０８號１Ｆ,(02)29803986,18,176,2020/02/13 16:37:09
5931020400,新迪化中西藥局,新北市三重區三陽路２７號１樓,(02)29884755,4,78,2020/02/13 16:37:09
5931020428,久泰藥局,新北市三重區仁愛街３６號,(02)29735880,0,128,2020/02/13 16:37:09
5931020446,玉美藥局,新北市三重區力行路２段１３６巷４９弄２號,(02)22879836,4,12,2020/02/13 16:37:09
5931020464,合眾藥局,新北市三重區文化北路１０２巷３９號,(02)29897379,0,182,2020/02/13 16:37:09
5931020473,天佑藥局,新北市三重區大同北路８號,(02)29857456,0,162,2020/02/13 16:37:09
5931020508,佑民藥局,新北市三重區頂崁街２１１號,(02)29827022,38,96,2020/02/13 16:37:09
5931020562,力健藥局,新北市三重區自強路３段３８號,(02)29856255,0,130,2020/02/13 16:37:09
5931020599,德林藥局,新北市三重區中正北路５７２號,(02)29832019,0,22,2020/02/13 16:37:09
5931020624,新英藥師藥局,新北市三重區雙園街３７號,(02)29824840,6,182,2020/02/13 16:37:09
5931020633,仁安堂藥局,新北市三重區溪尾街２２０號,(02)22870278,4,130,2020/02/13 16:37:09
5931020697,建興藥局,新北市三重區三民街１０５號,(02)29888757,0,26,2020/02/13 16:37:09
5931020704,建芳藥局,新北市三重區集美街１７４號,(02)29763351,18,28,2020/02/13 16:37:09
5931020740,忠民藥局,新北市三重區車路頭街１６２號１樓,(02)22868256,4,124,2020/02/13 16:37:09
5931020795,杜廣德藥師藥局,新北市三重區大智街５３號,(02)29843152,0,124,2020/02/13 16:37:09
5931020820,三民藥師藥局,新北市三重區三民街１３４號,(02)29829328,0,47,2020/02/13 16:37:09
5931020848,吳廣隆藥局,新北市三重區長壽西街５－１號,(02)29715020,0,228,2020/02/13 16:37:09
5931020866,裕福藥局,新北市三重區長壽西街１４４號,(02)29831769,0,120,2020/02/13 16:37:09
5931020919,東裕藥局,新北市三重區重新路４段１２２號,(02)29773255,2,8,2020/02/13 16:37:09
5931020964,穗元大藥局,新北市三重區力行路１段１４９號１樓、１５１號１樓,(02)29827688,0,80,2020/02/13 16:37:09
5931020991,久洲藥局,新北市三重區長元街５１－９號,(02)29783515,0,135,2020/02/13 16:37:09
5931021014,鴻成藥局,新北市三重區同安街１１３號,(02)29727025,0,2,2020/02/13 16:37:09
5931021023,義中藥局,新北市三重區大同北路１０７號,(02)29815088,4,88,2020/02/13 16:37:09
5931021167,禮隆藥局,新北市三重區自強路４段６４號,(02)29894735,10,31,2020/02/13 16:37:09
5931021265,享生藥局,新北市三重區自強路１段２０７號１樓,(02)29807539,0,123,2020/02/13 16:37:09
5931021283,豐安藥局,新北市三重區三和路２段１５４巷１８號１樓,(02)29746701,0,96,2020/02/13 16:37:09
5931021372,福昌大藥局,新北市三重區溪尾街２０５號,(02)29714069,0,32,2020/02/13 16:37:09
5931021416,國星藥局,新北市三重區溪尾街１０９號,(02)29859203,0,22,2020/02/13 16:37:09
5931021452,家福藥局,新北市三重區仁愛街６８２號,(02)22877692,2,111,2020/02/13 16:37:09
5931021532,龍門藥局,新北市三重區龍門路１８９號,(02)29756141,6,94,2020/02/13 16:37:09
5931021658,上益藥局,新北市三重區忠孝路２段１３６號１樓,(02)29879460,0,118,2020/02/13 16:37:09
5931022806,聯鑫藥師藥局,新北市三重區正義北路２６９號,(02)89829880,0,36,2020/02/13 16:37:09
5931022931,承都藥局,新北市三重區中央南路４４號１樓,(02)29785989,0,58,2020/02/13 16:37:09
5931022995,立雄藥局,新北市三重區仁愛街７３３號１樓,(02)28578815,8,162,2020/02/13 16:37:09
5931023018,重德藥局,新北市三重區正義北路２４６號２樓,(02)89816164,0,200,2020/02/13 16:37:09
5931023027,五華藥局,新北市三重區仁愛街４２５巷９１號２樓,(02)29819948,0,172,2020/02/13 16:37:09
5931023036,華泰藥師藥局,新北市三重區五華街６６號１樓,(02)29866009,58,64,2020/02/13 16:37:09
5931023107,容安藥局,新北市三重區正義北路２３７號２樓,(02)89851582,1,152,2020/02/13 16:37:09
5931023116,宏安藥局,新北市三重區集美街１５８號１樓,(02)29785866,0,126,2020/02/13 16:37:09
5931023161,烈委藥局,新北市三重區五華街１３２號,(02)89812846,0,100,2020/02/13 16:37:09
5931023198,成立藥局,新北市三重區正義北路３１０－１號２樓,(02)89852355,0,166,2020/02/13 16:37:09
5931023223,兒安藥局,新北市三重區中華路５９號,(02)29897558,2,48,2020/02/13 16:37:09
5931023349,迪化藥局,新北市三重區中華路７７號,(02)29834445,0,176,2020/02/13 16:37:09
5931023447,安泰藥局,新北市三重區正義北路３００－３號２樓,(02)89815379,0,220,2020/02/13 16:37:09
5931023527,德慈藥局,新北市三重區重新路３段１６號１樓,(02)29736693,0,154,2020/02/13 16:37:09
5931023536,江村藥局,新北市三重區重新路３段９號,(02)29821024,3,144,2020/02/13 16:37:09
5931023563,寶貝藥局,新北市三重區仁愛街３０２－１號,(02)29802190,1,0,2020/02/13 16:37:09
5931023581,大重仁藥局,新北市三重區重新路５段５９２號１樓,(02)29958283,4,172,2020/02/13 16:37:09
5931023625,聖美膚藥局,新北市三重區正義北路１３０號,(02)29863456,0,160,2020/02/13 16:37:09
5931023670,誠泰藥師藥局,新北市三重區重新路３段１０２號,(02)89721125,2,68,2020/02/13 16:37:09
5931023732,松泰藥師藥局,新北市三重區大同北路６５號,(02)29859593,32,102,2020/02/13 16:37:09
5931023741,向上藥局,新北市三重區正義北路１９１號２樓,(02)29883398,10,206,2020/02/13 16:37:09
5931023750,興安藥局,新北市三重區正義北路２７５之１號,(02)29885795,0,166,2020/02/13 16:37:09
5931023830,忠信藥局,新北市三重區仁興街３２號,(02)29730020,0,104,2020/02/13 16:37:09
5931023858,開元藥局,新北市三重區正義北路３２４號２樓,(02)29873976,8,180,2020/02/13 16:37:09
5931023901,銘泰藥局,新北市三重區三和路４段１５３號２樓,(02)22865092,1,160,2020/02/13 16:37:09
5931023910,德河藥局,新北市三重區自強路１段３２０號,(02)0229869850,0,175,2020/02/13 16:37:09
5931024088,美滿藥局,新北市三重區中華路１６號,(02)89824272,4,4,2020/02/13 16:37:09
5931024097,義榮藥局,新北市三重區三和路２段１４２號１樓,(02)29727598,1,46,2020/02/13 16:37:09
5931024140,祥和藥局,新北市三重區三和路４段３７４號２樓,(02)22807522,0,176,2020/02/13 16:37:09
5931024168,合康健保藥局,新北市三重區三和路４段３８４號１樓,(02)22869999,0,42,2020/02/13 16:37:09
5931024239,禾華藥局,新北市三重區自強路５段８號１樓,(02)29871888,0,180,2020/02/13 16:37:09
5931024337,安立藥局,新北市三重區正義北路３１７號１樓,(02)66252626,8,152,2020/02/13 16:37:09
5931024355,天賜藥局,新北市三重區自強路１段８５號１樓,(02)29856852,10,132,2020/02/13 16:37:09
5931024373,予康藥局,新北市三重區文化北路１９８號１樓,(02)89858789,30,242,2020/02/13 16:37:09
5931024408,幸福藥妝藥局,新北市三重區正義北路３４２號１樓,(02)29896858,0,58,2020/02/13 16:37:09
5931024426,甜心健康生活藥局,新北市三重區福祉里集美街４５號１樓,(02)29762223,0,34,2020/02/13 16:37:09
5931024462,惠理藥局,新北市三重區重陽路１段１５２號,(02)29856710,4,72,2020/02/13 16:37:09
5931024499,信承藥局,新北市三重區信義西街４４號１樓,(02)29866476,0,144,2020/02/13 16:37:09
5931024515,陳藥局,新北市三重區三民街７７號,(02)29848601,0,94,2020/02/13 16:37:09
5931024524,陽明藥師藥局,新北市三重區三和路４段１６３巷１５號,(02)22867848,2,156,2020/02/13 16:37:09
5931024551,樂活處方箋藥局,新北市三重區中正北路９９號１樓,(02)29805182,0,104,2020/02/13 16:37:09
5931024588,陽光藥師藥局,新北市三重區三和路２段１８２號１樓,(02)29788120,84,74,2020/02/13 16:37:09
5931024622,萊康健保藥局,新北市三重區溪尾街１７６號１樓,(02)82871076,0,114,2020/02/13 16:37:09
5931024631,德榮藥局,新北市三重區中華路９１號１樓,(02)29717291,0,162,2020/02/13 16:37:09
5931024668,景康藥局,新北市三重區集美街２９號１樓,(02)89731717,1,80,2020/02/13 16:37:09
5931024677,博愛藥局,新北市三重區三民街２２０號１樓,(02)29711606,0,40,2020/02/13 16:37:09
5931024695,仁華藥局,新北市三重區五華街７３－１號１樓,(02)29806161,0,45,2020/02/13 16:37:09
5931024711,臻燿藥局,新北市三重區集美街１５０號１樓,(02)29724765,0,54,2020/02/13 16:37:09
5931024784,中華健保藥局,新北市三重區中華路９５號,(02)29813155,2,74,2020/02/13 16:37:09
5931024873,捷元健保藥局,新北市三重區三賢街１８５號１樓,(02)82877107,0,2,2020/02/13 16:37:09
5931024891,康慈藥局,新北市三重區忠孝路２段４０號１樓,(02)89813529,0,86,2020/02/13 16:37:09
5931024908,力行德榮藥局,新北市三重區力行路２段１７０號１樓,(02)22867170,1,82,2020/02/13 16:37:09
5931024935,健康藥局,新北市三重區安樂街５８號１樓,(02)29841882,0,156,2020/02/13 16:37:09
5931024944,康希藥局,新北市三重區三和路２段８３號１樓,(02)89728298,1,135,2020/02/13 16:37:09
5931024962,建祥三和藥局,新北市三重區三和路２段１６０號１樓,(02)29703379,80,194,2020/02/13 16:37:09
5931024971,欽勝藥局,新北市三重區重陽路４段６號２樓,(02)29857389,2,118,2020/02/13 16:37:09
5931025030,飛龍大藥局,新北市三重區龍濱路１６３號１樓,(02)29773733,0,32,2020/02/13 16:37:09
5931025076,慈愛藥局,新北市三重區溪尾街１７３號１樓,(02)89851330,3,85,2020/02/13 16:37:09
5931025110,慈惠藥局,新北市三重區仁愛街５１６號１、２樓,(02)22809009,8,108,2020/02/13 16:37:09
5931025174,小林健保藥局,新北市三重區文化北路６１－１號１樓,(02)29763895,0,142,2020/02/13 16:37:09
5931025192,榮康藥局,新北市三重區成功路８１號１樓,(02)29772723,0,90,2020/02/13 16:37:09
5931025236,祐銘藥局,新北市三重區龍門路２２號１樓,(02)29769001,0,46,2020/02/13 16:37:09
5931025245,黎明藥師藥局,新北市三重區三和路４段２２７號１樓,(02)82870958,2,92,2020/02/13 16:37:09
5931025254,仁愛健保藥局,新北市三重區力行路２段１５３號,(02)22805160,55,42,2020/02/13 16:37:09
5931025263,鴻泰健保藥局,新北市三重區重新路１段９５號１樓,(02)29769055,0,2,2020/02/13 16:37:09
5931025290,康新藥局,新北市三重區正義北路１８５號２樓,(02)29865982,0,99,2020/02/13 16:37:09
5931025307,佑全三重正義藥局,新北市三重區正義北路２０７號１、２樓；２０９號１、２樓,(02)29815341,0,106,2020/02/13 16:37:09
5931025325,欣悅藥局,新北市三重區正義北路２１０號１樓,(02)29711733,193,312,2020/02/13 16:37:09
5931025343,益成藥局,新北市三重區正義北路１５４號３樓之１,(02)89827261,0,138,2020/02/13 16:37:09
5931025352,光興藥局,新北市三重區正義南路６０之４號１樓,(02)89725780,10,174,2020/02/13 16:37:09
5931025361,宗安藥師藥局,新北市三重區頂崁街２０８號１樓,(02)29874243,0,86,2020/02/13 16:37:09
5931025398,昌誠藥局,新北市三重區三和路４段１６１號１樓,(02)22876338,0,156,2020/02/13 16:37:09
5931025432,利民藥局,新北市三重區自強路１段１７１號、１７３號１樓及２樓,(02)29852826,0,78,2020/02/13 16:37:09
5931025441,尚好藥局,新北市三重區力行路２段１４２號１樓,(02)22863232,100,80,2020/02/13 16:37:09
5931025478,正欣藥局,新北市三重區正義北路１１３號２樓之１,(02)29878878,0,218,2020/02/13 16:37:09
5931025487,臻曜藥局,新北市三重區重新路１段１２９號１樓,(02)29786003,3,120,2020/02/13 16:37:09
5931025503,德心藥局,新北市三重區三和路４段３２４號１樓,(02)82878101,0,150,2020/02/13 16:37:09
5931025521,徐匯藥局,新北市三重區仁愛街７５５號１樓,(02)28572234,0,69,2020/02/13 16:37:09
5931025549,吉康健保藥局,新北市三重區三民街２７９號１樓,(02)89810122,6,45,2020/02/13 16:37:09
5931025558,藥比健保藥局,新北市三重區成功路１０２號１樓,(02)29730069,104,148,2020/02/13 16:37:09
5931025567,閎安藥局,新北市三重區重新路２段８５號１樓、２樓,(02)29881968,4,118,2020/02/13 16:37:09
5931025585,美康中正北藥局,新北市三重區中正北路１４９號１樓２樓,(02)29882836,3,48,2020/02/13 16:37:09
5931025601,人康藥局,新北市三重區五華街１２８號１樓,(02)29800260,0,42,2020/02/13 16:37:09
5931025610,大樹三重藥局,新北市三重區正義北路６６號１樓,(02)29713188,0,138,2020/02/13 16:37:09
5931025638,華安生活藥局,新北市三重區重新路２段１２６號１樓,(02)29756534,2,24,2020/02/13 16:37:09
5931025647,幸康藥局,新北市三重區正義北路２０５號２樓,(02)29816052,10,242,2020/02/13 16:37:09
5931025656,煜安健保藥局,新北市三重區光明路２３號１樓,(02)29768128,0,10,2020/02/13 16:37:09
5931025665,宏原健保藥局,新北市三重區中正北路１８３號１樓,(02)29871515,1,82,2020/02/13 16:37:09
5931025683,政昇藥局,新北市三重區正義北路１２３號２樓之３,(02)29815690,0,176,2020/02/13 16:37:09
5931025692,杏一三重集成藥局,新北市三重區集成路４３號１樓,(02)29743410,36,90,2020/02/13 16:37:09
5931025709,重新藥局,新北市三重區重新路４段１２號１樓,(02)29742700,0,120,2020/02/13 16:37:09
5931025727,仁美藥局,新北市三重區慈愛街５１號１、２樓,(02)22805150,200,92,2020/02/13 16:37:09
5931025736,五華春天生活藥局,新北市三重區五華街７３號１、２樓,(02)29876838,22,26,2020/02/13 16:37:09
5931025745,恆源藥局,新北市三重區仁興街２８巷４１號１樓,(02)29765002,0,58,2020/02/13 16:37:09
5931025754,躍獅欣欣藥局,新北市三重區正義北路２３３號１樓,(02)29816955,34,130,2020/02/13 16:37:09
5931025763,美康三和藥局,新北市三重區三和路４段３２２號１、２樓,(02)22866858,0,126,2020/02/13 16:37:09
5931025781,芯慈藥局,新北市三重區永安北路２段１０５號１樓,(02)28570670,20,37,2020/02/13 16:37:09
5931030013,皇誼藥局,新北市永和區文化路３３號,(02)29278732,0,126,2020/02/13 16:37:09
5931030184,新昇大藥局,新北市永和區永亨路１２２號,(02)29298523,34,91,2020/02/13 16:37:09
5931030264,永達大藥局,新北市永和區大新街２號,(02)29213326,0,14,2020/02/13 16:37:09
5931030317,聖英藥局,新北市永和區福和路５５－１號,(02)29293613,2,74,2020/02/13 16:37:09
5931030504,律安藥局,新北市永和區中和路３２１號,(02)29287212,0,6,2020/02/13 16:37:09
5931030531,成功藥局,新北市永和區成功路１段１３３號,(02)29293622,0,26,2020/02/13 16:37:09
5931030540,易安堂藥局,新北市永和區民光街２２巷２號,(02)29431932,0,80,2020/02/13 16:37:09
5931030568,仲景藥局,新北市永和區竹林路２１３巷１號,(02)89281687,0,140,2020/02/13 16:37:09
5931030639,家宏藥局,新北市永和區成功路２段１２３號,(02)29256856,9,75,2020/02/13 16:37:09
5931030782,佳民藥局,新北市永和區永貞路２３８號,(02)29201678,0,148,2020/02/13 16:37:09
5931030960,中正藥局,新北市永和區中正路４３９號,(02)29219213,0,154,2020/02/13 16:37:09
5931032099,德和便利藥局,新北市永和區得和路１９４號１樓,(02)89431417,4,40,2020/02/13 16:37:09
5931032133,宸安藥局,新北市永和區得和路３８５號１樓,(02)22328274,0,6,2020/02/13 16:37:09
5931032188,原大藥局,新北市永和區永和路１段２０號１樓,(02)29272767,10,82,2020/02/13 16:37:09
5931032286,宏瑞藥局,新北市永和區文化路７８號,(02)32330993,1,136,2020/02/13 16:37:09
5931032311,立安藥局,新北市永和區永和路２段２０３號１樓,(02)89211786,19,101,2020/02/13 16:37:09
5931032339,宜泰藥局,新北市永和區永貞路２９７號,(02)89210657,0,194,2020/02/13 16:37:09
5931032419,台大藥局,新北市永和區保平路２４０號,(02)29242484,1,64,2020/02/13 16:37:09
5931032473,竹林藥局,新北市永和區竹林路１８１號２樓,(02)89266818,0,86,2020/02/13 16:37:09
5931032633,橘子藥局,新北市永和區仁愛路２９８號１樓,(02)32330390,0,4,2020/02/13 16:37:09
5931032759,友辰藥局,新北市永和區中正路３８０號１樓,(02)29267131,0,38,2020/02/13 16:37:09
5931032811,華特健康藥局,新北市永和區永貞路３６２號１樓,(02)29264391,14,126,2020/02/13 16:37:09
5931032875,上安藥局,新北市永和區仁愛路８０號１樓,(02)22328565,0,98,2020/02/13 16:37:09
5931032919,宏安藥局,新北市永和區中山路１段２０４號,(02)29281261,0,230,2020/02/13 16:37:09
5931032955,博輝藥局,新北市永和區中興街６０號１樓,(02)89211766,0,110,2020/02/13 16:37:09
5931032964,德上藥局,新北市永和區中正路１０６號,(02)89411077,0,146,2020/02/13 16:37:09
5931033023,榮總藥局,新北市永和區信義路１５號１樓,(02)29216596,30,46,2020/02/13 16:37:09
5931033032,弘光藥局,新北市永和區竹林路中興里６６巷１９號１樓,(02)29282000,0,108,2020/02/13 16:37:09
5931033078,博昇藥局,新北市永和區仁愛路２２號１樓,(02)29267273,0,152,2020/02/13 16:37:09
5931033087,康宏安藥局,新北市永和區保福路２段７８號１樓,(02)29288118,4,34,2020/02/13 16:37:09
5931033103,皇家藥師藥局,新北市永和區中正路７２０號１樓,(02)89216867,2,132,2020/02/13 16:37:09
5931033130,永利藥局,新北市永和區永利路９、１１號１樓,(02)29291655,0,68,2020/02/13 16:37:09
5931033176,緣來藥師藥局,新北市永和區福和路２５０、２５２號１樓,(02)29211798,2,119,2020/02/13 16:37:09
5931033185,偉凱藥局,新北市永和區永元路６號１樓,(02)29242595,0,35,2020/02/13 16:37:09
5931033194,廣惠藥局,新北市永和區中正路６４９號２樓,(02)29290675,52,186,2020/02/13 16:37:09
5931033201,級立健保藥局,新北市永和區保平路１３９號１樓,(02)29299995,2,126,2020/02/13 16:37:09
5931033345,御生藥局,新北市永和區中山路１段２７９號１樓,(02)29235658,0,74,2020/02/13 16:37:09
5931033363,保安藥局,新北市永和區保安路２１２號１樓,(02)29277623,70,70,2020/02/13 16:37:09
5931033416,詠悅藥局,新北市永和區中山路１段１７４號１樓,(02)29205760,18,180,2020/02/13 16:37:09
5931033461,常安中西藥局,新北市永和區保平路２６號１樓,(02)29283530,10,94,2020/02/13 16:37:09
5931033498,亞佐藥局,新北市永和區中山路１段１２８巷１７號１樓,(02)89219038,8,236,2020/02/13 16:37:09
5931033523,永奕藥局,新北市永和區永平路２８６之１號１樓,(02)22327709,0,52,2020/02/13 16:37:09
5931033541,大欣安藥局,新北市永和區得和路３７０號１樓,(02)29450808,8,6,2020/02/13 16:37:09
5931033578,悅美保健藥局,新北市永和區保生路２２巷２１號１樓,(02)22323515,1,34,2020/02/13 16:37:09
5931033603,安安藥局,新北市永和區竹林路２０３號１樓,(02)89263651,1,37,2020/02/13 16:37:09
5931033621,永正健康人生藥局,新北市永和區中正路１９１、１９３號１樓、１９７號２樓,(02)29467351,0,132,2020/02/13 16:37:09
5931033649,敦品民治藥局,新北市永和區民治街８１號１樓,(02)29494150,8,0,2020/02/13 16:37:09
5931033658,威成藥局,新北市永和區中和路４２９號１樓,(02)29263191,14,70,2020/02/13 16:37:09
5931033676,九州藥局,新北市永和區自由街５號１樓,(02)29226879,0,128,2020/02/13 16:37:09
5931033701,日陽藥局,新北市永和區竹林路２９號１樓,(02)89252346,0,148,2020/02/13 16:37:09
5931033756,順和藥局,新北市永和區中正路７５號１樓,(02)86680362,10,156,2020/02/13 16:37:09
5931033774,台化藥局,新北市永和區勵行街１１９號１樓,(02)22318585,0,98,2020/02/13 16:37:09
5931033783,星韻藥局,新北市永和區福和路８８號,(02)89282999,0,58,2020/02/13 16:37:09
5931033792,明慧藥師藥局,新北市永和區仁愛路２９５號１樓,(02)29297118,0,84,2020/02/13 16:37:09
5931033809,新禾藥局,新北市永和區中和路５３７號１樓,(02)29208877,0,214,2020/02/13 16:37:09
5931033854,柏愛藥局,新北市永和區竹林路５７號１樓,(02)89285609,0,20,2020/02/13 16:37:09
5931033863,欣安大藥局,新北市永和區福和路２２１號１樓,(02)22326685,0,52,2020/02/13 16:37:09
5931033872,菁大健保藥局,新北市永和區秀朗路２段１１８號１樓,(02)29289383,0,10,2020/02/13 16:37:09
5931033881,十路藥局,新北市永和區永貞路１６４號１樓,(02)29258955,0,110,2020/02/13 16:37:09
5931033890,康杏安藥局,新北市永和區保平路６０號１樓,(02)29298968,6,134,2020/02/13 16:37:09
5931033907,德美藥局,新北市永和區中正路４５５號１樓,(02)29274951,0,72,2020/02/13 16:37:09
5931033916,宜田藥局,新北市永和區中正路１１１號２樓,(02)29425935,24,204,2020/02/13 16:37:09
5931033925,康和藥局,新北市永和區中和路５８９號１樓,(02)22310300,0,92,2020/02/13 16:37:09
5931033934,新資生永貞大藥局,新北市永和區永貞路４２９號１樓,(02)29227202,0,88,2020/02/13 16:37:09
5931033943,崇恩藥局,新北市永和區成功路２段１３５號１樓,(02)89214022,0,6,2020/02/13 16:37:09
5931033952,澄品藥局,新北市永和區永利路９６號１樓,(02)22329871,0,50,2020/02/13 16:37:09
5931033961,永和大樹藥局,新北市永和區福和路１４３號１、２樓,(02)29233377,0,101,2020/02/13 16:37:09
5931033970,荃恩藥局,新北市永和區中山路１段１７２號１樓,(02)29220237,0,26,2020/02/13 16:37:09
5931040019,大榮藥局,新北市中和區中山路２段１２７號,(02)22497965,0,164,2020/02/13 16:37:09
5931040037,溫莎藥局,新北市中和區員山路２９２號,(02)82277275,0,16,2020/02/13 16:37:09
5931040055,瑞發藥局,新北市中和區民享街５６－１號,(02)22235319,4,40,2020/02/13 16:37:09
5931040082,中和光田藥局,新北市中和區連城路４８號,(02)22459602,0,218,2020/02/13 16:37:09
5931040144,安康藥局,新北市中和區圓通路３０９號,(02)22450837,0,68,2020/02/13 16:37:09
5931040153,上仁藥局,新北市中和區中山路２段１３１巷１１－１號,(02)22480074,0,161,2020/02/13 16:37:09
5931040180,福雄藥局,新北市中和區景平路５４０號,(02)22499894,0,148,2020/02/13 16:37:09
5931040215,華新藥局,新北市中和區華新街７３號,(02)29448345,4,32,2020/02/13 16:37:09
5931040242,天立藥局,新北市中和區莒光路１２２號,(02)29578831,10,70,2020/02/13 16:37:09
5931040297,信隆大藥局,新北市中和區安樂路６號１至２樓,(02)29426196,0,84,2020/02/13 16:37:09
5931040313,亮安藥局,新北市中和區宜安路２號,(02)29469898,6,106,2020/02/13 16:37:09
5931040322,宏信藥局,新北市中和區永貞路２６２巷４號,(02)29294976,0,76,2020/02/13 16:37:09
5931040359,劉永安藥局,新北市中和區景安路２２７號,(02)29458377,0,81,2020/02/13 16:37:09
5931040402,健星藥局,新北市中和區景平路７５４號,(02)22403437,0,110,2020/02/13 16:37:09
5931040475,顧藥局,新北市中和區圓通路１４０號,(02)22470133,0,62,2020/02/13 16:37:09
5931040546,林德興藥局,新北市中和區永貞路２４２巷９號,(02)29228026,0,254,2020/02/13 16:37:09
5931040573,欣大藥局,新北市中和區連城路３７２之３號１樓,(02)22217036,0,145,2020/02/13 16:37:09
5931040617,田邊藥局,新北市中和區泰和街４３號１樓,(02)22407725,0,52,2020/02/13 16:37:09
5931040653,新源林藥局,新北市中和區華新街２４號,(02)29421953,194,208,2020/02/13 16:37:09
5931040662,仙正藥局,新北市中和區福美路３０９號,(02)22494081,4,2,2020/02/13 16:37:09
5931040680,博健藥局,新北市中和區忠孝街３７巷４號,(02)29402107,12,26,2020/02/13 16:37:09
5931040724,梓芳大藥局,新北市中和區圓通路２７８號,(02)22405025,0,38,2020/02/13 16:37:09
5931040733,日發藥局,新北市中和區興南路２段５２－４號,(02)29424926,6,0,2020/02/13 16:37:09
5931040742,開發大藥局,新北市中和區興南路１段６號,(02)29412279,0,6,2020/02/13 16:37:09
5931040840,千大藥局,新北市中和區立人街１３號１樓,(02)29441567,0,62,2020/02/13 16:37:09
5931041061,裕壬藥局,新北市中和區新生街２０６、２０８號１樓,(02)32349358,0,26,2020/02/13 16:37:09
5931041070,祥田藥局,新北市中和區圓通路２３６號,(02)22452293,0,30,2020/02/13 16:37:09
5931042282,慈光藥局,新北市中和區南山路１１７號,(02)22407700,0,118,2020/02/13 16:37:09
5931042326,璟福藥局,新北市中和區安平路７６號１樓,(02)29408669,0,108,2020/02/13 16:37:09
5931042371,真成大藥局,新北市中和區光華街３８號,(02)22447008,0,146,2020/02/13 16:37:09
5931042424,九崧藥局,新北市中和區南華路２０號１樓,(02)22451379,2,0,2020/02/13 16:37:09
5931042577,威安藥局,新北市中和區景新街３２８號１樓,(02)29485117,0,1,2020/02/13 16:37:09
5931042611,安華藥局,新北市中和區圓通路２９３之２號２樓,(02)22489079,16,148,2020/02/13 16:37:09
5931042648,恩溢藥局,新北市中和區復興路７９號１樓.２樓,(02)22452450,50,84,2020/02/13 16:37:09
5931042728,上元藥局,新北市中和區景平路１６０號２樓,(02)29408050,6,170,2020/02/13 16:37:09
5931042782,弘安藥局,新北市中和區德光路１２１之１號１樓,(02)29646489,0,182,2020/02/13 16:37:09
5931042808,民德藥局,新北市中和區民德路６１－１號１樓,(02)89514746,1,70,2020/02/13 16:37:09
5931042817,家嘉藥局,新北市中和區員山路３７７號,(02)82281388,0,2,2020/02/13 16:37:09
5931042853,正陽藥師藥局,新北市中和區連城路３５４號１樓,(02)82287336,30,16,2020/02/13 16:37:09
5931043047,藥安藥局,新北市中和區廣福路１６號１樓,(02)22447066,2,2,2020/02/13 16:37:09
5931043109,育新藥局,新北市中和區中安街４０巷６號,(02)29283479,10,104,2020/02/13 16:37:09
5931043136,聖康藥師藥局,新北市中和區自立路３９號１樓,(02)29478002,0,112,2020/02/13 16:37:09
5931043216,億華藥局,新北市中和區景安路１５７號,(02)89421993,6,86,2020/02/13 16:37:09
5931043234,康荃優生保健藥局,新北市中和區福祥路６６號１樓,(02)22486532,6,162,2020/02/13 16:37:09
5931043369,泰泰健保藥局,新北市中和區德光路９７號,(02)89642049,0,62,2020/02/13 16:37:09
5931043396,立健藥局,新北市中和區連城路３１７號１樓,(02)22230614,0,16,2020/02/13 16:37:09
5931043421,錦和藥局,新北市中和區錦和路１６４號１樓,(02)82282296,0,20,2020/02/13 16:37:09
5931043430,慶華藥師藥局,新北市中和區華新街９０號１樓,(02)29420666,0,138,2020/02/13 16:37:09
5931043501,悅聖藥局,新北市中和區圓通路１４９號１樓,(02)22429779,0,82,2020/02/13 16:37:09
5931043529,新雙和藥師藥局,新北市中和區中正路２８１－８號１樓,(02)22404276,0,132,2020/02/13 16:37:09
5931043538,三越藥局,新北市中和區復興路２７７號１樓,(02)22427215,0,56,2020/02/13 16:37:09
5931043565,一安藥妝藥局,新北市中和區中和路９號１.２樓,(02)22483778,2,0,2020/02/13 16:37:09
5931043583,榮記大藥局,新北市中和區員山路４８２號１樓,(02)22239546,2,40,2020/02/13 16:37:09
5931043592,美佳大藥局,新北市中和區景安路１８５號,(02)29496560,2,134,2020/02/13 16:37:09
5931043636,雙合藥局,新北市中和區中正路２９１號１樓,(02)22476607,2,72,2020/02/13 16:37:09
5931043663,群芳藥局,新北市中和區和興里中興街７３號１樓,(02)22433729,0,140,2020/02/13 16:37:09
5931043690,捷勝藥師藥局,新北市中和區華順街１２２號〈１樓〉,(02)29646225,0,20,2020/02/13 16:37:09
5931043761,杏元藥局,新北市中和區員山路１７２號１樓,(02)22236868,0,92,2020/02/13 16:37:09
5931043770,宜安健康人生藥局,新北市中和區宜安路１６２號１樓,(02)29224648,20,116,2020/02/13 16:37:09
5931043798,永成藥局,新北市中和區景平路１５６號１樓,(02)29407619,12,72,2020/02/13 16:37:09
5931043921,良安藥局,新北市中和區文元里連城路３６６號１樓,(02)22225798,2,176,2020/02/13 16:37:09
5931043930,三德和藥局,新北市中和區吉興里南山路２８９號１樓,(02)22471028,4,24,2020/02/13 16:37:09
5931043976,詠邑藥局,新北市中和區南華路４３號１樓,(02)22445630,0,26,2020/02/13 16:37:09
5931044017,幸福連鎖藥局,新北市中和區忠孝街１２２號１樓,(02)29410771,2,56,2020/02/13 16:37:09
5931044044,宥元藥局,新北市中和區德光路６２號１樓,(02)89535473,0,20,2020/02/13 16:37:09
5931044133,康富力藥局,新北市中和區仁愛街３２號１樓,(02)29429896,0,86,2020/02/13 16:37:09
5931044188,安和藥師藥局,新北市中和區錦和路４１０號１樓,(02)22433708,0,44,2020/02/13 16:37:09
5931044204,康廷安藥局,新北市中和區大勇街１６號１樓,(02)86683599,0,30,2020/02/13 16:37:09
5931044240,杏安藥局,新北市中和區莊敬路３５號１樓,(02)22430281,2,80,2020/02/13 16:37:09
5931044268,冠品藥師藥局,新北市中和區連城路１１９號１樓,(02)22452129,2,64,2020/02/13 16:37:09
5931044277,維康藥局雙和店,新北市中和區圓通路２５２號１樓,(02)22431962,0,42,2020/02/13 16:37:09
5931044286,好意藥局,新北市中和區景新街４６７巷３號１樓,(02)89416598,0,46,2020/02/13 16:37:09
5931044357,順心藥局,新北市中和區景新街４３９號１樓,(02)29429680,2,168,2020/02/13 16:37:09
5931044375,藥聯藥師藥局,新北市中和區宜安路１４３號１樓,(02)29481198,0,78,2020/02/13 16:37:09
5931044393,躍獅康銓藥局,新北市中和區莒光路１４６號１樓,(02)29646452,10,30,2020/02/13 16:37:09
5931044419,喬登藥局,新北市中和區景平路６９７號１樓,(02)22470273,72,234,2020/02/13 16:37:09
5931044464,健暉藥局,新北市中和區連城路４８７號１樓,(02)22231437,12,88,2020/02/13 16:37:09
5931044482,悠悅藥局,新北市中和區安樂路２５號２樓,(02)29463755,0,244,2020/02/13 16:37:09
5931044491,里安藥局,新北市中和區員山路２７１－１號２樓,(02)32347111,0,66,2020/02/13 16:37:09
5931044508,和欣泰藥局,新北市中和區永貞路２２３號１樓,(02)29290867,0,55,2020/02/13 16:37:09
5931044571,中和環球藥局,新北市中和區中山路３段１２１號１樓,(02)22211812,0,45,2020/02/13 16:37:09
5931044580,躍獅天晴藥局,新北市中和區和平街９號１樓,(02)29491931,3,34,2020/02/13 16:37:09
5931044606,詠安藥局,新北市中和區員山路１５０之８號１樓,(02)22231606,0,176,2020/02/13 16:37:09
5931044615,安泰大藥局,新北市中和區南山路３５號１樓,(02)82459423,2,0,2020/02/13 16:37:09
5931044624,奕采藥局,新北市中和區宜安路７７號１樓,(02)29429770,9,14,2020/02/13 16:37:09
5931044642,貞心藥局,新北市中和區永貞路２８０之１號１樓,(02)29203865,0,116,2020/02/13 16:37:09
5931044660,吉佑藥局,新北市中和區大勇街３４號１樓,(02)89416539,1,38,2020/02/13 16:37:09
5931044679,以法蓮藥局,新北市中和區中興街１５４號１樓,(02)22438983,0,188,2020/02/13 16:37:09
5931044704,惠民藥局,新北市中和區中興街１５３號１樓,(02)22475303,0,58,2020/02/13 16:37:09
5931044713,信毅藥局,新北市中和區捷運路５６號１樓,(02)29423663,100,116,2020/02/13 16:37:09
5931044740,廣元藥局,新北市中和區興南路２段２７號１樓,(02)86681906,0,85,2020/02/13 16:37:09
5931044795,三華藥局,新北市中和區中正路１２４號１樓,(02)22470928,0,134,2020/02/13 16:37:09
5931044802,皇秦大藥局,新北市中和區中山路３段３９之１號１樓,(02)22269636,0,66,2020/02/13 16:37:09
5931044820,禾心藥局,新北市中和區秀朗路３段６４號１樓,(02)86688922,0,38,2020/02/13 16:37:09
5931044848,和霖生活藥局,新北市中和區復興路２８９號１樓,(02)22458227,0,3,2020/02/13 16:37:09
5931044866,景安藥局,新北市中和區景德街１４１號１樓及景平路１１１巷６０弄５６號,(02)86688215,0,22,2020/02/13 16:37:09
5931044875,誼安健業藥局,新北市中和區宜安路１１８巷２０號１樓,(02)86600058,4,56,2020/02/13 16:37:09
5931044884,壹品藥局,新北市中和區福祥路５５號１樓,(02)22481818,4,100,2020/02/13 16:37:09
5931044928,芳碩藥局,新北市中和區連城路４７巷２號１樓,(02)82458816,0,81,2020/02/13 16:37:09
5931044937,中和慈美藥局,新北市中和區中山路２段２０８號１樓,(02)22425835,0,226,2020/02/13 16:37:09
5931044946,綠杏廟口藥局,新北市中和區中和路１１５號１樓,(02)22470547,0,150,2020/02/13 16:37:09
5931044955,安騏生活藥局,新北市中和區南華路１５號１樓,(02)22445130,7,24,2020/02/13 16:37:09
5931044973,佳禾藥局,新北市中和區自立路３２號１樓,(02)29428989,2,0,2020/02/13 16:37:09
5931044982,萊恩藥局,新北市中和區景安路２０９號１樓,(02)29468395,12,50,2020/02/13 16:37:09
5931044991,曜群藥局,新北市中和區景安路２５號１樓,(02)89432206,0,89,2020/02/13 16:37:09
5931045014,藥安連勝藥局,新北市中和區連勝街３７號１樓,(02)22425266,14,4,2020/02/13 16:37:09
5931045023,公園親子藥局,新北市中和區安平路１５８號２樓,(02)86688726,0,40,2020/02/13 16:37:09
5931045032,朝安藥局,新北市中和區復興路２６２號１樓,(02)31511269,6,66,2020/02/13 16:37:09
5931045041,大誠藥局,新北市中和區民享街８７號１樓,(02)22258394,0,6,2020/02/13 16:37:09
5931045050,日發藥師藥局,新北市中和區華新街１９２巷４０號１樓,(02)89411088,0,1,2020/02/13 16:37:09
5931045069,禾昌藥局,新北市中和區中安街１７８巷２號１樓,(02)29267330,0,34,2020/02/13 16:37:09
5931045078,福澤員山藥局,新北市中和區員山路１２２號１樓,(02)22219551,0,112,2020/02/13 16:37:09
5931050033,仁淵藥局,新北市新店區北宜路１段７７號,(02)29128204,0,76,2020/02/13 16:37:09
5931050104,匯信大藥局,新北市新店區光明街１９２號,(02)29149009,0,8,2020/02/13 16:37:09
5931050131,再生藥局,新北市新店區北新路３段６５巷９號,(02)29113781,0,90,2020/02/13 16:37:09
5931050211,耀生中西藥局,新北市新店區文化路２１巷６號,(02)29118598,8,28,2020/02/13 16:37:09
5931050364,瑞欣藥局,新北市新店區吉安街３３號,(02)22112723,0,26,2020/02/13 16:37:09
5931050408,昌順藥局,新北市新店區安康路３段２６５號,(02)22156798,0,44,2020/02/13 16:37:09
5931050444,活元藥局,新北市新店區民族路４９號１樓,(02)29125526,0,4,2020/02/13 16:37:09
5931051585,益生大藥局,新北市新店區建國路１３２號,(02)29177961,0,80,2020/02/13 16:37:09
5931051601,昇旺藥局,新北市新店區建國路１０－１號１樓,(02)86659233,0,63,2020/02/13 16:37:09
5931051674,金美藥局,新北市新店區北新路３段１３８號１樓,(02)29146365,2,134,2020/02/13 16:37:09
5931051692,安康佑康健保藥局,新北市新店區安康路３段１７號,(02)22144938,0,50,2020/02/13 16:37:09
5931051790,家得福藥局,新北市新店區安康路２段１２３號１樓,(02)22118346,2,22,2020/02/13 16:37:09
5931051816,康宜庭北新藥局,新北市新店區北新路２段４３號１樓,(02)89147015,0,80,2020/02/13 16:37:09
5931051852,康裕藥局,新北市新店區民權路８號,(02)29135479,2,4,2020/02/13 16:37:09
5931051950,中央大藥局,新北市新店區中央路２０８－１號１樓,(02)82187135,0,18,2020/02/13 16:37:09
5931052091,康宜庭大坪林藥局,新北市新店區北新路３段１２７號１樓,(02)89116029,0,78,2020/02/13 16:37:09
5931052135,椿萱藥局,新北市新店區建國路６９號,(02)29188311,0,90,2020/02/13 16:37:09
5931052251,昇育健康藥局,新北市新店區中央三街１１５號１樓,(02)86679631,0,28,2020/02/13 16:37:09
5931052313,欣康藥局,新北市新店區中正路２９３號１樓,(02)89113189,4,72,2020/02/13 16:37:09
5931052368,正安藥局,新北市新店區明德路５０號１樓,(02)29115809,0,28,2020/02/13 16:37:09
5931052386,康宜庭民權藥局,新北市新店區民權路４８－２號１樓,(02)86655371,0,28,2020/02/13 16:37:09
5931052395,寶輝藥局,新北市新店區光明街３００號１樓,(02)29118767,6,14,2020/02/13 16:37:09
5931052439,德莘藥局,新北市新店區中正路４１３號１樓,(02)86655462,0,80,2020/02/13 16:37:09
5931052457,東碩藥局,新北市新店區建國路１６８號１樓,(02)29118281,0,152,2020/02/13 16:37:09
5931052484,大河藥局,新北市新店區三民路１４０號１樓,(02)29140910,0,30,2020/02/13 16:37:09
5931052500,欣美藥局,新北市新店區寶橋路６巷２號１樓,(02)29137321,0,14,2020/02/13 16:37:09
5931052608,佑成藥局,新北市新店區民權路１０１號１樓,(02)86673537,10,64,2020/02/13 16:37:09
5931052644,杏運草藥局,新北市新店區北新路１段１９號１樓,(02)89115998,0,82,2020/02/13 16:37:09
5931052653,正升藥局,新北市新店區順安街６１號１樓,(02)29139493,0,98,2020/02/13 16:37:09
5931052699,維顥藥局,新北市新店區中興路１段２７９號１樓,(02)29171986,0,114,2020/02/13 16:37:09
5931052715,陽光健康藥局,新北市新店區安民街２１４號,(02)22123919,0,6,2020/02/13 16:37:09
5931052724,合康大藥局,新北市新店區中正路２６３－２號１樓,(02)29109888,4,58,2020/02/13 16:37:09
5931052751,新康藥局,新北市新店區北新路１段１９５號１樓、２樓,(02)29178179,0,78,2020/02/13 16:37:09
5931052797,安欣藥局,新北市新店區北宜路２段２６號１樓,(02)22175450,0,56,2020/02/13 16:37:09
5931052804,新店家安藥局,新北市新店區三民路３２－１號２樓,(02)29117207,0,146,2020/02/13 16:37:09
5931052822,瑞安健保藥局,新北市新店區中正路１４２號１樓,(02)29105252,0,100,2020/02/13 16:37:09
5931052840,微笑生活藥局,新北市新店區建國路８５號１樓,(02)89113397,0,60,2020/02/13 16:37:09
5931052868,均安藥局,新北市新店區民權路８９號１樓,(02)29127861,20,66,2020/02/13 16:37:09
5931052911,倍思特藥局,新北市新店區中興路２段２３９號２樓,(02)89116159,1,126,2020/02/13 16:37:09
5931052920,碧潭大藥局,新北市新店區碧潭路４１號１樓,(02)22112271,0,64,2020/02/13 16:37:09
5931052966,禾宜藥局,新北市新店區北新路３段１２８號１樓,(02)29150411,2,124,2020/02/13 16:37:09
5931052984,北一藥師藥局,新北市新店區北新路２段１６０號１樓、２樓,(02)89115686,0,69,2020/02/13 16:37:09
5931052993,唯客優藥局,新北市新店區安康路２段２１６號１樓,(02)22126071,0,30,2020/02/13 16:37:09
5931053007,康曜藥師藥局,新北市新店區安康路２段２４０號１樓,(02)86669660,0,12,2020/02/13 16:37:09
5931053016,佳泰藥局,新北市新店區建國路２２４號１樓,(02)89193422,0,8,2020/02/13 16:37:09
5931053025,健詮藥局,新北市新店區建國路１１９號１樓,(02)29116312,2,72,2020/02/13 16:37:09
5931053034,康宜庭市公所藥局,新北市新店區北新路１段２８５號１樓,(02)29151709,0,21,2020/02/13 16:37:09
5931053052,巧新藥局,新北市新店區北宜路１段８４號１樓,(02)29183565,44,104,2020/02/13 16:37:09
5931053061,耕莘健康人生藥局,新北市新店區民族路１８６號１樓,(02)22194743,1,81,2020/02/13 16:37:09
5931053070,美康中正藥局,新北市新店區中正路２１５號１、２樓,(02)29112669,1,44,2020/02/13 16:37:09
5931053089,昇活藥局,新北市新店區安民街２６９巷２號１樓,(02)22114166,0,26,2020/02/13 16:37:09
5931053098,仁心藥局,新北市新店區中正路４０２號１樓,(02)22186322,2,172,2020/02/13 16:37:09
5931053105,十二願藥局,新北市新店區中正路６８２號１樓,(02)22181899,5,66,2020/02/13 16:37:09
5931053123,大吉藥局,新北市新店區中正路３０號１樓,(02)29110151,0,72,2020/02/13 16:37:09
5931053132,康宜庭碧潭藥局,新北市新店區北宜路１段４１號１樓,(02)29186266,8,27,2020/02/13 16:37:09
5931053141,禾康藥局,新北市新店區德正街４４號１樓,(02)29160596,0,104,2020/02/13 16:37:09
5931060146,海山藥局,新北市新莊區景德路４２５號,(02)22019804,0,42,2020/02/13 16:37:09
5931060217,富國藥局,新北市新莊區富國路３１號,(02)29039334,0,12,2020/02/13 16:37:09
5931060244,七安大藥局,新北市新莊區民安西路５５號１、２樓及５７號１樓,(02)22026066,0,90,2020/02/13 16:37:09
5931060262,明生藥局,新北市新莊區福樂街１３號,(02)29913260,16,12,2020/02/13 16:37:09
5931060315,文安藥局,新北市新莊區福壽街１１６號,(02)29978477,0,12,2020/02/13 16:37:09
5931060351,冠仁藥局,新北市新莊區四維路１２６巷６號,(02)22083611,0,92,2020/02/13 16:37:09
5931060440,楊氏武田藥局,新北市新莊區化成路３７３－５號,(02)85221868,14,16,2020/02/13 16:37:09
5931060548,二安藥局,新北市新莊區中港路６５號,(02)29914527,51,125,2020/02/13 16:37:09
5931060557,一安藥局,新北市新莊區立德里新泰路２６８號,(02)29941618,2,46,2020/02/13 16:37:09
5931060619,蘇藥局,新北市新莊區中平路６巷３７號,(02)29917818,112,114,2020/02/13 16:37:09
5931060628,錄新藥局,新北市新莊區後港一路７６巷１０弄１號,(02)22051849,0,28,2020/02/13 16:37:09
5931060646,王藥局,新北市新莊區昌盛街３８號,(02)29922404,0,60,2020/02/13 16:37:09
5931060682,勝安藥局,新北市新莊區中正路３３４巷２３號１樓,(02)29963394,12,137,2020/02/13 16:37:09
5931060744,祥好大藥局,新北市新莊區新泰路３３１號,(02)29939051,0,20,2020/02/13 16:37:09
5931060815,祐全大藥局,新北市新莊區建安街８８號,(02)22026008,0,42,2020/02/13 16:37:09
5931060824,禮安藥師藥局,新北市新莊區自立街１０９號１樓,(02)29942891,0,115,2020/02/13 16:37:09
5931065810,吉田藥局,新北市新莊區西盛街３１３號,(02)22065185,8,142,2020/02/13 16:37:09
5931065927,聯成藥局,新北市新莊區中正路３３２號,(02)29941915,0,175,2020/02/13 16:37:09
5931067092,恩泰藥局,新北市新莊區民安西路２６５號－１,(02)22038680,1,63,2020/02/13 16:37:09
5931067109,揚明藥師藥局,新北市新莊區中港路１５４號,(02)29921473,0,108,2020/02/13 16:37:09
5931067136,蒲陽藥局,新北市新莊區中港路５１４號,(02)29930069,2,72,2020/02/13 16:37:09
5931067145,鶴田藥局,新北市新莊區自信街２７號１樓,(02)22796718,0,84,2020/02/13 16:37:09
5931067172,民安藥局,新北市新莊區民安路２３２號,(02)22038910,0,154,2020/02/13 16:37:09
5931067216,鍵豐藥局,新北市新莊區中和街１５８號１樓,(02)29917452,0,60,2020/02/13 16:37:09
5931067332,富祐藥局,新北市新莊區民安西路２１號１樓,(02)82012451,0,38,2020/02/13 16:37:09
5931067378,天給藥局,新北市新莊區幸福路６７０巷２弄１９號１樓,(02)29921451,52,94,2020/02/13 16:37:09
5931067412,幸寧藥局,新北市新莊區福壽街８４巷１２號１樓,(02)29971150,2,11,2020/02/13 16:37:09
5931067494,福營藥局,新北市新莊區富國路１０７號２樓,(02)22059697,20,181,2020/02/13 16:37:09
5931067529,北安藥局,新北市新莊區幸福路５２９號１樓,(02)29906923,2,116,2020/02/13 16:37:09
5931067547,金翔藥局,新北市新莊區幸福路５９５號１樓,(02)29988528,0,168,2020/02/13 16:37:09
5931067565,豐年藥局,新北市新莊區中正路３７７巷１６號,(02)22071182,0,60,2020/02/13 16:37:09
5931067850,聯合藥局,新北市新莊區新泰路１９４號２樓,(02)22796464,10,164,2020/02/13 16:37:09
5931067903,西華藥局,新北市新莊區後港１路１０２號１樓,(02)82012697,0,154,2020/02/13 16:37:09
5931067985,蘋果藥局,新北市新莊區八德街１０５號,(02)22053933,16,52,2020/02/13 16:37:09
5931068008,北醫藥局,新北市新莊區思源路１１９號１樓,(02)29983670,4,218,2020/02/13 16:37:09
5931068080,快樂藥局,新北市新莊區興漢里中正路２４３－１號１至２樓,(02)29902200,0,80,2020/02/13 16:37:09
5931068151,世鴻藥局,新北市新莊區八德里民安路１３７巷２弄２號１樓,(02)22050289,1,134,2020/02/13 16:37:09
5931068160,三大藥局,新北市新莊區建安里民安路１９７號,(02)22030503,0,115,2020/02/13 16:37:09
5931068268,新莊大東藥局,新北市新莊區幸福路８０６號１樓,(02)22766026,46,144,2020/02/13 16:37:09
5931068302,宏發藥局,新北市新莊區民安西路２６３號１樓,(02)22048303,0,45,2020/02/13 16:37:09
5931068375,惠欣藥局,新北市新莊區全泰里建中街７２－１號１樓,(02)29978962,0,85,2020/02/13 16:37:09
5931068455,合康藥師藥局,新北市新莊區中平里中平路３０６號,(02)29924496,15,69,2020/02/13 16:37:09
5931068464,健安藥局,新北市新莊區光和里民安西路２０９號１樓,(02)22043765,2,154,2020/02/13 16:37:09
5931068508,凱盛藥局,新北市新莊區光榮里西盛街１９９號,(02)22024914,100,42,2020/02/13 16:37:09
5931068535,永安藥局,新北市新莊區中港里中港路３２１號２樓,(02)22765900,0,138,2020/02/13 16:37:09
5931068580,春元藥局,新北市新莊區南港里龍安路２７８巷２號１樓,(02)22085202,0,38,2020/02/13 16:37:09
5931068599,建昌藥局,新北市新莊區福營里中正路５５７號,(02)29015422,0,132,2020/02/13 16:37:09
5931068624,瑞豐大藥局,新北市新莊區建福里後港一路１０５號,(02)22049932,8,10,2020/02/13 16:37:09
5931068633,福華藥局,新北市新莊區自立里復興路２段１０９號,(02)89917390,0,64,2020/02/13 16:37:09
5931068660,翔昱健保藥局,新北市新莊區恆安里中港路１２０號,(02)29983056,0,18,2020/02/13 16:37:09
5931068759,森活藥局,新北市新莊區民安路２２０－１號,(02)22027927,64,185,2020/02/13 16:37:09
5931068819,東京大藥局,新北市新莊區民安路１７６號１樓,(02)22063806,0,20,2020/02/13 16:37:09
5931068866,大愛藥師藥局,新北市新莊區後港一路６９號１樓,(02)22042119,0,54,2020/02/13 16:37:09
5931068875,旭生藥局,新北市新莊區裕民街４２號１樓,(02)29021289,0,66,2020/02/13 16:37:09
5931068884,樂寶兒藥局,新北市新莊區中正路８２－２號１樓,(02)0229900185,0,19,2020/02/13 16:37:09
5931068964,賞安藥局,新北市新莊區中平路３７３號１樓,(02)89917554,2,10,2020/02/13 16:37:09
5931068973,富安藥局,新北市新莊區復興路１段２５號－１，２樓,(02)22767620,0,34,2020/02/13 16:37:09
5931068991,新莊健業藥局,新北市新莊區昌平街３７號１樓至２樓,(02)22798808,0,6,2020/02/13 16:37:09
5931069023,陽光藥局,新北市新莊區福壽街７２號,(02)22774399,2,43,2020/02/13 16:37:09
5931069201,招安藥師藥局,新北市新莊區西盛街３３８號１樓,(02)22085138,0,4,2020/02/13 16:37:09
5931069256,喜來樂中西藥局,新北市新莊區昌平街２０號１樓,(02)29912068,0,20,2020/02/13 16:37:09
5931069265,錦安藥局,新北市新莊區民安路２０１號１樓,(02)22011242,0,160,2020/02/13 16:37:09
5931069363,明亮藥局,新北市新莊區幸福路５１１號１樓,(02)29962671,0,113,2020/02/13 16:37:09
5931069372,羽豐藥局,新北市新莊區新莊路３８２號１樓,(02)22029812,64,62,2020/02/13 16:37:09
5931069498,新杏藥局,新北市新莊區新泰路９９號１樓,(02)22011012,2,74,2020/02/13 16:37:09
5931069505,陽光連鎖藥局,新北市新莊區中信街４０號１樓,(02)22774300,0,48,2020/02/13 16:37:09
5931069532,聯盟藥局,新北市新莊區中港路２６７巷１號１樓,(02)29941168,0,150,2020/02/13 16:37:09
5931069541,立威藥局,新北市新莊區民安西路６號１樓,(02)22068690,0,114,2020/02/13 16:37:09
5931069569,心安藥局,新北市新莊區新泰路１９３號２樓,(02)22779773,19,153,2020/02/13 16:37:09
5931069603,中信藥師藥局,新北市新莊區中信街８０號１樓,(02)29969811,0,8,2020/02/13 16:37:09
5931069701,日光藥局,新北市新莊區中港路４０４號１樓,(02)89937296,0,111,2020/02/13 16:37:09
5931069747,禾佳藥局,新北市新莊區民安西路１５４號１樓,(02)22080189,0,40,2020/02/13 16:37:09
5931069765,健業藥妝藥局,新北市新莊區中和街１３０號１樓,(02)22796279,76,66,2020/02/13 16:37:09
5931069792,宏泰藥局,新北市新莊區自信街３７號１樓,(02)29964649,30,88,2020/02/13 16:37:09
5931069836,家安藥局,新北市新莊區昌明街３８－１號,(02)29911764,198,170,2020/02/13 16:37:09
5931069854,康民藥局,新北市新莊區富國路１１０號１樓,(02)22054439,0,55,2020/02/13 16:37:09
5931069863,大方藥局,新北市新莊區中平路８９號１樓,(02)29938891,0,18,2020/02/13 16:37:09
5931069916,朝陽藥局,新北市新莊區新泰路１４８號２樓,(02)29983020,9,154,2020/02/13 16:37:09
593106A011,八德藥局,新北市新莊區八德街３號２樓,(02)22071315,60,74,2020/02/13 16:37:09
593106A020,紅豆藥局,新北市新莊區龍安路７８號１樓,(02)29047700,0,56,2020/02/13 16:37:09
593106A039,大仁藥局,新北市新莊區公園一路３２號１樓,(02)22776023,0,150,2020/02/13 16:37:09
593106A093,環球藥局,新北市新莊區中港路４３６號１、２樓,(02)29901934,0,63,2020/02/13 16:37:09
593106A137,力源藥局,新北市新莊區復興路２段１３３號１樓,(02)89929919,4,79,2020/02/13 16:37:09
593106A155,日榮藥局,新北市新莊區龍安路４６１號１樓,(02)22051523,0,86,2020/02/13 16:37:09
593106A164,家福健保藥局,新北市新莊區福壽街６７號２樓,(02)29942730,0,69,2020/02/13 16:37:09
593106A173,華泰藥局,新北市新莊區昌明街８０號１樓,(02)89928500,84,102,2020/02/13 16:37:09
593106A182,和昌藥局,新北市新莊區中安街１５號１樓,(02)29900669,115,154,2020/02/13 16:37:09
593106A226,詠康聯合藥局,新北市新莊區中榮街６６巷１號１樓,(02)29964436,0,72,2020/02/13 16:37:09
593106A244,巧心藥局,新北市新莊區建中街９２號１樓,(02)22778584,0,32,2020/02/13 16:37:09
593106A299,悅生藥局,新北市新莊區龍安路３４３－１號１樓,(02)22081219,0,77,2020/02/13 16:37:09
593106A324,向日葵健保藥局,新北市新莊區建福路５０號１樓,(02)22060377,0,92,2020/02/13 16:37:09
593106A342,真美滿藥局,新北市新莊區幸福路７２９號２樓,(02)29919473,0,92,2020/02/13 16:37:09
593106A351,平安藥局,新北市新莊區民安西路６０號２樓,(02)22082368,2,76,2020/02/13 16:37:09
593106A379,輔大美康藥局,新北市新莊區中正路５１０號之１，１樓,(02)29013056,0,93,2020/02/13 16:37:09
593106A388,元大藥局,新北市新莊區富國路２０４號１、２樓,(02)22020082,0,112,2020/02/13 16:37:09
593106A404,新新藥局,新北市新莊區新泰路６２號２樓,(02)29945994,0,55,2020/02/13 16:37:09
593106A422,英謙藥局,新北市新莊區新泰路２６１號１樓,(02)22774822,14,128,2020/02/13 16:37:09
593106A477,喜悅藥局,新北市新莊區後港一路５５號１樓,(02)22047442,34,100,2020/02/13 16:37:09
593106A511,明仁健保藥局,新北市新莊區民安西路１９５號１樓,(02)22085175,0,10,2020/02/13 16:37:09
593106A520,臻善美藥局,新北市新莊區幸福路７８６號１樓,(02)89914303,1,169,2020/02/13 16:37:09
593106A566,一心春天藥局,新北市新莊區中和街１３號１樓、地下室,(02)89929482,0,46,2020/02/13 16:37:09
593106A584,記安大藥局,新北市新莊區天祥街４６號１樓,(02)22095331,4,7,2020/02/13 16:37:09
593106A600,全鎵藥局,新北市新莊區建中街２２號１樓,(02)22761550,18,36,2020/02/13 16:37:09
593106A628,中原藥局,新北市新莊區中原路９３號１樓,(02)89920668,0,82,2020/02/13 16:37:09
593106A637,薇妮藥妝藥局,新北市新莊區民安路９９號１樓,(02)82010817,28,24,2020/02/13 16:37:09
593106A646,薇妮雙鳳藥局,新北市新莊區雙鳳路２１號１樓,(02)29076993,4,12,2020/02/13 16:37:09
593106A655,家嘉藥局,新北市新莊區自立街１０３號１樓,(02)89926488,0,98,2020/02/13 16:37:09
593106A691,大樹新莊藥局,新北市新莊區新泰路５９號１、２樓,(02)22010566,2,102,2020/02/13 16:37:09
593106A708,宏福藥局,新北市新莊區自信街５５號１樓,(02)29985225,13,55,2020/02/13 16:37:09
593106A717,大樹幸福藥局,新北市新莊區幸福路６７２號１樓,(03)4333123,0,52,2020/02/13 16:37:09
593106A726,良和健保藥局,新北市新莊區龍安路４９號１樓,(02)29048157,0,14,2020/02/13 16:37:09
593106A735,樂家藥局,新北市新莊區中平路２７３號１樓,(02)29960723,2,13,2020/02/13 16:37:09
593106A744,永明藥局,新北市新莊區幸福路５９８號１樓,(02)89920019,0,154,2020/02/13 16:37:09
593106A753,宜安中西藥局,新北市新莊區龍安路２４號１樓,(02)29083318,2,28,2020/02/13 16:37:09
593106A762,新康健保藥局,新北市新莊區自立街１７２號１樓,(02)29962558,0,3,2020/02/13 16:37:09
593106A771,新佑康健保藥局,新北市新莊區中華路１段３５號１樓,(02)29947490,0,22,2020/02/13 16:37:09
593106A806,北安藥妝健康廣場佳康藥局,新北市新莊區雙鳳路２７號１樓，２樓,(02)29069899,0,4,2020/02/13 16:37:09
593106A824,家禾藥局,新北市新莊區立信五街６號１樓,(02)29972121,100,34,2020/02/13 16:37:09
593106A833,欣國藥局,新北市新莊區富國路５７號１樓、２樓,(02)29080958,8,52,2020/02/13 16:37:09
593106A842,鼎極藥局,新北市新莊區民安西路３７６號之１、之３（１樓）,(02)22073228,0,123,2020/02/13 16:37:09
593106A851,躍獅新豐藥局,新北市新莊區豐年街１６號１樓,(02)22058055,0,116,2020/02/13 16:37:09
593106A860,新莊至誠藥局,新北市新莊區中平路２９號２樓,(02)29980345,14,60,2020/02/13 16:37:09
593106A888,晉成藥局,新北市新莊區中正路７００－２３號１樓,(02)29017469,78,161,2020/02/13 16:37:09
593106A904,杏佳藥師藥局,新北市新莊區建安街１２７號１樓,(02)22037077,24,58,2020/02/13 16:37:09
593106A913,洋欣藥局,新北市新莊區中平路２７７號１樓及夾層,(02)89927489,100,100,2020/02/13 16:37:09
593106A922,德翰藥局,新北市新莊區四維路１７１巷１、３號１樓,(02)22025576,100,99,2020/02/13 16:37:09
593106A931,建安藥局,新北市新莊區建安街１１７號、１１９號１樓,(02)22051969,0,112,2020/02/13 16:37:09
593106A940,樂福藥局,新北市新莊區幸福路４８號１樓,(02)29923388,2,46,2020/02/13 16:37:09
593106A959,新莊大藥局,新北市新莊區福壽街１３０號１樓,(02)29933885,8,22,2020/02/13 16:37:09
5931070017,前回春藥局,新北市樹林區中山路１段５６號,(02)26812167,186,220,2020/02/13 16:37:09
5931070044,正宜藥局,新北市樹林區佳園路１段３９號,(02)26805678,10,1,2020/02/13 16:37:09
5931070053,仁一藥局,新北市樹林區中正路６２２號,(02)26893915,10,139,2020/02/13 16:37:09
5931070062,鴻真藥局,新北市樹林區保安街１段２０巷６號,(02)26828977,9,135,2020/02/13 16:37:09
5931070080,耀鴻藥局,新北市樹林區中山路３段７６號,(02)26808989,0,40,2020/02/13 16:37:09
5931070142,江藥局,新北市樹林區日新街１０２號１樓,(02)26828001,0,72,2020/02/13 16:37:09
5931070213,明川藥師藥局,新北市樹林區三福街１號,(02)26894728,0,17,2020/02/13 16:37:09
5931070286,協安大藥局,新北市樹林區鎮前街１２６號,(02)26810386,0,96,2020/02/13 16:37:09
5931070348,久青藥局,新北市樹林區東華街３３號,(02)86844326,0,128,2020/02/13 16:37:09
5931070366,聖和藥局,新北市樹林區太元街５０號,(02)86866609,22,6,2020/02/13 16:37:09
5931070393,羅群藥局,新北市樹林區東華街８８號,(02)86851833,0,66,2020/02/13 16:37:09
5931070419,暉民西藥局,新北巿樹林區千歲街３６號,(02)26835868,0,50,2020/02/13 16:37:09
5931071425,又怡藥師藥局,新北市樹林區中山路１段７６巷２號１樓,(02)26816886,0,54,2020/02/13 16:37:09
5931071523,蔚海藥局,新北市樹林區鎮前街１７號１樓,(02)86754203,16,22,2020/02/13 16:37:09
5931071532,育生藥局,新北市樹林區保安街一段１９２號１樓,(02)26814385,2,0,2020/02/13 16:37:09
5931071658,大慶藥局,新北市樹林區鎮前街４２－１號,(02)26759212,0,144,2020/02/13 16:37:09
5931071774,澤安藥師藥局,新北市樹林區保安二街２６號１樓,(02)26872764,0,8,2020/02/13 16:37:09
5931071818,合康藥局,新北市樹林區中山路１段１５１之１號,(02)26816559,2,70,2020/02/13 16:37:09
5931071836,弘昌藥師藥局,新北市樹林區保安街１段６５號１樓,(02)26871276,0,134,2020/02/13 16:37:09
5931071881,盛立藥局,新北市樹林區大雅路２８５號１樓,(02)35018218,0,2,2020/02/13 16:37:09
5931071916,立欣藥局,新北市樹林區三福街１６６號,(02)26764728,0,96,2020/02/13 16:37:09
5931071934,樹新藥局,新北市樹林區樹新路３０－３號１樓,(02)26821080,0,98,2020/02/13 16:37:09
5931071961,綠蘋果藥局,新北市樹林區學勤路５９７號１樓,(02)89706050,4,4,2020/02/13 16:37:09
5931071970,保康藥局,新北市樹林區保安街１段３６４號,(02)86875503,18,52,2020/02/13 16:37:09
5931072039,樹林藥師藥局,新北市樹林區鎮前街２４號１樓,(02)26823030,0,142,2020/02/13 16:37:09
5931072066,琉璃水藥師藥局,新北市樹林區龍興街２１號１樓,(02)26764262,0,98,2020/02/13 16:37:09
5931072137,保安健保藥局,新北市樹林區保安街２段２１１號１樓,(02)26898179,2,68,2020/02/13 16:37:09
5931072191,生光堂藥局,新北市樹林區龍興街３６號１樓,(02)26896504,200,106,2020/02/13 16:37:09
5931072217,樹林健業藥局,新北市樹林區東華街８９號１樓,(02)86851736,0,62,2020/02/13 16:37:09
5931072244,彰安藥局,新北市樹林區千歲街８２號,(02)26827341,0,12,2020/02/13 16:37:09
5931072253,活水藥局,新北市樹林區鎮前街２１號１樓,(02)26818928,4,66,2020/02/13 16:37:09
5931072262,祐心藥局,新北市樹林區學府路３６２號１樓,(02)26803205,0,12,2020/02/13 16:37:09
5931072280,啄木鳥藥局,新北市樹林區中華路３９１號１－２樓,(02)86851495,4,38,2020/02/13 16:37:09
5931072299,小蜜蜂中西健保藥局,新北市樹林區東榮街１１８號１樓,(02)86853677,0,4,2020/02/13 16:37:09
5931072351,瑪諾藥局,新北市樹林區復興路２０號,(02)26830304,2,30,2020/02/13 16:37:09
5931072404,伯安綜合藥局,新北市樹林區中華路１０８號１樓,(02)86856551,10,79,2020/02/13 16:37:09
5931072413,誠新大藥局,新北市樹林區中山路１段２４號１樓,(02)26870204,0,138,2020/02/13 16:37:09
5931072422,三樹食在好健康藥局,新北市樹林區學成路６００號１樓,(02)26807101,0,44,2020/02/13 16:37:09
5931072431,樹林大樹藥局,新北市樹林區育英街５４號１－２樓,(02)26815488,0,48,2020/02/13 16:37:09
5931072459,健康人生藥局,新北市樹林區博愛一街２６號１樓,(02)26814394,0,48,2020/02/13 16:37:09
5931072477,信和藥局,新北市樹林區博愛街１７８號２樓,(02)26821991,0,104,2020/02/13 16:37:09
5931072486,星禾藥師藥局,新北市樹林區學府路２９２號１樓,(02)77515255,0,52,2020/02/13 16:37:09
5931080022,藥濟藥局,新北市鶯歌區國慶街１５０號,(02)26781357,16,132,2020/02/13 16:37:09
5931080031,林政德西藥局,新北市鶯歌區建國路２５６號１樓,(02)26781412,0,52,2020/02/13 16:37:09
5931080148,快安藥師藥局,新北市鶯歌區中正一路９４、９６號,(02)26792356,14,0,2020/02/13 16:37:09
5931081216,嘉泰藥師藥局,新北市鶯歌區鶯桃路２段３１號１樓,(02)26709668,0,20,2020/02/13 16:37:09
5931081234,文瑞藥局,新北市鶯歌區尖山路２９６號,(02)26780589,0,108,2020/02/13 16:37:09
5931081289,唯新示範藥局,新北市鶯歌區建國路１６１號１樓,(02)86775363,64,94,2020/02/13 16:37:09
5931081305,佑家藥局,新北市鶯歌區中正三路１５１號１樓,(02)26798282,0,16,2020/02/13 16:37:09
5931081332,祐兒藥局,新北市鶯歌區南鶯里建國路１７１號１樓,(02)86781907,0,26,2020/02/13 16:37:09
5931081378,鶯歌宏達藥局,新北市鶯歌區國慶街１３８號１樓,(02)26709693,25,52,2020/02/13 16:37:09
5931081396,祐康藥局,新北市鶯歌區建國路３６號,(02)26771223,0,94,2020/02/13 16:37:09
5931081403,純安大藥局,新北市鶯歌區國慶街１７９號１樓,(02)26791791,80,52,2020/02/13 16:37:09
5931081412,小樹藥師藥局,新北市鶯歌區光明街１２６號１樓,(02)26785107,4,54,2020/02/13 16:37:09
5931081421,萊爾康健保藥局,新北市鶯歌區永明街１７號１樓,(02)26775092,0,8,2020/02/13 16:37:09
5931081430,華昇藥局,新北市鶯歌區鶯桃路５６７號,(02)86777961,1,0,2020/02/13 16:37:09
5931081458,食在好健康藥局,新北市鶯歌區國慶街１６５號１樓,(02)26702559,6,108,2020/02/13 16:37:09
5931081485,信義健保藥局,新北市鶯歌區信義街６３號１樓,(02)86775563,0,74,2020/02/13 16:37:09
5931081494,康群藥局,新北市鶯歌區建國路２０２號１樓,(02)26796690,0,178,2020/02/13 16:37:09
5931081510,鶯歌藥局,新北市鶯歌區鶯桃路２段１１號１樓,(02)86778778,2,142,2020/02/13 16:37:09
5931081529,正雅藥局,新北市鶯歌區建國路１７６號１樓,(02)26701128,8,10,2020/02/13 16:37:09
5931090037,進安大藥局,新北市三峽區民生街174號,(02)26711125,0,34,2020/02/13 16:37:09
5931090117,大和藥局,新北市三峽區民生街１５０號,(02)26711010,0,2,2020/02/13 16:37:09
5931090180,人來安藥局,新北市三峽區文化路２６６－５號,(02)26721199,40,126,2020/02/13 16:37:09
5931090279,勝全藥局,新北市三峽區大同路２７之１號１樓,(02)26736186,8,28,2020/02/13 16:37:09
5931091374,全球藥師藥局,新北市三峽區文化路９５號,(02)26748128,0,70,2020/02/13 16:37:09
5931091427,康美藥局,新北市三峽區民生街７９號２樓,(02)26745526,10,140,2020/02/13 16:37:09
5931091454,致安藥師藥局,新北市三峽區中華路１７號１樓,(02)26743418,131,159,2020/02/13 16:37:09
5931091481,盛加藥局,新北市三峽區民生街４９號,(02)26739797,4,0,2020/02/13 16:37:09
5931091570,三恩藥局,新北市三峽區復興路４５１號１樓,(02)86711914,26,144,2020/02/13 16:37:09
5931091605,三峽文化藥局,新北市三峽區文化路２１２－２號,(02)26710825,0,88,2020/02/13 16:37:09
5931091623,兆康藥局,新北市三峽區中華路２２號１樓,(02)26717875,10,14,2020/02/13 16:37:09
5931091641,北大藥局,新北市三峽區大義路９號１、２樓,(02)26738535,0,32,2020/02/13 16:37:09
5931091678,如音藥局,新北市三峽區文化路２６６－１號１樓,(02)26732119,8,158,2020/02/13 16:37:09
5931091696,祥祐藥局,新北市三峽區文化路１２５號１樓,(02)26738080,18,22,2020/02/13 16:37:09
5931091712,誠祐藥局,新北市三峽區光明路２２號１樓,(02)26746211,2,16,2020/02/13 16:37:09
5931091810,誠美藥局,新北市三峽區復興路１０６號１樓,(02)26718131,24,134,2020/02/13 16:37:09
5931091829,有新藥局,新北市三峽區學勤路１８號１樓,(02)26710769,0,68,2020/02/13 16:37:09
5931091865,大新藥局,新北市三峽區大義路２５９號１樓,(02)86713204,50,88,2020/02/13 16:37:09
5931091874,盛台藥局,新北市三峽區大學路１０８號１、２樓,(02)26722730,6,32,2020/02/13 16:37:09
5931091892,三峽藥局,新北市三峽區介壽路１段２７號１樓,(02)26738868,0,84,2020/02/13 16:37:09
5931091909,盛禾藥局,新北市三峽區中山路２４３號１樓,(02)26733567,0,24,2020/02/13 16:37:09
5931091945,弘宇藥局,新北市三峽區國際一街５號１樓,(02)26717108,0,138,2020/02/13 16:37:09
5931091972,三峽大昌藥局,新北市三峽區民生街５６號１樓,(02)26711560,4,140,2020/02/13 16:37:09
5931091990,欣美大藥局,新北市三峽區大同路５２號１樓,(02)86712269,0,5,2020/02/13 16:37:09
5931092004,大家好藥粧藥局,新北市三峽區大德路１２７號１樓,(02)26747022,0,10,2020/02/13 16:37:09
5931092022,瑞達美藥局,新北市三峽區民權街１８０號１樓,(02)86741627,2,42,2020/02/13 16:37:09
5931092040,一大藥局,新北市三峽區橫溪路２３號１樓,(02)86766677,0,30,2020/02/13 16:37:09
5931092068,益銘藥師藥局,新北市三峽區大德路１８１號１樓,(02)26723662,46,0,2020/02/13 16:37:09
5931092077,立雅藥局,新北市三峽區文化路８４號（１樓、２樓）,(02)26712601,0,92,2020/02/13 16:37:09
5931092095,禾雅藥局,新北市三峽區文化路１３０號（１樓）,(02)26718621,0,42,2020/02/13 16:37:09
5931092102,升威藥局,新北市三峽區文化路２３號１樓,(02)26731120,0,204,2020/02/13 16:37:09
5931100047,松和大藥局,新北市淡水區英專路９２號,(02)26203698,201,146,2020/02/13 16:37:09
5931100074,邱藥局,新北市淡水區中山路２７號,(02)26214255,14,104,2020/02/13 16:37:09
5931100092,上全藥局,新北市淡水區民族路３６號,(02)28098022,0,12,2020/02/13 16:37:09
5931100154,尚運藥局,新北市淡水區學府路５１巷１弄２０號,(02)26225149,102,170,2020/02/13 16:37:09
5931100163,昇運藥局,新北市淡水區中山路１５７－１號,(02)26222083,8,116,2020/02/13 16:37:09
5931100270,千代田藥局,新北市淡水區學府路１９號１樓,(02)26223185,2,48,2020/02/13 16:37:09
5931100305,璉恩藥局,新北市淡水區北新路１３１、１３３號,(02)26298454,1,63,2020/02/13 16:37:09
5931101419,淡水聯合藥局,新北市淡水區英專路９４號２樓,(02)86317699,0,56,2020/02/13 16:37:09
5931101455,日揚藥局,新北市淡水區民族路３０巷５號,(02)26242059,0,10,2020/02/13 16:37:09
5931101464,伯聯藥局,新北市淡水區清水街９－１０號１樓,(02)26255847,0,154,2020/02/13 16:37:09
5931101599,聖元社區藥局,新北市淡水區北新路１１７－３號１樓,(02)26263227,0,10,2020/02/13 16:37:09
5931101615,大忠聯合藥局,新北市淡水區大忠街１１３巷３１號１樓,(02)26200021,0,98,2020/02/13 16:37:09
5931101624,北新藥局,新北市淡水區北新路１８２巷６３號,(02)26293205,0,129,2020/02/13 16:37:09
5931101633,吉利安健保藥師藥局,新北市淡水區中山北路１段１００號１樓,(02)26295693,76,78,2020/02/13 16:37:09
5931101642,吳光祥藥局,新北市淡水區中山路１０４號,(02)26213020,2,157,2020/02/13 16:37:09
5931101651,天文大藥局,新北市淡水區新春街１３６號,(02)86312050,0,32,2020/02/13 16:37:09
5931101668,長佑藥局,新北市淡水區新市一路３段３６號,(02)26268560,0,78,2020/02/13 16:37:09
5931101704,聖天藥局,新北市淡水區重建街２１８號,(02)26215677,0,120,2020/02/13 16:37:09
5931101786,護鄰藥局,新北市淡水區油車里淡海路４７號,(070)10009047,0,54,2020/02/13 16:37:09
5931101919,優德仕藥局,淡水區新市一路３段１０３號,(02)26236573,6,28,2020/02/13 16:37:09
5931101937,文川藥局,新北市淡水區中山北路１段９３號１樓,(02)86319033,0,108,2020/02/13 16:37:09
5931101955,伯宇藥局,新北市淡水區新春街１０３號－８,(02)26236006,0,70,2020/02/13 16:37:09
5931101973,良順藥局,新北市淡水區中山北路１段２４號１樓,(02)26218111,0,109,2020/02/13 16:37:09
5931101991,淡水春天生活藥局,新北市淡水區中山北路１段４９號,(02)26257059,2,88,2020/02/13 16:37:09
5931102014,池慶藥局,新北市淡水區中山北路２段５號１樓,(02)26238852,8,38,2020/02/13 16:37:09
5931102078,躍獅竹圍藥局,新北市淡水區民生路４６號,(02)28090565,0,20,2020/02/13 16:37:09
5931102087,匯民藥局,新北市淡水區中山北路１段１０１號２樓,(02)26202620,0,146,2020/02/13 16:37:09
5931102096,池佑藥局,新北市淡水區民族路４６號,(02)88093531,56,96,2020/02/13 16:37:09
5931102103,四季寶健保藥局,新北市淡水區新市一路３段１１７－１號（含夾層）,(02)26283199,0,6,2020/02/13 16:37:09
5931102167,天康大藥局,新北市淡水區學府路４９號１樓,(02)26206517,4,2,2020/02/13 16:37:09
5931102176,淡水健康人生藥局,新北市淡水區清水街９－２號１樓,(02)26269679,10,102,2020/02/13 16:37:09
5931102229,貝比爾藥局,新北市淡水區中山北路１段１７１號１樓,(02)26261577,0,16,2020/02/13 16:37:09
5931102265,佳藥長照藥局,新北市淡水區學府路７５號１樓,(02)26211321,6,86,2020/02/13 16:37:09
5931102274,淡水藥局,新北市淡水區中山路１２７號１、２樓,(02)86313663,0,178,2020/02/13 16:37:09
5931102292,佑全淡水淡金藥局,新北市淡水區淡金路５５號、５７號１樓,(02)26228040,0,36,2020/02/13 16:37:09
5931102318,躍獅學府藥局,新北市淡水區學府路７７號（１樓）,(02)26295603,2,92,2020/02/13 16:37:09
5931110025,巧能藥局,新北市汐止區福德一路２０９號１樓,(02)26942858,0,68,2020/02/13 16:37:09
5931110034,麒豐藥局,新北市汐止區樟樹一路１３５巷２號,(02)26434737,1,11,2020/02/13 16:37:09
5931110070,德昌藥局,新北市汐止區中興路４號,(02)26423382,0,48,2020/02/13 16:37:09
5931110212,穎安中西大藥局,新北市汐止區樟樹一路１３５巷１３號,(02)26412348,0,9,2020/02/13 16:37:09
5931110258,春德堂藥局,新北市汐止區新台五路１段２２０號,(02)26422048,200,138,2020/02/13 16:37:09
5931111540,再興藥局,新北市汐止區茄苳路３７號,(02)86478860,2,137,2020/02/13 16:37:09
5931111568,湖前中西藥局,新北市汐止區湖前街４５號１樓,(02)26925850,14,108,2020/02/13 16:37:09
5931111586,品康藥局,新北市汐止區湖前街４７號１樓,(02)26954441,0,82,2020/02/13 16:37:09
5931111602,汐止中西大藥局,新北市汐止區中正路４號,(02)26411746,2,116,2020/02/13 16:37:09
5931111611,向日葵藥局,新北市汐止區大同路２段３６８號１樓,(02)26488877,0,155,2020/02/13 16:37:09
5931111719,青苗藥局,新北市汐止區忠孝東路２４２號１樓,(02)26413666,0,74,2020/02/13 16:37:09
5931111737,廣誠藥師藥局,新北市汐止區建成路２２號１樓,(02)86916091,0,88,2020/02/13 16:37:09
5931111755,幸福藥局,新北市汐止區大同路２段３３２號１．２樓,(02)26490127,0,152,2020/02/13 16:37:09
5931111773,江北藥局,新北市汐止區汐萬路１段３３號,(02)26918870,1,87,2020/02/13 16:37:09
5931111835,全家藥局,新北市汐止區明峰街１４３號１樓,(02)26954990,0,69,2020/02/13 16:37:09
5931111844,福恩藥師大藥局,新北市汐止區福德二路１７１之１號１樓,(02)26940835,2,0,2020/02/13 16:37:09
5931111915,康元中西綜合藥局,新北市汐止區大同路２段２１９號,(02)86923648,0,33,2020/02/13 16:37:09
5931111951,我家藥局,新北市汐止區中正路２９號,(02)86910840,0,118,2020/02/13 16:37:09
5931112047,吉安康健保藥師藥局,新北市汐止區宜興街１１號１樓,(02)26405881,0,128,2020/02/13 16:37:09
5931112083,裕和藥局,新北市汐止區宜興街４號１樓,(02)26609119,0,142,2020/02/13 16:37:09
5931112136,汐芷藥局,新北市汐止區福德一路２５５號,(02)26924087,20,8,2020/02/13 16:37:09
5931112145,汐止健康人生藥局,新北市汐止區忠孝東路２６９號,(02)86421820,0,98,2020/02/13 16:37:09
5931112181,青山藥局,新北市汐止區莊敬街１２７號１樓,(02)26907959,98,114,2020/02/13 16:37:09
5931112225,杏恩健保藥局,新北市汐止區仁愛路１８９號,(02)26435728,0,18,2020/02/13 16:37:09
5931112234,安泰藥局,新北市汐止區連興街１１４號１樓,(02)26488486,0,140,2020/02/13 16:37:09
5931112270,汐心藥局,新北市汐止區福德一路１５０號,(02)86932859,0,6,2020/02/13 16:37:09
5931112314,杏光藥局,新北市汐止區建成路５９巷１９號１樓,(02)26411340,8,102,2020/02/13 16:37:09
5931112341,躍獅尚揚藥局,新北市汐止區忠孝東路３９９號１樓,(02)86483158,0,50,2020/02/13 16:37:09
5931112369,汐止立欣藥局,新北市汐止區汐萬路二段２４９號１樓,(02)26464546,6,101,2020/02/13 16:37:09
5931112378,翔云大藥局,新北市汐止區祥雲街２號ㄧ１、１樓,(02)26463119,16,75,2020/02/13 16:37:09
5931112430,忠孝藥局,新北市汐止區忠孝東路３２１號１樓,(02)86910788,10,77,2020/02/13 16:37:09
5931112467,建忠藥局,新北市汐止區建成路３７巷１１號１樓,(02)26422101,6,9,2020/02/13 16:37:09
5931112494,長頸鹿藥局,新北市汐止區新台五路１段１７８號１樓,(02)26917810,47,16,2020/02/13 16:37:09
5931112510,汐興藥局,新北市汐止區中興路１１３號１樓、２樓,(02)26927733,4,3,2020/02/13 16:37:09
5931112609,健康晨光藥局,新北市汐止區大同路二段５１６號１樓,(02)26433111,8,178,2020/02/13 16:37:09
5931112636,佳恩藥局,新北市汐止區民族三街７之１號１樓,(02)26950714,0,12,2020/02/13 16:37:09
5931112645,健成藥局,新北市汐止區新興路２０號１樓,(02)26428989,14,2,2020/02/13 16:37:09
5931112690,國升藥局,新北市汐止區建成路５９巷１號１樓,(02)26419459,92,80,2020/02/13 16:37:09
5931112716,福多藥局,新北市汐止區福德二路６０號１樓,(02)86933378,20,108,2020/02/13 16:37:09
5931112789,富康東科藥局,新北市汐止區新台五路１段９６號Ｃ棟１樓Ｃ１５號,(02)26969222,2,4,2020/02/13 16:37:09
5931112798,益嘉藥局,新北市汐止區忠孝東路２４１號２樓,(02)86423527,16,260,2020/02/13 16:37:09
5931112832,安忻藥局,新北市汐止區樟樹一路１２２之１號１樓,(02)26487309,0,15,2020/02/13 16:37:09
5931112850,躍獅大同藥局,新北市汐止區新興路７號１樓,(02)26418399,0,148,2020/02/13 16:37:09
5931112896,永清藥局,新北市汐止區中興路１８１之１號１樓,(02)26925037,3,94,2020/02/13 16:37:09
5931112912,富康藥局,新北市汐止區忠孝東路４５９號１樓,(02)86481302,4,98,2020/02/13 16:37:09
5931112921,明恩藥局,新北市汐止區明峰街１７９之１號１樓,(02)26923877,6,40,2020/02/13 16:37:09
5931112958,快樂藥局汐止店,新北市汐止區福德二路２１５號１樓,(02)26931390,0,52,2020/02/13 16:37:09
5931112994,汐止藥局,新北市汐止區福德二路７０號１樓,(02)86932587,0,124,2020/02/13 16:37:09
5931113017,蒲公英藥局,新北市汐止區連興街１２６號１樓,(02)26907770,203,65,2020/02/13 16:37:09
5931113026,車站藥局,新北市汐止區忠孝東路２４７號１樓,(02)26919222,2,61,2020/02/13 16:37:09
5931120049,本平藥局,新北市瑞芳區瑞芳街４５號,(02)24972167,4,204,2020/02/13 16:37:09
5931120156,瑞聯藥局,新北市瑞芳區明燈路３段１１號,(02)24975852,0,102,2020/02/13 16:37:09
5931121224,千泰藥局,新北市瑞芳區中正路６３－１號,(02)24966347,0,220,2020/02/13 16:37:09
5931121242,崇德藥局,新北市瑞芳區明燈路３段３９－１１號１樓,(02)24976051,0,108,2020/02/13 16:37:09
5931121279,大埔藥局,新北市瑞芳區大埔路１２８－３號１樓,(02)24587020,0,170,2020/02/13 16:37:09
5931121297,瑞芳東亞大藥局,新北市瑞芳區中正路８４號,(02)24960179,4,104,2020/02/13 16:37:09
5931121304,揚明藥局,新北市瑞芳區民族街２號１樓,(02)24970925,2,120,2020/02/13 16:37:09
5931121377,瑞中藥局,新北市瑞芳區明燈路３段５－１號１樓,(02)24977879,0,122,2020/02/13 16:37:09
5931121386,瑞光藥局,新北市瑞芳區明燈路３段７０號１樓,(02)24972070,2,168,2020/02/13 16:37:09
5931121402,瑞慶藥局,新北市瑞芳區大埔路１３０號,(02)24586386,0,152,2020/02/13 16:37:09
5931121411,長興堂藥局,新北市瑞芳區明燈路３段６９號１樓,(02)24972050,0,174,2020/02/13 16:37:09
5931121420,永展藥局,新北市瑞芳區民權街６巷１之１號,(02)24960500,5,138,2020/02/13 16:37:09
5931121448,伊達藥局,新北市瑞芳區明燈路３段３６號,(02)24969654,2,46,2020/02/13 16:37:09
5931130045,景紀大藥局,新北市土城區學成路３４號,(02)22601403,0,116,2020/02/13 16:37:09
5931130152,博惠藥局,新北市土城區中央路１段２４９巷２０號,(02)22618337,2,44,2020/02/13 16:37:09
5931130205,瑞益藥局,新北市土城區廣明街６３巷４號,(02)89668598,0,122,2020/02/13 16:37:09
5931130214,崇愛藥局,新北市土城區永豐路１７號,(02)22665506,0,85,2020/02/13 16:37:09
5931130223,久達藥局,新北市土城區中央路３段４７號,(02)22696982,0,96,2020/02/13 16:37:09
5931130241,協成藥局,新北市土城區延吉街３３３號,(02)22653212,3,48,2020/02/13 16:37:09
5931130358,盛安大藥局,新北市土城區中央路１段２５８號,(02)22668525,28,39,2020/02/13 16:37:09
5931130394,一和藥局,新北市土城區中央路１段６７之３號,(02)22631378,0,110,2020/02/13 16:37:09
5931130438,正仁藥局,新北市土城區中央路４段２４０號,(02)22682516,0,58,2020/02/13 16:37:09
5931130483,學安藥師藥局,新北市土城區學府路１段２１１號１樓,(02)22610565,2,6,2020/02/13 16:37:09
5931130545,恒生中西藥局,新北市土城區中央路２段１７０號,(02)22603485,0,160,2020/02/13 16:37:09
5931131579,祥安大藥局,新北市土城區立德路４２－１號,(02)22629707,0,162,2020/02/13 16:37:09
5931131800,立康藥局,新北市土城區中央路２段２３８號２樓,(02)82617535,22,176,2020/02/13 16:37:09
5931131828,咸安藥局,新北市土城區明德路１段４號１樓,(02)22627434,0,108,2020/02/13 16:37:09
5931131864,學府實和藥局,新北市土城區學府路１段１２１號,(02)22612111,0,151,2020/02/13 16:37:09
5931131882,裕達藥局,新北市土城區延吉街１７１號,(02)22739328,8,60,2020/02/13 16:37:09
5931131908,璨鴻藥局,新北市土城區延和路１９１號,(02)82622588,0,72,2020/02/13 16:37:09
5931132110,元崇藥局,新北市土城區金城路３段１７６－１號２樓,(02)22643076,2,162,2020/02/13 16:37:09
5931132138,心中外藥局,新北市土城區中央路２段１５７號,(02)22603023,0,36,2020/02/13 16:37:09
5931132165,佳佳藥局,新北市土城區中央路２段２２３－９號２樓,(02)82614558,42,120,2020/02/13 16:37:09
5931132183,尚安藥師藥局,新北市土城區中央路２段２２３之３號１樓,(02)22647622,0,136,2020/02/13 16:37:09
5931132236,善淳藥師藥局,新北市土城區福仁街１９號１樓、B１樓,(02)82627371,0,136,2020/02/13 16:37:09
5931132245,萬昌健保藥局,新北市土城區中央路４段１６０號,(02)22678057,58,154,2020/02/13 16:37:09
5931132263,立新藥局,新北市土城區光明街５號１樓,(02)82626111,0,58,2020/02/13 16:37:09
5931132272,富柏大藥局,新北市土城區水源街２２號１樓,(02)82626815,4,68,2020/02/13 16:37:09
5931132334,家泰藥局,新北市土城區青雲路１８１號１、２樓,(02)22749490,0,58,2020/02/13 16:37:09
5931132343,誠安藥局,新北市土城區中央路４段３６號１樓,(02)22677737,2,58,2020/02/13 16:37:09
5931132389,凱一藥局,新北市土城區裕民路９２巷２１弄８號１樓,(02)22707679,0,46,2020/02/13 16:37:09
5931132405,小倉藥局,新北市土城區青雲路１９０號１樓,(02)22744257,0,72,2020/02/13 16:37:09
5931132487,鄭家藥局,新北市土城區清水路１２７號１樓,(02)22640005,2,90,2020/02/13 16:37:09
5931132496,惠蒼藥局,新北市土城區中央路２段２１６號１樓,(02)22606812,6,108,2020/02/13 16:37:09
5931132521,儷生藥局,新北市土城區金城路２段３９０號１樓,(02)22609911,0,126,2020/02/13 16:37:09
5931132538,宏奇藥局,新北市土城區延吉街１２６號１樓,(02)82619585,3,150,2020/02/13 16:37:09
5931132576,佑安藥局,新北市土城區清水路３３４號２樓,(02)22643960,22,142,2020/02/13 16:37:09
5931132594,元蒼藥局,新北市土城區學府路１段６９號１樓,(02)22733868,0,78,2020/02/13 16:37:09
5931132601,吉城大藥局,新北市土城區學府路１段２０５號１樓,(02)22626870,2,86,2020/02/13 16:37:09
5931132610,久安藥局,新北市土城區廣明街７０號１樓,(02)89671097,2,80,2020/02/13 16:37:09
5931132629,育佳藥局,新北市土城區金城路２段２４２巷７號１樓,(02)22645692,0,70,2020/02/13 16:37:09
5931132647,舒民藥局,新北市土城區明德路１段３５號２樓,(02)22748654,112,170,2020/02/13 16:37:09
5931132683,家庭藥師連鎖藥局,新北市土城區裕生路２３號１樓,(02)22633601,100,64,2020/02/13 16:37:09
5931132727,順儷藥師藥局,新北市土城區延和路１６之３號１樓,(02)22648655,0,78,2020/02/13 16:37:09
5931132736,大眾藥局,新北市土城區明峰街６巷１號,(02)22666057,0,128,2020/02/13 16:37:09
5931132781,德隆藥局,新北市土城區裕民路１５３號１樓,(02)22656056,4,97,2020/02/13 16:37:09
5931132807,健業藥局,新北市土城區中央路２段２２３－１０號,(02)22704798,0,62,2020/02/13 16:37:09
5931132816,大康藥局,新北市土城區學府路１段７２號２樓,(02)22738004,10,192,2020/02/13 16:37:09
5931132852,佳霖藥局,新北市土城區學府路１段１７０號１樓,(02)22641425,0,52,2020/02/13 16:37:09
5931132870,健群藥局,新北市土城區裕民路８０號２樓,(02)22634747,4,63,2020/02/13 16:37:09
5931132914,健鼎藥局,新北市土城區學府路一段１１７號,(02)22633469,0,162,2020/02/13 16:37:09
5931132932,全家健康藥局,新北市土城區中央路４段２８８號,(02)22678143,200,182,2020/02/13 16:37:09
5931132950,美康藥妝藥局,新北市土城區延吉街２５４號１樓,(02)22616868,0,34,2020/02/13 16:37:09
5931133019,學府松藥局,新北市土城區學府路一段３８號１、２樓,(02)82628665,5,61,2020/02/13 16:37:09
5931133037,國安健保藥局,新北市土城區延和路１０９號１樓,(02)22614933,2,126,2020/02/13 16:37:09
5931133064,城康藥局,新北市土城區中央路２段２號１、２樓,(02)22628171,0,48,2020/02/13 16:37:09
5931133108,三豐藥局,新北市土城區永豐路１３５巷８號,(02)22733766,5,66,2020/02/13 16:37:09
5931133126,成康藥局,新北市土城區學府路１段１８８號１樓,(02)22706596,6,24,2020/02/13 16:37:09
5931133135,順儷明德藥局,新北市土城區明德路２段１３９、１４１號１樓,(02)22644779,4,62,2020/02/13 16:37:09
5931133171,誠恩藥局,新北市土城區金城路３段１３７號１樓,(02)22665533,0,88,2020/02/13 16:37:09
5931133313,貓頭鷹藥妝藥局,新北市土城區中央路３段８８號、９０號１樓,(02)22695659,0,78,2020/02/13 16:37:09
5931133331,城安大藥局,新北市土城區金城路３段４０號,(02)22646561,46,170,2020/02/13 16:37:09
5931133340,大欣藥局,新北市土城區裕民路２５１號,(02)22653208,0,124,2020/02/13 16:37:09
5931133359,麗膚藥局,新北市土城區金城路３段１６４號１樓,(02)22640600,0,174,2020/02/13 16:37:09
5931133377,優嘉藥師連鎖藥局,新北市土城區中央路二段１１７號１樓,(02)82629788,4,30,2020/02/13 16:37:09
5931133395,順儷金城藥局,新北市土城區金城路３段１４７號１樓,(02)22621590,0,101,2020/02/13 16:37:09
5931133439,志仁藥局,新北市土城區學府路１段１０２號１樓,(02)22737222,8,80,2020/02/13 16:37:09
5931133457,博盛健保藥局,新北市土城區立德路６６號２樓,(02)22622331,3,76,2020/02/13 16:37:09
5931133466,土城金城藥局,新北市土城區裕民路２８０號１、２樓,(02)22631616,2,96,2020/02/13 16:37:09
5931133493,順儷學府藥局,新北市土城區學府路１段１４４巷２號１樓,(02)22701979,198,174,2020/02/13 16:37:09
5931133500,菩提藥局,新北市土城區延和路１１４號１樓,(02)22624866,14,152,2020/02/13 16:37:09
5931133528,中央藥局,新北市土城區中央路２段８４、８６號（１樓）,(02)22630345,202,174,2020/02/13 16:37:09
5931133537,裕生藥局,新北市土城區裕生路４號夾層樓,(02)22705661,38,132,2020/02/13 16:37:09
5931140096,華信藥局,新北市蘆洲區民族路１５４號１樓,(02)22898116,0,124,2020/02/13 16:37:09
5931140112,施藥局,新北市蘆洲區信義路２３０號,(02)22814624,0,98,2020/02/13 16:37:09
5931140121,大政藥局,新北市蘆洲區中山二路７５號１樓,(02)22811126,0,72,2020/02/13 16:37:09
5931140130,欣泰藥局,新北市蘆洲區民族路４０７號,(02)22810177,0,69,2020/02/13 16:37:09
5931140158,全民藥局,新北市蘆洲區中山一路２０１、２０３號,(02)22837168,24,61,2020/02/13 16:37:09
5931140201,理方藥局,新北市蘆洲區長安街６７號,(02)22830704,9,32,2020/02/13 16:37:09
5931140229,天士藥局,新北市蘆洲區中正路３６號,(02)22818227,0,75,2020/02/13 16:37:09
5931140238,謚安中西藥局,新北市蘆洲區永平街６號,(02)22836375,0,25,2020/02/13 16:37:09
5931140318,慧安藥局,新北市蘆洲區長安街２１４號１樓,(02)28477845,8,0,2020/02/13 16:37:09
5931140372,上群藥師藥局,新北市蘆洲區民族路２８７號１樓,(02)22898275,3,109,2020/02/13 16:37:09
5931140416,松伯藥局,新北市蘆洲區中山二路２號,(02)82850852,6,121,2020/02/13 16:37:09
5931141502,蘆洲陳大藥局,新北市蘆洲區長安街９５號,(02)22836224,0,97,2020/02/13 16:37:09
5931141520,長安藥局,新北市蘆洲區中華街６７號１樓,(02)28485560,10,148,2020/02/13 16:37:09
5931141557,龍成藥局,新北市蘆洲區民族路５３號,(02)82857868,2,164,2020/02/13 16:37:09
5931141637,華興藥師藥局,新北市蘆洲區中山一路１８４號１樓,(02)22893899,4,50,2020/02/13 16:37:09
5931141708,保成藥局,新北市蘆洲區長安街２０５號１樓,(02)28479802,2,184,2020/02/13 16:37:09
5931141726,松展多利日式連鎖藥粧藥局,新北市蘆洲區民族路１６１號,(02)22882586,1,117,2020/02/13 16:37:09
5931141744,慶明藥局,新北市蘆洲區中山二路４６巷４號２樓,(02)22855740,0,92,2020/02/13 16:37:09
5931141799,群欣藥局,新北市蘆洲區長安街１１８號２樓,(02)22894815,0,137,2020/02/13 16:37:09
5931141860,北聯藥局,新北市蘆洲區民族路３６１號１樓,(02)82866873,4,12,2020/02/13 16:37:09
5931141904,杏昌藥局,新北市蘆洲區民族路８６號,(02)82831985,2,66,2020/02/13 16:37:09
5931141913,隆生藥局,新北市蘆洲區民族路５２號１樓,(02)22814653,0,38,2020/02/13 16:37:09
5931141922,和泰藥師藥局,新北市蘆洲區復興路６９號１樓,(02)22859818,0,93,2020/02/13 16:37:09
5931141986,全佑藥局,新北市蘆洲區三民路１１號１樓,(02)22833032,0,50,2020/02/13 16:37:09
5931142018,福您安中西藥局,新北市蘆洲區長安街２４６巷６號１樓,(02)82858322,20,8,2020/02/13 16:37:09
5931142072,達特藥局,新北市蘆洲區復興路６２號,(02)82825004,0,71,2020/02/13 16:37:09
5931142081,威仕康藥局,新北市蘆洲區民權路１２２號１樓,(02)82853277,0,42,2020/02/13 16:37:09
5931142090,泰明藥局,新北市蘆洲區長榮路６７號,(02)22898655,59,153,2020/02/13 16:37:09
5931142116,龍安藥局,新北市蘆洲區復興路６７號１樓,(02)22850310,0,112,2020/02/13 16:37:09
5931142161,廷升藥局,新北市蘆洲區中正路１２２號１樓,(02)22827670,0,84,2020/02/13 16:37:09
5931142241,永恩健康藥局,新北市蘆洲區民族路４１４號１樓,(02)22880379,23,99,2020/02/13 16:37:09
5931142296,蓁美健康藥局,新北市蘆洲區九芎街９０巷２１號,(02)22827527,0,40,2020/02/13 16:37:09
5931142303,康群生活藥局,新北市蘆洲區中正路１０５號１樓,(02)82835630,2,65,2020/02/13 16:37:09
5931142321,全家藥粧藥局,新北市蘆洲區光華路４號１樓,(02)22811215,0,76,2020/02/13 16:37:09
5931142367,蘋果藥妝藥局,新北市蘆洲區光華路１７２號１樓,(02)22812162,24,84,2020/02/13 16:37:09
5931142394,常喜藥局,新北市蘆洲區中正路１４０號,(02)82862976,0,136,2020/02/13 16:37:09
5931142429,世全藥局,新北市蘆洲區民生街１３３號１樓,(02)22817386,0,76,2020/02/13 16:37:09
5931142447,三鐵藥局,新北市蘆洲區信義路２２６號１樓,(02)82822729,0,163,2020/02/13 16:37:09
5931142509,萊康連鎖藥局,新北市蘆洲區中正路１２６號１樓,(02)82867383,30,44,2020/02/13 16:37:09
5931142554,宏祐藥局,新北市蘆洲區復興路２０２號１樓,(02)82815252,0,14,2020/02/13 16:37:09
5931142572,幸安藥局,新北市蘆洲區中山二路５３號１樓,(02)82835389,0,133,2020/02/13 16:37:09
5931142634,華安大藥局,新北市蘆洲區長安街４８號１樓,(02)22881168,0,62,2020/02/13 16:37:09
5931142643,知達健保藥局,新北市蘆洲區長榮路５０２號１樓,(02)22897753,62,86,2020/02/13 16:37:09
5931142670,陽光幸福藥局,新北市蘆洲區重陽街８８號１樓,(02)28486566,12,52,2020/02/13 16:37:09
5931142723,健群藥局,新北市蘆洲區中華街７１號２樓,(02)28483575,0,15,2020/02/13 16:37:09
5931142769,好美麗健康藥局,新北市蘆洲區光明路６號１樓,(02)82826209,0,44,2020/02/13 16:37:09
5931142778,芯聯藥局,新北市蘆洲區民族路２１０號,(02)82866803,14,30,2020/02/13 16:37:09
5931142796,乙安藥局,新北市蘆洲區長安街１７９號１樓,(02)22888277,14,114,2020/02/13 16:37:09
5931142830,長榮專業藥局,新北市蘆洲區長榮路２５０號２樓,(02)82868163,6,138,2020/02/13 16:37:09
5931142849,康泉藥師藥局,新北市蘆洲區集賢路２２４巷２號１樓,(02)28476990,1,64,2020/02/13 16:37:09
5931142858,愛佳健保藥局,新北市蘆洲區長榮路９６號１樓,(02)22825835,0,26,2020/02/13 16:37:09
5931142876,中美永結藥局,新北市蘆洲區長安街１８５號１樓,(02)22887676,0,68,2020/02/13 16:37:09
5931142901,快樂藥局長榮店,新北市蘆洲區長榮路６０號１樓,(02)22813567,0,52,2020/02/13 16:37:09
5931142956,華粲藥局,新北市蘆洲區民族路９０號２樓,(02)82822026,0,154,2020/02/13 16:37:09
5931142965,百分百藥局,新北市蘆洲區中山二路４８號２樓,(02)22890968,90,180,2020/02/13 16:37:09
5931142974,大樹長榮藥局,新北市蘆洲區長榮路６１、６１－１號１樓,(02)28480567,0,82,2020/02/13 16:37:09
5931142983,健安健保藥局,新北市蘆洲區長安街２６３號１樓,(02)22827773,12,103,2020/02/13 16:37:09
5931143015,喜健康藥局,新北市蘆洲區長安街２６０號１樓,(02)82815329,2,48,2020/02/13 16:37:09
5931143024,集賢藥局,新北市蘆洲區信義路２２２巷６１號１、２樓,(02)22882400,2,146,2020/02/13 16:37:09
5931143033,微笑杏鄰藥局,新北市蘆洲區中正路１５號１樓,(02)22835713,99,138,2020/02/13 16:37:09
5931143042,成安藥局,新北市蘆洲區長安街２５７號１樓,(02)22892918,0,126,2020/02/13 16:37:09
5931143051,萊康中華健保藥局,新北市蘆洲區中華街４５－１號１樓,(02)28486787,1,114,2020/02/13 16:37:09
5931143060,美林藥局,新北市蘆洲區長樂路１６８－１號１樓,(02)22832288,214,110,2020/02/13 16:37:09
5931143088,躍獅蘆洲藥局,新北市蘆洲區長安街３２９號１樓,(02)82824906,6,130,2020/02/13 16:37:09
5931143097,樂開懷健保藥局,新北市蘆洲區三民路３７６之３號１樓,(02)82837323,6,179,2020/02/13 16:37:09
5931143104,新信義藥局,新北市蘆洲區信義路２６０號１樓,(02)22885256,0,24,2020/02/13 16:37:09
5931143113,喜得健藥局,新北市蘆洲區中興街５４號１樓,(02)22886419,18,4,2020/02/13 16:37:09
5931143122,宥安藥局,新北市蘆洲區長榮路３８１號２樓,(02)22823556,0,152,2020/02/13 16:37:09
5931143131,杏一蘆洲長安藥局,新北市蘆洲區長安街１２２號１樓,(02)82854278,0,88,2020/02/13 16:37:09
5931143140,大樹蘆洲藥局,新北市蘆洲區民族路２６５號１樓,(02)22810747,0,38,2020/02/13 16:37:09
5931143168,吉安藥局,新北市蘆洲區長安街２８５巷１號１樓,(02)82815600,8,116,2020/02/13 16:37:09
5931150056,常安藥局,新北市五股區工商路７１號,(02)22917912,0,108,2020/02/13 16:37:09
5931150065,成泰藥局,新北市五股區成泰路１段１４３號,(02)22924305,0,126,2020/02/13 16:37:09
5931150163,德泰藥局,新北市五股區成泰路１段９號,(02)29095927,0,11,2020/02/13 16:37:09
5931151231,五股聯成藥局,新北市五股區成泰路２段１１８號,(02)22942767,0,188,2020/02/13 16:37:09
5931151277,永任藥局,新北市五股區水碓路９號１樓,(02)22911093,28,85,2020/02/13 16:37:09
5931151295,凌雲藥局,新北市五股區凌雲路１段７３號２樓,(02)82953138,0,22,2020/02/13 16:37:09
5931151302,宏安藥局,新北市五股區成泰路２段１３６號,(02)22915932,0,52,2020/02/13 16:37:09
5931151311,信恆藥局,新北市五股區中興路１段７４號１樓,(02)89882077,22,221,2020/02/13 16:37:09
5931151473,百成中西藥師藥局,新北市五股區五福里五福路２０號１樓,(02)22915531,2,110,2020/02/13 16:37:09
5931151482,源昇藥局,新北市五股區五股里成泰路２段６１號２樓,(02)82952027,0,90,2020/02/13 16:37:09
5931151491,杏軒藥局,新北市五股區貿商里自強路１５２號１F,(02)22921193,0,56,2020/02/13 16:37:09
5931151508,三合藥局,新北市五股區中興路一段７５號１樓,(02)29846055,0,96,2020/02/13 16:37:09
5931151544,三好連鎖藥師藥局,新北市五股區西雲路８６號１樓,(02)22952357,84,34,2020/02/13 16:37:09
5931151599,闔安藥局,新北市五股區成德里成泰路３段５７９號１樓,(02)22921143,24,17,2020/02/13 16:37:09
5931151606,陽光樂活藥局,新北市五股區成泰路２段１０１－２號１樓,(02)22928799,4,18,2020/02/13 16:37:09
5931151615,陽光健保藥局,新北市五股區五福路５４號１樓,(02)22922400,0,70,2020/02/13 16:37:09
5931151642,明月藥局,新北市五股區工商路８９號,(02)82956028,0,74,2020/02/13 16:37:09
5931151660,祐康藥師藥局,新北市五股區五福路３６號１樓,(02)82921335,10,6,2020/02/13 16:37:09
5931151679,東興藥局,新北市五股區成泰路２段６９號２樓,(02)82922718,2,190,2020/02/13 16:37:09
5931151688,五股藥局,新北市五股區成泰路１段２３５之２號（１樓）,(02)22951150,0,114,2020/02/13 16:37:09
5931160061,全成藥局,新北市泰山區明志路１段８３號,(02)29093039,199,130,2020/02/13 16:37:09
5931160105,泰林中西藥局,新北市泰山區泰林路２段２０６號,(02)22978367,0,93,2020/02/13 16:37:09
5931160132,健康藥師藥局,新北市泰山區明志路２段３２３號,(02)22972121,0,5,2020/02/13 16:37:09
5931160141,日泰藥局,新北市泰山區泰林路２段２２７號,(02)29095989,0,35,2020/02/13 16:37:09
5931161237,華特藥局,新北市泰山區明志路１段２６０號,(02)29095662,0,88,2020/02/13 16:37:09
5931161282,善耕藥局,新北市泰山區明志路２段３６２號１樓,(02)29086656,0,4,2020/02/13 16:37:09
5931161326,泰安藥局,新北市泰山區明志路２段６２號２樓,(02)85313097,3,31,2020/02/13 16:37:09
5931161344,北安藥妝藥局,新北市泰山區明志路２段６１號,(02)22967199,2,0,2020/02/13 16:37:09
5931161353,台灣藥局,新北市泰山區明志路１段２８２－２８６號,(02)22971969,0,32,2020/02/13 16:37:09
5931161433,仁安藥局,新北市泰山區明志路３段１７４號１樓,(02)29015586,2,22,2020/02/13 16:37:09
5931161460,紅葉藥局,新北市泰山區楓江路８號２樓,(02)22960328,14,124,2020/02/13 16:37:09
5931161513,苗園健保特約藥局,新北市泰山區全興路１６１號１樓,(02)22970736,196,48,2020/02/13 16:37:09
5931161540,得安藥師藥局,新北市泰山區仁愛路１２８號１樓,(02)29000992,30,0,2020/02/13 16:37:09
5931170012,存明藥局,新北市林口區中山路９１號,(02)26011618,0,2,2020/02/13 16:37:09
5931170021,士昌藥局,新北市林口區工六路３６號１樓,(02)26018863,0,80,2020/02/13 16:37:09
5931170067,宏宇藥局,新北市林口區中正路２８８號１樓,(02)26031948,0,10,2020/02/13 16:37:09
5931170129,麗園藥局,新北市林口區麗園一街６巷１－４號１Ｆ,(02)26009405,0,74,2020/02/13 16:37:09
5931171233,狀元葯師藥局,新北市林口區麗林里文化２路１段６２號１樓之１,(02)26096215,0,44,2020/02/13 16:37:09
5931171251,喜樂藥師藥局,新北市林口區麗林里公園路１５號１樓,(02)26005566,0,28,2020/02/13 16:37:09
5931171297,安康藥局,新北市林口區仁愛路２段６０號,(02)26030356,17,158,2020/02/13 16:37:09
5931171313,林口啄木鳥藥局,新北市林口區仁愛路２段８０號,(02)26027547,0,35,2020/02/13 16:37:09
5931171340,家欣藥師藥局,新北市林口區文化二路１段５６７號１樓,(02)26025388,0,4,2020/02/13 16:37:09
5931171411,康旭藥局,新北市林口區麗園一街６巷９號１樓－３,(02)26007808,0,108,2020/02/13 16:37:09
5931171528,長康藥局,新北市林口區中山路１６６號１樓,(02)26012661,0,76,2020/02/13 16:37:09
5931171537,茂晟藥局,新北市林口區文化三路２段３２８號１樓,(02)26020593,17,69,2020/02/13 16:37:09
5931171546,安禾藥局,新北市林口區中山路５３４號１樓,(02)86012205,4,62,2020/02/13 16:37:09
5931171564,家弘藥局,新北市林口區竹林路１７２號１樓,(02)26024851,2,94,2020/02/13 16:37:09
5931171573,安心藥局,新北市林口區文化二路１段５７７號１樓,(02)26029090,0,10,2020/02/13 16:37:09
5931171582,綠園藥局,新北市林口區仁愛路２段１０５號１樓,(02)86012258,5,12,2020/02/13 16:37:09
5931171608,榮昌藥局,新北市林口區仁愛路１段４１０號,(02)26011312,28,58,2020/02/13 16:37:09
5931171644,蛋寶寶藥局,新北市林口區民有街１５８號１樓,(02)26097371,0,34,2020/02/13 16:37:09
5931171662,大心藥局,新北市林口區公園路１９號１樓,(02)26089019,1,0,2020/02/13 16:37:09
5931171671,欣穎藥局,新北市林口區文化二路１段５３５號１樓,(02)26069786,0,80,2020/02/13 16:37:09
5931171680,一家好藥局,新北市林口區中山路５００號,(02)26028270,0,52,2020/02/13 16:37:09
5931171706,榮新藥局,新北市林口區忠孝路３８３號１樓,(02)26089789,34,38,2020/02/13 16:37:09
5931171715,林口藥局,新北市林口區文化三路２段６９號１樓,(02)26001899,64,36,2020/02/13 16:37:09
5931171724,林康藥局,新北市林口區文化二路１段２２２號１樓,(02)26088869,0,102,2020/02/13 16:37:09
5931171733,長欣藥局,新北市林口區中山路１８８號１樓之３,(02)26013171,0,108,2020/02/13 16:37:09
5931171742,唯恩藥局,新北市林口區麗園一街９巷１號１樓之２,(02)26005805,0,15,2020/02/13 16:37:09
5931171751,杏一林口仁愛藥局,新北市林口區仁愛路２段９１號１樓,(02)26016453,200,132,2020/02/13 16:37:09
5931171788,泰臨中西藥局,新北市林口區忠孝１路５號（１樓）,(02)26087538,16,0,2020/02/13 16:37:09
5931181051,永源藥局,新北市深坑區北深路３段１７４號１樓,(02)26644588,17,172,2020/02/13 16:37:09
5931181104,介新大藥局,新北市深坑區文化街９４號,(02)26648149,0,102,2020/02/13 16:37:09
5931181159,信東深坑北深藥局,新北市深坑區北深路３段１０３號１樓,(02)77092976,0,130,2020/02/13 16:37:09
5931181195,健康小站藥局,新北市深坑區埔新里北深路２段７５號,(02)26629568,0,82,2020/02/13 16:37:09
5931181239,怡恩藥局,新北市深坑區埔新街４１號,(02)26620285,0,17,2020/02/13 16:37:09
5931181248,福康藥粧藥局,新北市深坑區北深路３段１７５號（１樓）,(02)26646529,36,48,2020/02/13 16:37:09
5931190514,碇康藥局,新北市石碇區潭邊里石崁２４－１號,(02)26634229,0,90,2020/02/13 16:37:09
5931211045,三芝藥師藥局,新北市三芝區中正路１段４３號１樓,(02)86353982,0,28,2020/02/13 16:37:09
5931211063,富康輝藥局,新北市三芝區中正路１段８６.８８號１樓,(02)26363836,0,6,2020/02/13 16:37:09
5931220017,醫有堂藥局,新北市石門區中山路３２號－１,(02)26382836,0,48,2020/02/13 16:37:09
5931231127,杏家藥局,新北市八里區中華路２段２５６號１樓,(02)26105369,51,56,2020/02/13 16:37:09
5931231181,八里藥師藥局,新北市八里區中山路２段２２６號１樓,(02)26101212,4,0,2020/02/13 16:37:09
5931231225,小蘋果藥局,新北市八里區中山路１段２２９號,(02)26108206,0,38,2020/02/13 16:37:09
5931250015,松南藥局,新北市雙溪區中華路２９號,(02)24931085,3,118,2020/02/13 16:37:09
5931250042,信芳藥局,新北市雙溪區中華路５０號,(02)24931301,0,44,2020/02/13 16:37:09
5931270026,仁又堂藥局,新北市金山區信義路１７號,(02)24982468,205,62,2020/02/13 16:37:09
5931270044,金宏仁藥局,新北巿金山區中山路１９０巷２號,(02)24982402,16,112,2020/02/13 16:37:09
5931271103,躍獅五福藥局,新北市金山區中山路９９號１樓,(02)24081608,2,20,2020/02/13 16:37:09
5931280013,萬里藥局,新北市萬里區瑪鍊路９０號,(02)24922235,0,130,2020/02/13 16:37:09
5931281074,北海岸藥局,新北市萬里區瑪鍊路９８號,(02)24922022,0,164,2020/02/13 16:37:09
5932010019,家佳藥局,桃園市桃園區瑞慶里莊一街８０號,(03)3175618,6,10,2020/02/13 16:37:09
5932010202,安琪兒藥局,桃園市桃園區莊敬路二段７６號１樓,(03)3016965,70,114,2020/02/13 16:37:09
5932010337,明欣藥局,桃園市桃園區南平路２０６之３號,(03)3165639,0,76,2020/02/13 16:37:09
5932010462,禾康藥局,桃園市桃園區大業路一段４３８號,(03)3254068,0,118,2020/02/13 16:37:09
5932010604,怡合藥局,桃園市桃園區大業路一段３１８號,(03)3150782,1,32,2020/02/13 16:37:09
5932010631,新華興清溪藥局,桃園市桃園區東門里中山東路１０號１樓,(03)3330011,118,148,2020/02/13 16:37:09
5932010659,宏偉藥師藥局,桃園市桃園區上海路５５號,(03)3698551,0,10,2020/02/13 16:37:09
5932010668,世興藥局,桃園市桃園區桃鶯路４５２號２樓,(03)3635470,20,136,2020/02/13 16:37:09
5932010702,鴻發藥師藥局,桃園市桃園區大有路５４３號,(03)3582468,78,26,2020/02/13 16:37:09
5932010784,維美藥局,桃園市桃園區成功路二段８７號１樓,(03)3359033,0,88,2020/02/13 16:37:09
5932010793,安泰藥局,桃園市桃園區中正路６３３號２樓,(03)3169685,56,143,2020/02/13 16:37:09
5932010855,泓德藥局,桃園市桃園區中正路１０８９號之１,(03)3169816,4,142,2020/02/13 16:37:09
5932010891,縣府仰望藥局,桃園市桃園區中山路３２３號,(03)3348494,0,138,2020/02/13 16:37:09
5932010908,大愛藥師藥局,桃園市桃園區中正路４３５號,(03)3376771,0,114,2020/02/13 16:37:09
5932011058,富仕康藥局,桃園市桃園區中華路１１８號地下１樓,(03)3391318,14,210,2020/02/13 16:37:09
5932011110,樂安藥局,桃園市桃園區經國路２０６號１樓,(03)3250362,344,228,2020/02/13 16:37:09
5932011147,維格藥局,桃園市桃園區大興西路二段１２９號,(03)3016639,0,2,2020/02/13 16:37:09
5932011218,人仁藥局,桃園市桃園區南華街１８０號,(03)3328963,80,189,2020/02/13 16:37:09
5932011281,克峰藥局,桃園市桃園區中路街１７號,(03)3674520,0,2,2020/02/13 16:37:09
5932011316,大興藥局,桃園市桃園區大德一街９６號,(03)3266868,0,102,2020/02/13 16:37:09
5932011361,新生藥局,桃園市桃園區新民街４號１樓,(03)3354011,0,138,2020/02/13 16:37:09
5932011370,家福聯合藥局,桃園市桃園區中山路６２３號,(03)2289492,0,78,2020/02/13 16:37:09
5932011503,文安藥局,桃園市桃園區中正路６９９號,(03)3558999,6,0,2020/02/13 16:37:09
5932011512,必安藥局,桃園市桃園區永樂街６４號,(03)3324010,0,236,2020/02/13 16:37:09
5932011576,三芳藥局,桃園市桃園區民族路２３２號,(03)3390986,0,158,2020/02/13 16:37:09
5932011585,北醫藥局,桃園市桃園區中正路８５４號,(03)3575806,6,102,2020/02/13 16:37:09
5932011610,郁祥藥局,桃園市桃園區成功里春日路２１６號,(03)3335495,0,198,2020/02/13 16:37:09
5932011638,明光藥局,桃園市桃園區中山東路１１７之１號,(03)3380427,2,102,2020/02/13 16:37:09
5932011692,正安藥局,桃園市桃園區東山里安東街５８號,(03)3329461,0,176,2020/02/13 16:37:09
5932011772,中山藥局,桃園市桃園區玉山里復興路３６９號,(03)3346614,0,54,2020/02/13 16:37:09
5932011870,永祥大藥局,桃園市桃園區永安路５２８號,(03)3337161,0,198,2020/02/13 16:37:09
5932011898,健安藥局,桃園市桃園區北門里民生路２９５號,(03)3344624,0,152,2020/02/13 16:37:09
5932012108,蘇蔡藥局,桃園市桃園區昆明路９號１樓,(03)3639319,0,124,2020/02/13 16:37:09
5932012359,長鴻藥師藥局,桃園市桃園區中興里永安路２７７之５號,(03)3324728,1,128,2020/02/13 16:37:09
5932012402,聖昌藥師藥局,桃園市桃園區莊敬里中正路１２３８號１樓,(03)3266654,0,74,2020/02/13 16:37:09
5932012457,禾安連鎖藥局,桃園市桃園區中山路２５４號,(03)3318966,20,212,2020/02/13 16:37:09
5932012493,吉生藥局,桃園市桃園區延平路３２號,(03)3626220,0,72,2020/02/13 16:37:09
5932012573,悅藥坊人文藥局,桃園市桃園區桃智路６號,(03)3761688,206,52,2020/02/13 16:37:09
5932012582,聖元藥局,桃園市桃園區大興西路二段６９巷１號,(03)3584958,14,2,2020/02/13 16:37:09
5932012591,迦南藥局,桃園市桃園區國聖一街６１號１樓之１,(03)3609938,0,8,2020/02/13 16:37:09
5932012671,美德藥師藥局,桃園市桃園區中正路２３０號,(03)3354160,0,132,2020/02/13 16:37:09
5932012742,益兒康藥局,桃園市桃園區國際路二段４０號,(03)3798851,2,44,2020/02/13 16:37:09
5932012804,桃園南平藥局,桃園市桃園區南平路３０２－１號１樓,(03)3165222,0,74,2020/02/13 16:37:09
5932012813,桃園大興藥局,桃園市桃園區大興西路二段７６巷３號,(03)3013222,0,96,2020/02/13 16:37:09
5932012902,天濟堂藥局,桃園市桃園區桃鶯路３８８之８號,(03)3614983,98,46,2020/02/13 16:37:09
5932012911,中平啄木鳥藥局,桃園市桃園區中平路１３６號,(03)2207457,1,28,2020/02/13 16:37:09
5932012939,安慶盛康藥局,桃園市桃園區安慶街９１號,(03)3027267,0,66,2020/02/13 16:37:09
5932013007,南門藥局,桃園市桃園區南華街５３號,(03)3335395,0,24,2020/02/13 16:37:09
5932013016,熊寶寶藥局,桃園市桃園區延平路１１１號,(03)3636915,62,47,2020/02/13 16:37:09
5932013034,永明藥師藥局,桃園市桃園區永安路２６４號,(03)3343606,2,62,2020/02/13 16:37:09
5932013089,力行盛康藥局,桃園市桃園區力行路９８號,(03)3391368,0,70,2020/02/13 16:37:09
5932013114,仁悅藥局,桃園市桃園區中山路６８號,(03)3361718,0,158,2020/02/13 16:37:09
5932013123,桃康藥局,桃園市桃園區桃鶯路２０３號,(03)3641815,0,58,2020/02/13 16:37:09
5932013169,和信藥師藥局,桃園市桃園區大業路一段１２７號１樓、２樓,(03)3370600,0,10,2020/02/13 16:37:09
5932013196,北桃藥師藥局,桃園市桃園區中正路３５２號,(03)3366816,0,32,2020/02/13 16:37:09
5932013203,龍城藥局,桃園市桃園區龍壽里龍城五街６０號,(03)2170662,0,138,2020/02/13 16:37:09
5932013267,合新藥局,桃園市桃園區自強路８９號１樓,(03)3325290,0,130,2020/02/13 16:37:09
5932013285,復興藥局,桃園市桃園區復興路５７、５９號,(03)3398979,0,216,2020/02/13 16:37:09
5932013301,大象健保藥局,桃園市桃園區龍安街１２７號,(03)3797028,0,6,2020/02/13 16:37:09
5932013310,躍獅省桃藥局,桃園市桃園區龍壽街２４號,(03)3791488,4,22,2020/02/13 16:37:09
5932013338,合豐藥局,桃園市桃園區中山東路８２號,(03)3394007,8,46,2020/02/13 16:37:09
5932013356,妮妮藥局,桃園市桃園區天祥三街３８號,(03)3585982,1,36,2020/02/13 16:37:09
5932013365,方一健保藥局,桃園市桃園區中山北路１３３號,(03)3364226,0,142,2020/02/13 16:37:09
5932013374,芳鄰藥局,桃園市桃園區昆明路３９號,(03)3679498,56,40,2020/02/13 16:37:09
5932013383,多多藥局,桃園市桃園區南平路１８３號１樓,(03)3162133,26,62,2020/02/13 16:37:09
5932013392,桃園中正藥局,桃園市桃園區中正路３７３號,(03)3381600,198,172,2020/02/13 16:37:09
5932013409,欣立藥局,桃園市桃園區龍安街１８１－１號１樓,(03)3792001,0,98,2020/02/13 16:37:09
5932013418,凱軒藥局,桃園市桃園區大有路４２８號２樓,(03)3151006,0,146,2020/02/13 16:37:09
5932013427,奧美藥局,桃園市桃園區忠義里大業路一段８６號１樓,(03)3321551,0,86,2020/02/13 16:37:09
5932013436,和康藥局,桃園市桃園區三民路三段５６９號１樓,(03)3672399,0,13,2020/02/13 16:37:09
5932013445,乙川藥局,桃園市桃園區中正路５７６號,(03)3368758,42,190,2020/02/13 16:37:09
5932013463,惠邁健保藥局,桃園市桃園區莊敬路二段１０３號１樓,(03)3026491,26,98,2020/02/13 16:37:09
5932013516,三民益康藥局,桃園市桃園區三民路一段１７１號１樓,(03)3353757,1,211,2020/02/13 16:37:09
5932013534,杏昌藥局,桃園市桃園區同安里中正路１１００號１樓,(03)3573268,2,10,2020/02/13 16:37:09
5932013589,龍壽大藥局,桃園市桃園區龍壽街６４－１號１樓,(03)3705663,2,114,2020/02/13 16:37:09
5932013605,新華興藥局,桃園市桃園區中正路６６５號,(03)3267777,0,36,2020/02/13 16:37:09
5932013614,桃元松藥局,桃園市桃園區建華三街４２號,(03)3611066,0,82,2020/02/13 16:37:09
5932013623,興業盛康藥局,桃園市桃園區大業路二段１５號１樓,(03)3163569,14,54,2020/02/13 16:37:09
5932013650,金安藥局,桃園市桃園區南華街１４８號,(03)3398088,0,114,2020/02/13 16:37:09
5932013687,桃園春日藥局,桃園市桃園區春日路８７８號,(03)3580101,0,70,2020/02/13 16:37:09
5932013712,星欣藥局,桃園市桃園區國鼎一街１７號１樓,(03)3700552,4,30,2020/02/13 16:37:09
5932013721,桃園民光藥局,桃園市桃園區中正路５６９號,(03)3364888,0,138,2020/02/13 16:37:09
5932013749,桃園寶山藥局,桃園市桃園區寶山街７２號,(03)3250562,0,80,2020/02/13 16:37:09
5932013767,小飛象藥局,桃園市桃園區慈文路１９２號,(03)3552771,0,6,2020/02/13 16:37:09
5932013785,愛兒康藥局,桃園市桃園區龍安街１４７號１樓,(03)3789142,0,36,2020/02/13 16:37:09
5932013794,春日盛康藥局,桃園市桃園區春日路３０５號,(03)3362359,4,126,2020/02/13 16:37:09
5932013801,桃園中山藥局,桃園市桃園區中山路７０７號,(03)2207168,4,132,2020/02/13 16:37:09
5932013810,大廟藥局,桃園市桃園區中山路１５８號１樓,(03)3337006,0,224,2020/02/13 16:37:09
5932013856,大滝藥局,桃園市桃園區龍壽街７４－２號,(03)3607258,0,42,2020/02/13 16:37:09
5932013874,經國藥局,桃園市桃園區經國路２００號,(03)3151959,0,76,2020/02/13 16:37:09
5932013883,桃園大有藥局,桃園市桃園區大有路５５６號,(03)3460793,0,95,2020/02/13 16:37:09
5932013892,庭昌藥局,桃園市桃園區中正路３８７號Ｂ１樓,(03)3337238,79,236,2020/02/13 16:37:09
5932013909,莊敬長青藥師藥局,桃園市桃園區莊敬路一段３２３號１樓,(03)3587676,4,96,2020/02/13 16:37:09
5932013918,益壽藥局,桃園市桃園區中山路８２８、８３０、８３２、８３４、８３６號,(03)3693100,0,116,2020/02/13 16:37:09
5932013927,誠信藥局,桃園市桃園區中正路５３５號２樓,(03)3379299,0,140,2020/02/13 16:37:09
5932013936,家佳盈中西藥局,桃園市桃園區民生路２０５號１樓,(03)3350501,97,166,2020/02/13 16:37:09
5932013945,驊康藥局,桃園市桃園區大業路一段４２２號１樓,(03)3563865,24,76,2020/02/13 16:37:09
5932013954,桃鶯藥局,桃園市桃園區桃鶯路１０２號,(03)3675100,0,52,2020/02/13 16:37:09
5932013972,合祥藥局,桃園市桃園區國際路二段８號１樓,(03)3703010,88,46,2020/02/13 16:37:09
5932017069,佳赫藥局,桃園市桃園區龍壽街４８號,(03)3701037,0,48,2020/02/13 16:37:09
5932017096,榮生藥師藥局,桃園市桃園區民生路２７５號一樓,(03)3396120,2,192,2020/02/13 16:37:09
5932017103,立人堂藥局,桃園市桃園區中山路397號,(03)3372239,0,110,2020/02/13 16:37:09
5932017112,全安藥師藥局,桃園市桃園區寶慶路４２９號,(03)3023107,1,114,2020/02/13 16:37:09
5932017274,同德藥局（原為桃得藥師藥局）,桃園市桃園區同德十街４３號,(03)2150270,0,22,2020/02/13 16:37:09
5932017309,達安藥師藥局,桃園市桃園區大有路６４６號一樓,(03)3583582,0,24,2020/02/13 16:37:09
5932018520,保安藥師藥局,桃園市桃園區春日路一三七二號,(03)3578722,0,174,2020/02/13 16:37:09
5932018539,新永安藥師藥局,桃園市桃園區永安路４６６號,(03)3471180,0,124,2020/02/13 16:37:09
5932018548,五代全民藥局,桃園市桃園區中山路九十七號,(03)3355001,0,150,2020/02/13 16:37:09
5932018593,品一藥局,桃園市桃園區建新街７６號,(03)3638510,70,46,2020/02/13 16:37:09
5932018628,民富大藥局,桃園市桃園區大有路４８８號,(03)3469976,0,34,2020/02/13 16:37:09
5932018664,廣文藥局,桃園市桃園區廣文街２９號,(03)3380330,0,172,2020/02/13 16:37:09
5932018842,宏升藥局,桃園市桃園區三民路三段５１２號,(03)3672307,4,60,2020/02/13 16:37:09
5932018922,聖欣藥局,桃園市桃園區中山路５２３號一樓,(03)3328832,0,120,2020/02/13 16:37:09
5932018931,滿庭芳藥局,桃園市桃園區三民路三段２８２號,(03)3379496,1,138,2020/02/13 16:37:09
5932018940,均安藥局,桃園市桃園區寶山街６１號,(03)3581695,0,102,2020/02/13 16:37:09
5932019045,大一藥局,桃園市桃園區中山路684之一號一樓,(03)2171836,0,155,2020/02/13 16:37:09
5932019116,慈安藥局,桃園市桃園區永安路３８３號,(03)3369599,0,172,2020/02/13 16:37:09
5932019143,弘光藥師藥局,桃園市桃園區國際路一段１１３５號,(03)2170167,2,16,2020/02/13 16:37:09
5932019152,馨丰藥局,桃園市桃園區育樂街23號1樓,(03)3319628,98,188,2020/02/13 16:37:09
5932019330,同生藥師藥局,桃園市桃園區永安路二五九號一樓,(03)3349791,0,118,2020/02/13 16:37:09
5932019563,親子藥局,桃園市桃園區南平路１９５號,(03)3172318,0,86,2020/02/13 16:37:09
5932019581,莘莘藥局,桃園市桃園區莊敬路一段３６８號,(03)3170681,0,60,2020/02/13 16:37:09
5932019901,正欣藥局,桃園市桃園區莊敬路一段三四二之六號一樓,(03)3174677,62,128,2020/02/13 16:37:09
5932019929,元氣藥局,桃園市桃園區民光東路一Ｏ九號,(03)3332201,0,84,2020/02/13 16:37:09
593201A015,悅民藥局,桃園市桃園區中山東路１１９－１號,(03)3350452,0,202,2020/02/13 16:37:09
593201A195,力美藥局,桃園市桃園區永安路三七七號,(03)3334191,2,176,2020/02/13 16:37:09
593201A284,康泰藥局,桃園市桃園區大業路一段三二三號,(03)3588299,16,0,2020/02/13 16:37:09
593201A435,勝祥藥局,桃園市桃園區中正路五五八號二樓,(03)3473856,0,62,2020/02/13 16:37:09
593201A499,永安藥局,桃園市桃園區寶山街二三五號一樓之二,(03)3175777,0,104,2020/02/13 16:37:09
593201A506,永忻藥局,桃園市桃園區大興路一九三號一樓,(03)3587669,40,102,2020/02/13 16:37:09
593201A542,昌維藥師藥局,桃園市桃園區縣府路二二號二樓,(03)3315091,0,150,2020/02/13 16:37:09
593201A604,啄木鳥藥局,桃園縣桃園市南平路４１１號,(03)3467698,4,26,2020/02/13 16:37:09
593201A631,大國民藥局,桃園市桃園區中正路５７８號１樓,(03)3355575,0,50,2020/02/13 16:37:09
593201A640,大心藥局,桃園市桃園區中平路１４１號,(03)2209842,2,0,2020/02/13 16:37:09
593201A668,佑您康聯合藥局,桃園市桃園區寶山街３８５號,(03)3463999,0,92,2020/02/13 16:37:09
593201A695,安祐藥局,桃園市桃園區南平路516之1號,(03)3166889,0,108,2020/02/13 16:37:09
593201A748,大田大藥局,桃園市桃園區中正路３８０號,(03)3372886,168,164,2020/02/13 16:37:09
5932020146,德泰藥局,桃園市中壢區健行路１２７號,(03)4686457,0,136,2020/02/13 16:37:09
5932020324,回生藥局,桃園市中壢區福州二街４０８號,(03)4616483,15,14,2020/02/13 16:37:09
5932020360,日進藥局,桃園市中壢區中山東路二段１５６號,(03)4569132,8,62,2020/02/13 16:37:09
5932020459,新元藥局,桃園市中壢區龍平里龍東路４４號,(03)4563356,0,68,2020/02/13 16:37:09
5932020502,禾安藥局,桃園市中壢區福德路５２號１F,(03)4627066,12,108,2020/02/13 16:37:09
5932020548,生富藥師藥局,桃園市中壢區新明里中央西路二段７６號,(03)4941475,0,16,2020/02/13 16:37:09
5932020717,成星藥局,桃園市中壢區水尾里環北路４３７號,(03)4528435,0,158,2020/02/13 16:37:09
5932020753,立昇藥局,桃園市中壢區成功里成功路１２３號,(03)4557032,0,134,2020/02/13 16:37:09
5932020940,仁德堂藥局,桃園市中壢區中山路４８１號,(03)4936375,0,90,2020/02/13 16:37:09
5932021036,廣怡藥局,桃園市中壢區華勛街２５６號,(03)4366885,2,60,2020/02/13 16:37:09
5932021045,井田藥局,桃園市中壢區東興里中北路二段八號一樓,(03)4572003,0,100,2020/02/13 16:37:09
5932021090,新生藥師藥局,桃園市中壢區民權路５２號,(03)4919796,2,96,2020/02/13 16:37:09
5932021214,新象藥局,桃園市中壢區元化路６２號,(03)4277585,10,90,2020/02/13 16:37:09
5932021358,瑞康藥局,桃園市中壢區福州二街４７５號,(03)4612200,0,46,2020/02/13 16:37:09
5932021401,懷仁藥師健保藥局,桃園市中壢區中北路９３號１樓,(03)4378466,10,108,2020/02/13 16:37:09
5932021554,領耀大藥局,桃園市中壢區中央里元化路９７號１樓,(03)4253038,0,30,2020/02/13 16:37:09
5932021643,同慶大藥局,桃園市中壢區健行路５２、５４號１樓,(03)4688239,2,94,2020/02/13 16:37:09
5932021670,日光健康藥局,桃園市中壢區華祥一街２號１樓,(03)4383559,1,72,2020/02/13 16:37:09
5932021689,立康專業藥局,桃園市中壢區莊敬路８６５號,(03)4553121,16,32,2020/02/13 16:37:09
5932021803,好生活藥師藥局,桃園市中壢區龍岡路二段１１６號,(03)4683698,0,92,2020/02/13 16:37:09
5932021812,慧中健保藥局,桃園市中壢區成章二街１４１號１樓,(03)4556129,14,50,2020/02/13 16:37:09
5932021821,佳佳藥局,桃園市中壢區中央西路二段２１０號１樓,(03)4028216,0,94,2020/02/13 16:37:09
5932021830,億源藥局,桃園市中壢區林森路１７６號,(03)4595111,0,14,2020/02/13 16:37:09
5932021885,誠新藥局,桃園市中壢區新中北路二段４８７號１樓,(03)4517296,4,22,2020/02/13 16:37:09
5932022104,彤顏醫美藥局,桃園市中壢區元化路２７５之５號,(03)4272798,0,94,2020/02/13 16:37:09
5932022159,躍獅新明藥局,桃園市中壢區新明路６６號１樓,(03)2813361,2,40,2020/02/13 16:37:09
5932022257,星康生活藥局,桃園市中壢區中美路二段94號,(03)4252869,0,14,2020/02/13 16:37:09
5932022300,育康藥局,桃園市中壢區中正路３６６號,(03)4278266,0,160,2020/02/13 16:37:09
5932022319,九禾藥局,桃園市中壢區九和五街９號１樓,(03)2805283,0,214,2020/02/13 16:37:09
5932022346,宜美大藥局,桃園市中壢區莊敬路７１６號,(03)4637687,4,0,2020/02/13 16:37:09
5932022355,新家福藥局,桃園市中壢區福州二街４１９號,(03)4621658,2,60,2020/02/13 16:37:09
5932022373,得康藥局,桃園市中壢區龍岡路二段８９、９１號,(03)4686738,0,58,2020/02/13 16:37:09
5932022499,大和藥局,桃園市中壢區元化路二段６６號,(03)4260298,0,62,2020/02/13 16:37:09
5932022515,惠博藥師藥局,桃園市中壢區環北路３９１號,(03)4518884,0,86,2020/02/13 16:37:09
5932022524,家佳聯合藥局,桃園市中壢區中光路１４號,(03)4273960,0,72,2020/02/13 16:37:09
5932022533,安和藥局,桃園市中壢區龍東路３６８號１樓,(03)4378627,0,82,2020/02/13 16:37:09
5932022579,東南藥局,桃園市中壢區慈惠三街１３７號,(03)4273116,0,72,2020/02/13 16:37:09
5932022631,中壢中正藥局,桃園市中壢區中正路３６３、３６５號,(03)4014100,0,134,2020/02/13 16:37:09
5932022640,博士藥師藥局,桃園市中壢區健行路２２０號,(03)4280557,0,50,2020/02/13 16:37:09
5932022659,安利藥局,桃園市中壢區龍東路５０４號,(03)4562824,0,78,2020/02/13 16:37:09
5932022668,里安藥局,桃園市中壢區元化路８３號,(03)4250799,64,158,2020/02/13 16:37:09
5932022766,佳敬藥局,桃園市中壢區莊敬路１６０號,(03)2713595,0,76,2020/02/13 16:37:09
5932022828,立安藥局,桃園市中壢區中華路一段３０２號２樓,(03)4520898,4,172,2020/02/13 16:37:09
5932022846,千芮藥局,桃園市中壢區中原里忠孝路６號,(03)4516742,203,214,2020/02/13 16:37:09
5932022917,仁心藥局,桃園市中壢區福州一街７９號,(03)4617575,1,106,2020/02/13 16:37:09
5932022926,益康藥局,桃園市中壢區新明路３６號,(03)4950077,44,158,2020/02/13 16:37:09
5932022980,美佑康活力藥局,桃園市中壢區五福里中正路６２７號,(03)2810018,6,16,2020/02/13 16:37:09
5932022999,新資生福州大藥局,桃園市中壢區福州二街４０９號,(03)4638812,2,108,2020/02/13 16:37:09
5932023012,鴻安中西藥局,桃園市中壢區新中北路二段１９１號１樓,(03)4520615,12,56,2020/02/13 16:37:09
5932023021,辰鴻藥局,桃園市中壢區環中東路１１０號,(03)4638639,100,78,2020/02/13 16:37:09
5932023049,惠安藥局,桃園市中壢區中山路４５２號１樓,(03)4926750,26,246,2020/02/13 16:37:09
5932023058,健行藥局,桃園市中壢區健行路１３９號,(03)4681988,2,28,2020/02/13 16:37:09
5932023094,中壢民權藥局,桃園市中壢區民權路３２６、３２８號,(03)4014961,4,24,2020/02/13 16:37:09
5932023110,長偕社區藥局,桃園市中壢區環中東路１６０號,(03)4631995,0,70,2020/02/13 16:37:09
5932023147,杏一中壢天晟藥局,桃園市中壢區延平路１７３號１樓,(03)4554517,0,62,2020/02/13 16:37:09
5932023156,中民社區藥局,桃園市中壢區民族路二段１８２號,(03)4922642,2,104,2020/02/13 16:37:09
5932023165,資生內壢大藥局,桃園市中壢區成章一街１６２號１樓,(03)4628651,1,42,2020/02/13 16:37:09
5932023174,康華藥局,桃園市中壢區忠孝路１４號１樓,(03)4632313,0,128,2020/02/13 16:37:09
5932023183,佳華藥局,桃園市中壢區六和路４６號,(03)4278960,6,106,2020/02/13 16:37:09
5932023192,聖康藥局,桃園市中壢區洽溪里永平街６３號１樓,(03)2871491,30,72,2020/02/13 16:37:09
5932023218,中壢環東藥局,桃園市中壢區中山東路二段１９３號,(03)4562345,6,130,2020/02/13 16:37:09
5932023254,博鈞藥局,桃園市中壢區元化路２２６號２樓,(03)4256093,0,38,2020/02/13 16:37:09
5932023263,中國藥師藥局,桃園市中壢區中央西路二段３４號,(03)4614133,26,72,2020/02/13 16:37:09
5932023272,龍東藥局,桃園市中壢區龍東路２０５號,(03)4383088,0,66,2020/02/13 16:37:09
5932023281,裕翔藥局,桃園市中壢區榮民路４８號１樓,(03)4355499,4,80,2020/02/13 16:37:09
5932023307,晟康健保藥局,桃園市中壢區永光里環北路４號１樓桃園市中壢區民權路二段３４號,(03)4950218,5,88,2020/02/13 16:37:09
5932023325,新資生榮民大藥局,桃園市中壢區興仁里榮民路１０３號,(03)4636831,2,90,2020/02/13 16:37:09
5932023334,欣安藥局,桃園市中壢區龍岡路三段１７６號,(03)4285880,0,23,2020/02/13 16:37:09
5932023352,全國大藥局,桃園市中壢區普仁里中山東路二段１３３號１樓,(03)4660336,0,153,2020/02/13 16:37:09
5932023361,彩玲藥局,桃園市中壢區環北路３５５號１樓,(03)4634164,152,200,2020/02/13 16:37:09
5932023370,中力藥局,桃園市中壢區復興路５４號,(03)4273119,0,128,2020/02/13 16:37:09
5932023432,敏康藥局,桃園市中壢區福德路３４號之１樓,(03)4611961,0,86,2020/02/13 16:37:09
5932023450,環中藥局,桃園市中壢區環中東路１８１號,(03)4618873,0,40,2020/02/13 16:37:09
5932023478,佳愷藥局,桃園市中壢區中北路４７號,(03)4664735,0,114,2020/02/13 16:37:09
5932023487,新賀生大藥局,桃園市中壢區中山東路三段２６０號,(03)4163900,2,52,2020/02/13 16:37:09
5932023503,內壢忠孝藥局,桃園市中壢區忠孝路３６號,(03)4636641,0,60,2020/02/13 16:37:09
5932023512,大順藥局,桃園市中壢區興仁路三段５６號,(03)4654675,6,0,2020/02/13 16:37:09
5932023521,少同藥局,桃園市中壢區中正路四段５９０號,(03)4989082,0,92,2020/02/13 16:37:09
5932023558,德春藥局,桃園市中壢區中山路４４５號,(03)4933495,0,70,2020/02/13 16:37:09
5932023567,內壢成章藥局,桃園市中壢區忠孝路１９８號,(03)4524123,200,52,2020/02/13 16:37:09
5932023576,天晟社區藥局,桃園市中壢區新街里延平路１５１號１樓,(03)4629292,0,94,2020/02/13 16:37:09
5932023594,新資生信義大藥局,桃園市中壢區信義路１４７號,(03)4636831,0,40,2020/02/13 16:37:09
5932023601,大賀藥局,桃園市中壢區龍東路３９９號１樓,(03)4375977,0,46,2020/02/13 16:37:09
5932023610,遵龍藥局,桃園市中壢區元生二街１９２號,(03)4620252,94,66,2020/02/13 16:37:09
5932023629,壢好藥局,桃園市中壢區興農路１０３號１樓,(03)4528886,0,58,2020/02/13 16:37:09
5932023647,樂謙藥師藥局,桃園市中壢區龍東路１３４號,(03)4662775,0,56,2020/02/13 16:37:09
5932023656,思琁藥師藥局,桃園市中壢區中北路二段４３０號,(03)4162189,0,28,2020/02/13 16:37:09
5932023665,生源藥局,桃園市中壢區中光路７１號,(03)4221606,6,100,2020/02/13 16:37:09
5932023674,福安藥局,桃園市中壢區元化路２３２號,(03)4266000,18,170,2020/02/13 16:37:09
5932023683,祥合藥局,桃園市中壢區中北路二段４３１號,(03)2841880,1,116,2020/02/13 16:37:09
5932023692,幸一藥局,桃園市中壢區民族路４６號,(03)4013150,0,70,2020/02/13 16:37:09
5932023718,鈞育藥局,桃園市中壢區吉林路１２７號,(03)4622031,0,16,2020/02/13 16:37:09
5932023727,大崙大藥局,桃園市中壢區內厝里中正路４段１１３號,(03)4983597,0,48,2020/02/13 16:37:09
5932023745,萬恒藥局,桃園市中壢區大同路１２２號,(03)4221769,1,168,2020/02/13 16:37:09
5932023763,永崴大藥局,桃園市中壢區莊敬路７８３、７８５號,(03)4513537,2,72,2020/02/13 16:37:09
5932023772,佑全中壢中正藥局,桃園市中壢區中正路１０８號１、２樓,(03)2807899,0,66,2020/02/13 16:37:09
5932023781,政昇藥局,桃園市中壢區青峰路一段４３號９樓,(03)2873953,0,160,2020/02/13 16:37:09
5932023790,新天地藥局,桃園市中壢區普仁里治平街９號１樓,(03)4660106,6,24,2020/02/13 16:37:09
5932023807,東興藥局,桃園市中壢區中北路２段３９號,(03)4282611,5,166,2020/02/13 16:37:09
5932025007,劉藥局,桃園市中壢區中平路１６９號,(03)4223338,0,154,2020/02/13 16:37:09
5932028133,中北藥妝藥局,桃園市中壢區中北路二段５０１號,(03)4366918,16,100,2020/02/13 16:37:09
5932028311,千福藥局,桃園市中壢區高鐵站前西路二段８７號,(03)4533789,0,8,2020/02/13 16:37:09
5932028375,福泰藥師藥局,桃園市中壢區慈惠三街１１２號１樓,(03)4224130,0,70,2020/02/13 16:37:09
5932028491,新典藥局,桃園市中壢區龍東路４２５號,(03)4371986,0,4,2020/02/13 16:37:09
5932029676,中日大藥局,桃園市中壢區中北路二段７８號,(03)4285068,4,128,2020/02/13 16:37:09
5932029934,康和藥局,桃園市中壢區中光路５３號一樓,(03)4253281,97,216,2020/02/13 16:37:09
5932029952,佳倫藥局,桃園市中壢區內壢里忠孝路１５１號之一,(03)4358385,0,8,2020/02/13 16:37:09
593202A002,六和藥局,桃園市中壢區六和路１２號１樓,(03)4228181,46,200,2020/02/13 16:37:09
593202A173,宏瑞藥局,桃園市中壢區興仁路三段９５號,(03)4385067,0,90,2020/02/13 16:37:09
593202A226,冠昇藥局,桃園市中壢區慈惠三街１１７號２樓,(03)4260227,48,160,2020/02/13 16:37:09
593202A244,澤仁藥局,桃園市中壢區中正路２６３號,(03)4252254,0,154,2020/02/13 16:37:09
593202A360,福德藥局,桃園市中壢區福德路３０號,(03)4511208,2,114,2020/02/13 16:37:09
593202A600,一心藥局,桃園市中壢區環北路184號2樓,(03)4250560,0,158,2020/02/13 16:37:09
593202A655,益昌藥局,桃園市中壢區龍岡路二段１２５號,(03)2842862,197,94,2020/02/13 16:37:09
593202A664,健新藥局,桃園市中壢區忠孝路８０號二樓,(03)4555750,0,134,2020/02/13 16:37:09
593202A833,君安藥局,桃園市中壢區中北路二段３９０號,(03)4685484,0,80,2020/02/13 16:37:09
593202A931,佳佑藥局,桃園市中壢區環中東路二四一號,(03)4356190,18,132,2020/02/13 16:37:09
593202B054,幸福藥局,桃園市中壢區中光路３號,(03)4223092,14,142,2020/02/13 16:37:09
593202B143,永康藥局,桃園市中壢區中華路一段六九八號二樓,(03)4627301,0,126,2020/02/13 16:37:09
593202B214,美十藥局,桃園市中壢區健行路七九號一樓,(03)2840520,0,186,2020/02/13 16:37:09
593202B296,慧康藥局,桃園市中壢區中北路二段１０１號１樓,(03)2840064,64,164,2020/02/13 16:37:09
593202B303,優健藥局,桃園市中壢區中山東路三段九號,(03)4364006,0,28,2020/02/13 16:37:09
593202B330,康博藥局,桃園市中壢區元化路二七二號一樓,(03)4256302,2,148,2020/02/13 16:37:09
593202B349,健康生活藥局,桃園市中壢區中山路二五號,(03)4272729,0,86,2020/02/13 16:37:09
593202B358,上禾藥師藥局,桃園市中壢區新生路２１５號,(03)4269277,2,152,2020/02/13 16:37:09
593202B394,永豐藥局,桃園市中壢區民族路五段四六Ｏ號,(03)4205339,2,0,2020/02/13 16:37:09
593202B401,佳音健保藥局,桃園市中壢區興仁路一段１４４號２樓,(03)4516813,0,64,2020/02/13 16:37:09
593202B438,祐達藥局,桃園市中壢區民族路二九八號,(03)4015995,0,42,2020/02/13 16:37:09
593202B447,榮善堂藥局,桃園市中壢區前龍街九號,(03)4564946,1,84,2020/02/13 16:37:09
593202B474,自立藥局,桃園市中壢區永福路１０１３號,(03)4558980,0,6,2020/02/13 16:37:09
593202B483,千葉大藥局,桃園市中壢區新生路三Ｏ七號,(03)4251886,104,144,2020/02/13 16:37:09
593202B492,美麗藥局,桃園市中壢區環中東路３６號１樓,(03)2855002,24,154,2020/02/13 16:37:09
593202B572,康林藥局,桃園市中壢區龍東路３５４號,(03)4659696,0,92,2020/02/13 16:37:09
593202B634,平安藥局,桃園市中壢區莊敬路８１１巷２號,(03)4336633,14,70,2020/02/13 16:37:09
593202B732,愛康藥師藥局,桃園市中壢區龍岡路一段２３０號１樓,(03)4285907,34,192,2020/02/13 16:37:09
593202B787,中央藥局,桃園市中壢區中北路二段５６號,(03)4579676,8,26,2020/02/13 16:37:09
5932030080,吉壽藥局,桃園市大溪區員林路三段４２號,(03)3802049,0,82,2020/02/13 16:37:09
5932030099,吉新藥局,桃園市大溪區福仁里和平路２３號,(03)3882171,25,162,2020/02/13 16:37:09
5932030160,永耘藥局,桃園市大溪區介壽路６４號,(03)3804770,4,69,2020/02/13 16:37:09
5932030179,資生大藥局,桃園市大溪區康莊路１３２號,(03)3882276,6,76,2020/02/13 16:37:09
5932031354,田心藥局,桃園市大溪區和二路64號,(03)3874426,0,57,2020/02/13 16:37:09
5932031372,康莊藥局,桃園市大溪區康莊路１０２號,(03)3870240,0,104,2020/02/13 16:37:09
5932031407,濟德藥局,桃園市大溪區復興路一號一樓,(03)3883361,4,126,2020/02/13 16:37:09
5932031578,宜暉健保藥局,桃園市大溪區介壽路７１８號,(03)3806695,0,58,2020/02/13 16:37:09
5932031701,安欣大藥局,桃園縣大溪鎮介壽路７５８號,(03)3893573,2,12,2020/02/13 16:37:09
5932031710,甯慶藥局,桃園市大溪區介壽路１１７９號,(03)3801199,0,84,2020/02/13 16:37:09
5932031729,德安堂藥局,桃園市大溪區介壽路８９２號,(03)3808173,0,78,2020/02/13 16:37:09
5932031747,欣康藥局,桃園市大溪區員林路２段３９０－６號,(03)3076310,1,45,2020/02/13 16:37:09
5932031756,明仁藥局,桃園市大溪區介壽路８１號１樓,(03)3804832,6,148,2020/02/13 16:37:09
5932031792,大溪藥局,桃園市大溪區康莊路１６０號,(03)3873873,186,86,2020/02/13 16:37:09
5932031827,文化藥局,桃園市大溪區一心里復興路１０５號１樓,(03)3884886,14,40,2020/02/13 16:37:09
5932040175,華生藥局,桃園市楊梅區埔心里中興路８９號,(03)4821839,0,6,2020/02/13 16:37:09
5932040246,龍泰藥局,桃園市楊梅區民族路五段１４７巷２號,(03)4901525,0,12,2020/02/13 16:37:09
5932040255,中美藥局,桃園市楊梅區埔心里中興路７７號,(03)4822483,2,4,2020/02/13 16:37:09
5932040308,弘大藥局,桃園市楊梅區大華街十三號,(03)4751858,28,48,2020/02/13 16:37:09
5932042080,佳禾藥局,桃園市楊梅區永美路３３３號,(03)4827805,0,120,2020/02/13 16:37:09
5932042124,佑健藥師藥局,桃園市楊梅區中山北路二段一Ｏ八號一樓,(03)4315478,0,4,2020/02/13 16:37:09
5932042213,京元藥局,桃園市楊梅區中興路３０號,(03)4829624,6,56,2020/02/13 16:37:09
5932042231,楊明藥局,桃園市楊梅區新農街５４９號,(03)2889100,1,16,2020/02/13 16:37:09
5932042240,明禾藥局,桃園市楊梅區楊新北路１３號,(03)4755813,6,46,2020/02/13 16:37:09
5932042259,良華藥局,桃園市楊梅區大成路１９２號１樓,(03)4855458,2,80,2020/02/13 16:37:09
5932042320,家康藥師藥局,桃園市楊梅區文化街二三二之一號,(03)4810893,8,16,2020/02/13 16:37:09
5932042348,新康藥局,桃園市楊梅區成功路２２之１號二樓,(03)2821766,0,62,2020/02/13 16:37:09
5932042419,華泰健康藥局,桃園市楊梅區武營街一三之一號,(03)4754900,8,154,2020/02/13 16:37:09
5932042491,成安藥局,桃園市楊梅區信義街一六、一八號,(03)4725463,2,6,2020/02/13 16:37:09
5932042679,得康美藥局,桃園市楊梅區環南路１２８號１樓,(03)4788128,4,20,2020/02/13 16:37:09
5932042820,合康美藥局,桃園市楊梅區中山北路二段７９號,(03)4812598,0,38,2020/02/13 16:37:09
5932042866,天乙藥局,桃園市楊梅區新成路２０１號,(03)4756916,0,28,2020/02/13 16:37:09
5932043005,佳青藥局,桃園市楊梅區青山五街１６號１樓及地下一樓,(03)2755235,0,74,2020/02/13 16:37:09
5932043041,弘安藥局,桃園市楊梅區新農街１５號,(03)4782115,0,2,2020/02/13 16:37:09
5932043078,祐寧藥局,桃園市楊梅區新成路４２號１樓,(03)4783859,22,91,2020/02/13 16:37:09
5932043087,敦親藥局,桃園市楊梅區瑞坪里瑞溪路二段１６０號１樓,(03)4820502,39,4,2020/02/13 16:37:09
5932043121,埔心藥局,桃園市楊梅區永美路２２５號,(03)4311539,0,62,2020/02/13 16:37:09
5932043130,宜康美藥局,桃園市楊梅區環東路４５２號,(03)4883805,12,34,2020/02/13 16:37:09
5932043149,新德安藥局,桃園市楊梅區新成路１５１號１樓,(03)4751676,80,104,2020/02/13 16:37:09
5932043158,裕東藥局,桃園市楊梅區新成路１２２號１樓,(03)4753316,0,122,2020/02/13 16:37:09
5932043210,聖鑫藥局,桃園市楊梅區永美路３８９號１樓,(03)4311995,0,4,2020/02/13 16:37:09
5932043274,躍獅天明藥局,桃園市楊梅區大成路１７７號,(03)2888295,6,82,2020/02/13 16:37:09
5932043283,育佳藥局,桃園市楊梅區成德二街５６號１樓,(03)4880226,194,142,2020/02/13 16:37:09
5932043309,資生楊梅大藥局,桃園市楊梅區楊新路１００號,(03)4636831,1,77,2020/02/13 16:37:09
5932043318,宏文藥局,桃園市楊梅區大成路５０號,(03)4881526,0,62,2020/02/13 16:37:09
5932043327,全球埔心大藥局,桃園市楊梅區永美路３９５號,(03)4824839,0,4,2020/02/13 16:37:09
5932043336,楊梅藥局,桃園市楊梅區大成路１４８、１５０號,(03)4880776,8,54,2020/02/13 16:37:09
5932043345,家安藥局,桃園市楊梅區中興路１３２號,(03)4811626,2,122,2020/02/13 16:37:09
5932043354,佳品藥局,桃園市楊梅區大成路１０４號１樓,(03)4752927,78,150,2020/02/13 16:37:09
5932050019,南欣藥師藥局,桃園市蘆竹區錦中里南崁路２０５號,(03)3227038,0,112,2020/02/13 16:37:09
5932050180,長榮藥師藥局,桃園市盧竹區南崁路２１０號,(03)3520589,86,92,2020/02/13 16:37:09
5932050215,九德藥局,桃園市蘆竹區中山路６９號,(03)3116868,7,0,2020/02/13 16:37:09
5932050224,杏洋藥局,桃園市蘆竹區南崁路１３４號,(03)3112799,5,82,2020/02/13 16:37:09
5932051285,承安藥局,桃園市蘆竹區光明路一段十四號,(03)3115277,88,24,2020/02/13 16:37:09
5932051310,健康堂藥局,桃園市蘆竹區中正路３５３號,(03)3218828,0,196,2020/02/13 16:37:09
5932051329,恆安藥局,桃園市蘆竹區忠孝西路卅六號,(03)2120206,71,80,2020/02/13 16:37:09
5932051392,福興藥局,桃園市蘆竹區大新路１７號,(03)3237217,0,116,2020/02/13 16:37:09
5932051427,大吉藥局,桃園市蘆竹區大竹路４３６號,(03)3234375,4,56,2020/02/13 16:37:09
5932051472,康而美聖安藥師藥局,桃園市蘆竹區南山路一段二之一號,(03)3228753,0,158,2020/02/13 16:37:09
5932051749,得安藥局,桃園市蘆竹區中正路三Ｏ六號,(03)3216950,0,208,2020/02/13 16:37:09
5932051829,佳安藥局,桃園市蘆竹區南昌路二六一之一號,(03)2123073,28,106,2020/02/13 16:37:09
5932051972,大安藥局,桃園市蘆竹區大新路一Ｏ七號,(03)3137380,0,100,2020/02/13 16:37:09
5932052004,英登藥局,桃園市蘆竹區南崁路三四四號,(03)2124606,0,97,2020/02/13 16:37:09
5932052013,誠心藥局,桃園市蘆竹區中山路一四五號一樓,(03)2127369,0,58,2020/02/13 16:37:09
5932052068,誼康藥局,桃園市蘆竹區奉化路一二六號,(03)3129045,0,62,2020/02/13 16:37:09
5932052077,明安藥局,桃園市蘆竹區南竹路一之六號,(03)3527087,100,148,2020/02/13 16:37:09
5932052086,連安藥局,桃園市蘆竹區南崁路一一二號二樓,(03)3522333,22,160,2020/02/13 16:37:09
5932052200,樺生藥師藥局,桃園市蘆竹區南崁路９６號,(03)3121821,8,150,2020/02/13 16:37:09
5932052228,大竹藥師藥局,桃園市蘆竹區南竹路五段二五九號,(03)3232508,0,74,2020/02/13 16:37:09
5932052273,育境健保藥局,桃園市蘆竹區光明路二段２７２號１樓,(03)2122887,0,70,2020/02/13 16:37:09
5932052308,南崁宜安藥師藥局,桃園市蘆竹區南崁路２４８號,(03)3220686,0,27,2020/02/13 16:37:09
5932052326,文文藥局,桃園市蘆竹區南崁路１３１號２樓,(03)2129685,0,120,2020/02/13 16:37:09
5932052335,鑫盟藥師藥局,桃園市蘆竹區中正路３６７號２樓,(03)3117543,1,178,2020/02/13 16:37:09
5932052362,奇點藥局,桃園市蘆竹區吉林路67號,(03)3111262,1,58,2020/02/13 16:37:09
5932052406,上安藥局,桃園市蘆竹區中正路３５７之１號,(03)3219118,0,206,2020/02/13 16:37:09
5932052415,康德美藥局,桃園市蘆竹區南山路三段２５５號１樓,(03)3243638,0,116,2020/02/13 16:37:09
5932052433,承昇藥局,桃園市蘆竹區桃園街８６號,(03)3211085,0,10,2020/02/13 16:37:09
5932052442,喜多福藥局,桃園市蘆竹區山腳里南山路三段２６５號１樓,(03)3240083,0,90,2020/02/13 16:37:09
5932052479,宜家藥局,桃園市蘆竹區大竹里大新路１０３號,(03)3236008,10,0,2020/02/13 16:37:09
5932052531,竹康藥師藥局,桃園市蘆竹區大竹路５２５號,(03)3139657,0,30,2020/02/13 16:37:09
5932052540,南竹健保藥局,桃園市蘆竹區南竹路一段７６號１樓,(03)3526182,8,94,2020/02/13 16:37:09
5932052559,大新長青藥師藥局,桃園市蘆竹區大新路４６７號,(03)3131413,10,50,2020/02/13 16:37:09
5932052595,全郁藥師藥局,桃園市蘆竹區新莊里大新路４５８、４６０號１樓,(03)3231101,9,2,2020/02/13 16:37:09
5932052700,杏安藥局,桃園市蘆竹區大竹路５２９號,(03)3230491,10,124,2020/02/13 16:37:09
5932052737,知博藥師藥局,桃園市蘆竹區營盤里中山路１６０號,(03)2221886,0,48,2020/02/13 16:37:09
5932052746,南崁藥師藥局,桃園市蘆竹區南榮里忠孝西路３號之１樓,(03)3126458,20,92,2020/02/13 16:37:09
5932052755,大葉藥局,桃園市蘆竹區中山路１３２號１樓,(03)3125347,0,66,2020/02/13 16:37:09
5932052764,禾泰藥局,桃園市蘆竹區中山路９１號１樓,(03)3530297,2,98,2020/02/13 16:37:09
5932052808,柏霖藥局,桃園市蘆竹區中正路３５９號２樓,(03)2120284,0,38,2020/02/13 16:37:09
5932052844,康維藥局,桃園市蘆竹區仁愛路一段２２號１樓,(03)3125330,0,118,2020/02/13 16:37:09
5932052853,奇安藥局,桃園市蘆竹區南昌路２６９號,(03)2120207,0,44,2020/02/13 16:37:09
5932052871,政興藥局,桃園市蘆竹區南昌路２５４號,(03)3215544,32,10,2020/02/13 16:37:09
5932052880,安捷幸福藥局,桃園市蘆竹區吉林路１２號１樓,(03)2221151,0,75,2020/02/13 16:37:09
5932052906,民生藥局,桃園市蘆竹區南昌路４５號,(090)6967212,2,58,2020/02/13 16:37:09
5932052915,敏新藥局,桃園市蘆竹區海山路１４號,(03)3248202,0,100,2020/02/13 16:37:09
5932052924,青青藥師藥局,桃園市蘆竹區南山路三段３１３號１樓,(03)3240338,0,84,2020/02/13 16:37:09
5932052933,天康南崁藥局,桃園市蘆竹區南崁路２４５號,(03)2122569,2,110,2020/02/13 16:37:09
5932052951,永青健康人生藥局,桃園市蘆竹區奉化路１４２號１樓,(03)3528361,0,92,2020/02/13 16:37:09
5932052979,南崁藥局,桃園市蘆竹區中正路２５１、２５３、２５５號,(03)3522022,14,156,2020/02/13 16:37:09
5932053001,安祐大藥局,桃園市蘆竹區忠孝西路１９２號,(03)2229195,0,94,2020/02/13 16:37:09
5932053010,辰安藥局,桃園市蘆竹區上興路２１６號１樓,(03)3136631,6,0,2020/02/13 16:37:09
5932053029,健力藥局,桃園市蘆竹區奉化路１３６號,(03)2221918,106,136,2020/02/13 16:37:09
5932053047,桃園大竹藥局,桃園市蘆竹區大竹路３６５號,(03)3235959,8,2,2020/02/13 16:37:09
5932060088,銘方大藥局,桃園市大園區大園里中華路３２號,(03)3865077,0,18,2020/02/13 16:37:09
5932060168,永固安藥局,桃園市大園區中山南路五六號,(03)3867233,0,10,2020/02/13 16:37:09
5932061003,保和大藥局,桃園市大園區大園里中山北路３６號,(03)3867448,26,26,2020/02/13 16:37:09
5932062046,家宏藥局,桃園市大園區祰林里三民路二段４６６號,(03)3838866,0,90,2020/02/13 16:37:09
5932062117,怡德藥局,桃園市大園區中正東路１９之１號,(03)3868878,2,62,2020/02/13 16:37:09
5932062126,國中藥局,桃園市大園區中山北路１２８號,(03)3852256,2,12,2020/02/13 16:37:09
5932062144,唯新藥局,桃園市大園區忠孝一街１１號１樓,(03)3869380,14,60,2020/02/13 16:37:09
5932062162,麒安藥局,桃園市大園區新生路８３號,(03)3858368,62,186,2020/02/13 16:37:09
5932062171,菓林村藥局,桃園市大園區菓林里菓林路１００號,(03)3832065,40,36,2020/02/13 16:37:09
5932062242,利安藥局,桃園市大園區新生路１３５號,(03)3853315,2,2,2020/02/13 16:37:09
5932062377,新明藥局,桃園市大園區中華路７７號,(03)3851838,8,106,2020/02/13 16:37:09
5932062402,德馨藥局,桃園市大園區中華路７２號,(03)3853586,0,56,2020/02/13 16:37:09
5932062411,園正藥局,桃園市大園區中正東路７５號,(03)3865250,44,76,2020/02/13 16:37:09
5932062439,青埔長青藥師藥局,桃園市大園區新生路四段２５１號,(03)3815097,60,28,2020/02/13 16:37:09
5932062457,新資生大園大藥局,桃園市大園區新生路９５、９７號一樓,(03)4636831,11,48,2020/02/13 16:37:09
5932070164,輝安大藥局,桃園市龜山區中原街３號,(03)3290636,0,48,2020/02/13 16:37:09
5932070208,福民藥局,桃園市龜山區山鶯路１０８號,(03)3207779,6,118,2020/02/13 16:37:09
5932070235,中聯藥局,桃園市龜山區龜山里中興路一段２７號,(03)3201741,6,16,2020/02/13 16:37:09
5932070253,高田藥師藥局,桃園市龜山區山鶯路７６號,(03)3336363,0,59,2020/02/13 16:37:09
5932071009,德佑藥局,桃園市龜山區大崗里新興街２９３號,(03)3283556,1,144,2020/02/13 16:37:09
5932076111,中興藥局,桃園市龜山區中興路２０２號,(03)3591755,4,158,2020/02/13 16:37:09
5932076148,宏仁藥局,桃園市龜山區萬壽路二段１０９５號,(03)3506590,2,70,2020/02/13 16:37:09
5932076255,安得福藥局,桃園市龜山區萬壽路一段２８１號,(02)82001467,0,140,2020/02/13 16:37:09
5932076399,林口藥師藥局,桃園市龜山區文興路７號,(03)3285668,0,122,2020/02/13 16:37:09
5932076424,三加恩聯合藥局,桃園市龜山區自強東路一八八號,(03)3508071,0,54,2020/02/13 16:37:09
5932076568,誠意藥局,桃園市龜山區文興路三三巷八號一樓,(03)3180899,1,120,2020/02/13 16:37:09
5932076657,家佑藥師藥局,桃園市龜山區文化二路３０之１號１樓,(03)3280055,0,42,2020/02/13 16:37:09
5932076746,安欣藥局,桃園市龜山區文化二路３４巷１４弄８號,(03)3185689,200,92,2020/02/13 16:37:09
5932076791,誠安生活藥局,桃園市龜山區文化七路７９之２號,(03)3271997,4,60,2020/02/13 16:37:09
5932076835,光峰藥局,桃園市龜山區光峰路６７號,(03)3207630,0,24,2020/02/13 16:37:09
5932076844,帕米爾藥局,桃園市龜山區萬壽路二段９９１號,(03)3295522,0,136,2020/02/13 16:37:09
5932076862,和信藥局,桃園市龜山區南祥路５８號１樓,(03)2124028,0,12,2020/02/13 16:37:09
5932077001,德康藥局,桃園市龜山區復興三路３－３號,(03)3186468,2,86,2020/02/13 16:37:09
5932077056,桃園龜山藥局,桃園市龜山區萬壽路二段８９６號,(03)3203312,94,142,2020/02/13 16:37:09
5932077092,仁康藥局,桃園市龜山區文興路７８號１樓,(03)3182575,4,94,2020/02/13 16:37:09
5932077109,嘉惠中西藥局,桃園市龜山區文化七路７９－１號１樓,(03)3183837,0,24,2020/02/13 16:37:09
5932077118,文青藥局,桃園市龜山區文青路２０２號,(03)3270581,116,26,2020/02/13 16:37:09
5932077145,百佑藥局,桃園市龜山區中興路一段１８號,(03)3200428,0,32,2020/02/13 16:37:09
5932077154,博爾康生活藥局,桃園市龜山區大同路２５０號１樓,(03)3506588,2,66,2020/02/13 16:37:09
5932077163,新資生龜山大藥局,桃園市龜山區大同里自強東路１號,(03)3290429,4,29,2020/02/13 16:37:09
5932077172,佑全藥局,桃園市龜山區幸福三街３１號,(03)3193036,1,59,2020/02/13 16:37:09
5932077225,松林藥局,桃園市龜山區文化一路１０巷４１弄１０號１樓,(03)3960788,1,147,2020/02/13 16:37:09
5932077234,文新藥局,桃園市龜山區文化二路７１－１號１樓,(03)3978659,0,14,2020/02/13 16:37:09
5932077261,南崁南祥藥局,桃園市龜山區南祥路４６號,(03)2227733,10,78,2020/02/13 16:37:09
5932077270,明昌藥局,桃園市龜山區中興里萬壽路二段１１９１－６號,(03)3501205,0,137,2020/02/13 16:37:09
5932077298,家和藥局,桃園市龜山區建國東路９７號,(03)3196416,4,112,2020/02/13 16:37:09
5932077305,全興藥局,桃園市龜山區光峰路１５３號１樓,(03)3597901,0,4,2020/02/13 16:37:09
5932077341,德亞藥局,桃園市龜山區大同路１號,(03)3198342,0,203,2020/02/13 16:37:09
5932077350,日心藥局,桃園市龜山區文化一路１０巷４１弄１號１樓,(03)3270557,0,32,2020/02/13 16:37:09
5932077369,安博氏藥師藥局,桃園市龜山區文青路１８５號１樓,(03)3283185,26,43,2020/02/13 16:37:09
5932077378,佑昌藥局,桃園市龜山區民生北路一段５３４號,(03)3120760,8,35,2020/02/13 16:37:09
5932077396,尤加利藥局,桃園市龜山區文學路２５９號１樓,(03)3272168,0,54,2020/02/13 16:37:09
5932077421,躍獅藥聯藥局,桃園市龜山區萬壽路二段９９３號,(03)3591976,0,54,2020/02/13 16:37:09
5932077430,長庚藥局,桃園市龜山區文化三路８１巷１號,(03)3181679,22,112,2020/02/13 16:37:09
5932077449,新資生文青大藥局,桃園市龜山區文青路２０９號,(03)4636831,10,80,2020/02/13 16:37:09
5932077458,康旭藥局,桃園市龜山區復興一路２１２巷１７號２樓,(03)3288287,0,132,2020/02/13 16:37:09
5932080035,慶昇藥局,桃園市八德區桃鶯路一Ｏ二號,(03)3648037,2,4,2020/02/13 16:37:09
5932080080,厚仁藥局,桃園市八德區大義里永福街１１號,(03)3611071,1,124,2020/02/13 16:37:09
5932080099,安慧藥局,桃園市八德區介壽路一段７３３號,(03)3636131,4,40,2020/02/13 16:37:09
5932080197,和生藥局,桃園市八德區興豐路５８８號,(03)3688368,0,40,2020/02/13 16:37:09
5932083081,壽德藥局,桃園市八德區桃德路八十四號,(03)3666350,0,70,2020/02/13 16:37:09
5932083303,吉康生活藥局,桃園市八德區義勇街１２０號,(03)3768577,0,32,2020/02/13 16:37:09
5932083330,健康中西藥師藥局,桃園市八德區桃鶯路４５號,(03)3638373,92,181,2020/02/13 16:37:09
5932083394,信發藥局,桃園市八德區桃鶯路２４號,(03)3669276,4,122,2020/02/13 16:37:09
5932083438,八德藥局,桃園市八德區廣褔路一七八號二樓,(03)3761856,2,62,2020/02/13 16:37:09
5932083456,瑞誠藥局,桃園市八德區介壽路一段八九八之一號,(03)3669840,26,176,2020/02/13 16:37:09
5932083509,上方藥局,桃園市八德區廣褔路一八八號,(03)3635902,0,216,2020/02/13 16:37:09
5932083527,新大明藥局,桃園市八德區大明街二一號一樓,(03)3618284,0,26,2020/02/13 16:37:09
5932083670,保健藥局,桃園市八德區介壽路一段８３３號２樓,(03)3669486,25,106,2020/02/13 16:37:09
5932083714,佳美大藥局,桃園市八德區介壽路一段六八八號,(03)3772239,0,18,2020/02/13 16:37:09
5932083812,家恩藥局,桃園市八德區陸光街４５－１號,(03)3740554,0,19,2020/02/13 16:37:09
5932083894,大千中西藥師藥局,桃園市八德區高城里高城二街９巷２２號１樓,(03)3691258,0,122,2020/02/13 16:37:09
5932083965,安平藥局,桃園市八德區興豐路６５２號１樓,(03)3732071,0,26,2020/02/13 16:37:09
5932083974,晨鴻藥師藥局,桃園市八德區桃鶯路７號１樓,(03)3764299,108,52,2020/02/13 16:37:09
5932084113,我家藥局,桃園市八德區興豐路８３７號,(03)3732736,0,150,2020/02/13 16:37:09
5932084195,禎祐示範藥局,桃園市八德區大智路７號,(03)3757241,0,54,2020/02/13 16:37:09
5932084211,東林藥局,桃園市八德區和義街１３號１樓,(03)3761129,0,8,2020/02/13 16:37:09
5932084248,佑兒康藥局,桃園市八德區永豐路５７０號,(03)3709680,0,48,2020/02/13 16:37:09
5932084257,成發藥局,桃園市八德區和平路２５０號,(03)3751696,0,46,2020/02/13 16:37:09
5932084300,博泰藥局,桃園市八德區介壽路二段９８２號,(03)3731010,0,74,2020/02/13 16:37:09
5932084319,新寶樹藥局,桃園市八德區介壽路一段９７４號,(03)3770000,2,112,2020/02/13 16:37:09
5932084373,悅康藥局,桃園市八德區介壽路一段９１６號,(03)3662930,0,48,2020/02/13 16:37:09
5932084435,康健藥局,桃園市八德區介壽路ㄧ段８６３號,(03)3617226,0,70,2020/02/13 16:37:09
5932084462,興豐丁丁藥局,桃園市八德區興豐路４３５號,(03)3689287,0,14,2020/02/13 16:37:09
5932084480,大躍藥局,桃園市八德區高城里高城路４８號１樓,(03)3786958,0,36,2020/02/13 16:37:09
5932084499,誠泰藥局,桃園市八德區大千里東勇街５１－２號,(03)3649340,0,58,2020/02/13 16:37:09
5932084515,第二店廣福藥局,桃園市八德區廣福路９１號,(03)3660848,2,140,2020/02/13 16:37:09
5932084542,介壽啄木鳥藥局,桃園市八德區介壽路二段１０６８號,(03)3656375,1,12,2020/02/13 16:37:09
5932084560,慈幼藥局,桃園市八德區忠勇六街７號,(03)3749915,1,0,2020/02/13 16:37:09
5932084579,奇異果藥局,桃園市八德區富城街１１２號,(03)3691764,4,16,2020/02/13 16:37:09
5932084613,健民大藥局,桃園市八德區介壽路２段２８２號,(03)3666639,0,4,2020/02/13 16:37:09
5932084631,崇明藥局,桃園市八德區介壽路二段１１７１號,(03)3732095,27,127,2020/02/13 16:37:09
5932084640,嘉家藥局,桃園市八德區介壽路一段７８２號,(03)3749192,0,104,2020/02/13 16:37:09
5932084659,鶯康藥局,桃園市八德區桃鶯路９５號,(03)3613624,0,24,2020/02/13 16:37:09
5932084668,奕成健保大藥局,桃園市八德區興豐路６７３號１樓,(03)3732113,0,24,2020/02/13 16:37:09
5932084677,杏一八德介壽藥局,桃園市八德區介壽路一段７７１號１樓,(03)3665542,0,16,2020/02/13 16:37:09
5932084686,宏昌藥局,桃園市八德區介壽路一段８９０號,(03)3639797,0,26,2020/02/13 16:37:09
5932084695,康馥藥局,桃園市八德區金和路５３號１樓,(03)3749620,0,16,2020/02/13 16:37:09
5932090148,關西第一藥局,桃園市龍潭區中山里東龍路３０３巷２號,(03)4096375,7,143,2020/02/13 16:37:09
5932098073,全球藥局,桃園市龍潭區龍潭里北龍路１８５號,(03)4802710,1,14,2020/02/13 16:37:09
5932098091,悅發藥局,桃園市龍潭區龍元路８６號,(03)4705098,6,152,2020/02/13 16:37:09
5932099132,龍大藥局,桃園市龍潭區中正路一六九號,(03)4993793,4,68,2020/02/13 16:37:09
5932099150,繕葆藥局,桃園市龍潭區中興路３０９號,(03)4803831,0,72,2020/02/13 16:37:09
5932099196,華濟藥師聯合大藥局,桃園市龍潭區中正路136號,(03)4804428,1,52,2020/02/13 16:37:09
5932099203,普善藥局,桃園市龍潭區北龍路３３３號,(03)4705877,2,65,2020/02/13 16:37:09
5932099285,達仁藥局,桃園市龍潭區北龍路２７０號,(03)4095166,0,110,2020/02/13 16:37:09
5932099383,龍星藥局,桃園市龍潭區中正路二八四號二樓,(03)4707390,42,62,2020/02/13 16:37:09
5932099436,康熙藥局,桃園市龍潭區中正路１２８號,(03)4801508,0,170,2020/02/13 16:37:09
5932099481,弘安育藥局,桃園市龍潭區北龍路一四四號,(03)4808824,0,4,2020/02/13 16:37:09
5932099516,１Ｏ１藥師聯合藥局,桃園市龍潭區中正路４４號,(03)4708593,10,94,2020/02/13 16:37:09
5932099614,新龍藥局,桃園市龍潭區龍星里東龍路１７５號２樓,(03)4093719,2,248,2020/02/13 16:37:09
5932099623,中興藥師藥局,桃園市龍潭區中興路３９９號,(03)4091005,0,32,2020/02/13 16:37:09
5932099650,健康社區藥局,桃園市龍潭區中正路２９０號,(03)4992198,0,16,2020/02/13 16:37:09
5932099678,龍華藥局,桃園市龍潭區東龍路１６９號,(03)4701489,0,20,2020/02/13 16:37:09
5932099687,承融藥局,桃園市龍潭區中興里中興路２８２號,(03)4095543,0,16,2020/02/13 16:37:09
5932099776,愛心藥局,桃園市龍潭區五福街１５巷３號,(03)4706717,10,105,2020/02/13 16:37:09
5932099829,百年藥局,桃園市龍潭區中正路２４１號,(03)4890681,0,108,2020/02/13 16:37:09
5932099847,龍青藥局,桃園市龍潭區龍青路７２號,(03)4890211,42,180,2020/02/13 16:37:09
5932099856,佳欣社區藥局,桃園市龍潭區中正路２６２號１樓,(03)4808717,198,70,2020/02/13 16:37:09
5932099874,龍潭北龍藥局,桃園市龍潭區北龍路２７５號,(03)4893123,10,106,2020/02/13 16:37:09
5932099883,美和健保藥局,桃園市龍潭區中興路２０７號,(03)4790639,0,14,2020/02/13 16:37:09
5932099892,百年聯和藥局,桃園市龍潭區中豐路３００號,(03)4895268,0,58,2020/02/13 16:37:09
5932099909,仁鑫藥局,桃園市龍潭區東龍路２０６號,(03)4703935,0,46,2020/02/13 16:37:09
5932100185,德聯藥師藥局,桃園市平鎮區龍南路３１號,(03)4603613,0,62,2020/02/13 16:37:09
5932100210,富國藥師藥局,桃園市平鎮區中豐路３４５號,(03)4283805,6,82,2020/02/13 16:37:09
5932100354,世新藥局,桃園市平鎮區廣泰路７５之２號,(03)4941234,1,2,2020/02/13 16:37:09
5932100381,北區藥師藥局,桃園市平鎮區中豐路山頂段２９７號,(03)4693629,0,40,2020/02/13 16:37:09
5932100443,美得藥局,桃園市平鎮區湧豐里南豐路３０－１號２樓,(03)4697120,0,114,2020/02/13 16:37:09
5932100603,安心藥局,桃園市平鎮區上海路１８８號,(03)4398799,0,8,2020/02/13 16:37:09
5932100612,名康藥局,桃園市平鎮區金陵路二段７２號,(03)4577559,4,28,2020/02/13 16:37:09
5932100685,閤家康聯合藥局,桃園市平鎮區中豐路山頂段２５６號,(03)4194550,18,50,2020/02/13 16:37:09
5932100701,壢新藥局,桃園市平鎮區廣泰路１２６號,(03)4950785,126,82,2020/02/13 16:37:09
5932100765,親親大藥局,桃園市平鎮區復旦路二段２１１巷７號,(03)4939368,0,12,2020/02/13 16:37:09
5932100774,龍南藥局,桃園市平鎮區龍南路２００號１樓,(03)4609196,0,100,2020/02/13 16:37:09
5932100792,德韻藥局,桃園市平鎮區延平路三段２號,(03)4013007,0,86,2020/02/13 16:37:09
5932100809,愛國藥師藥局,桃園市平鎮區民族路二段１３９號１樓,(03)4014747,24,74,2020/02/13 16:37:09
5932100836,好的快藥局,桃園市平鎮區和平路１２３號１樓,(03)4574208,0,82,2020/02/13 16:37:09
5932100845,全球和平藥局,桃園市平鎮區和平路１６０號１、２樓,(03)4683247,8,0,2020/02/13 16:37:09
5932100863,新昕藥局,桃園市平鎮區東社里龍南路９２號１樓,(03)4509616,0,62,2020/02/13 16:37:09
5932100872,旭安藥局,桃園市平鎮區民族路三段８９號１樓,(03)4026260,0,78,2020/02/13 16:37:09
5932100881,文化藥局,桃園市平鎮區文化街９２號１樓,(03)4951356,0,24,2020/02/13 16:37:09
5932100916,唯康藥局,桃園市平鎮區中豐路南勢二段１４４號,(03)4396011,2,8,2020/02/13 16:37:09
5932100925,譽達藥局,桃園市平鎮區育達路２４０號１樓,(03)4922990,0,32,2020/02/13 16:37:09
5932100989,南勢長青藥師藥局,桃園市平鎮區中豐路南勢二段５３１號,(03)4030060,12,30,2020/02/13 16:37:09
5932101002,南勢藥局,桃園市平鎮區中豐路南勢二段１０８號,(03)4395663,0,8,2020/02/13 16:37:09
5932101011,天晴藥局,桃園市平鎮區和平路１２５號３樓,(03)4596503,30,202,2020/02/13 16:37:09
5932101039,平鎮中豐藥局,桃園市平鎮區中豐路山頂段１６４號,(03)4690939,0,46,2020/02/13 16:37:09
5932101057,大天藥局,桃園市平鎮區金陵路二段６號,(03)4570818,8,72,2020/02/13 16:37:09
5932101066,日安藥局,桃園市平鎮區復興街１０８號,(03)4916178,0,4,2020/02/13 16:37:09
5932101075,杏一平鎮環南藥局,桃園市平鎮區環南路２號,(03)4951758,0,16,2020/02/13 16:37:09
5932101084,佳仁藥局,桃園市平鎮區平東路２４３號,(03)4609335,0,18,2020/02/13 16:37:09
5932101100,延平藥局,桃園市平鎮區延平路二段１３６號１樓,(03)4020757,68,60,2020/02/13 16:37:09
5932108305,晨安藥局,桃園市平鎮區振興西路99號,(03)4925202,0,36,2020/02/13 16:37:09
5932108378,信泰藥局,桃園市平鎮區南豐路３３號,(03)4695253,0,4,2020/02/13 16:37:09
5932108387,正豐藥局,桃園市平鎮區新勢里新榮路２５０號,(03)4937259,0,126,2020/02/13 16:37:09
5932108396,錦興行藥局,桃園市平鎮區北勢里振興路１３號,(03)4572842,12,42,2020/02/13 16:37:09
5932108430,建德藥局,桃園市平鎮區北勢里金陵路１０３號,(03)4686662,0,124,2020/02/13 16:37:09
5932108529,大益藥局,桃園市平鎮區金陵路２２４號,(03)4578962,0,122,2020/02/13 16:37:09
5932108574,天健示範藥局,桃園市平鎮區文化街２５２號,(03)4937169,6,34,2020/02/13 16:37:09
5932109857,鼎祥藥局,桃園市平鎮區關爺北路四二號,(03)4679124,0,34,2020/02/13 16:37:09
5932109955,優達藥局,桃園市平鎮區廣明路六六號,(03)4943488,0,52,2020/02/13 16:37:09
5932109973,新英藥局,桃園市平鎮區中豐路208號1樓,(03)4687729,0,38,2020/02/13 16:37:09
5932109982,如泓藥局,桃園市平鎮區金陵路三段１１３號２樓,(03)4571107,0,52,2020/02/13 16:37:09
593210A078,康健複合式連鎖藥局,桃園市平鎮區金陵路三段９１號,(03)4684601,6,38,2020/02/13 16:37:09
593210A238,美樂蒂藥局,桃園市平鎮區民族路二三七號二樓,(03)4023131,0,46,2020/02/13 16:37:09
5932110092,宏興藥局,桃園市新屋區新生里中山路４０８號,(03)4773181,0,24,2020/02/13 16:37:09
5932111213,一間藥局,桃園市新屋區中山路三一二號,(03)4772355,0,24,2020/02/13 16:37:09
5932120016,吉利藥師藥局,桃園市觀音區富源里新富路１７０５號,(03)4901701,28,12,2020/02/13 16:37:09
5932120098,金永生藥局,桃園市觀音區觀音里甘泉街７號,(03)4732072,4,148,2020/02/13 16:37:09
5932120114,廣福藥局,桃園市觀音區新坡里新生路４１號,(03)4984488,0,40,2020/02/13 16:37:09
5932120141,東尼藥局,桃園市觀音區觀音里中正路２２０號,(03)4734567,0,20,2020/02/13 16:37:09
5932120169,合春藥局,桃園市觀音區新坡里新生路４６號,(03)4982300,0,32,2020/02/13 16:37:09
5932123008,立明藥局,桃園市觀音區草漯里大觀路二段３３－１號１樓,(03)4838292,0,2,2020/02/13 16:37:09
5932124087,國際藥局,桃園市觀音區草漯里新生路1547號,(03)4834475,0,56,2020/02/13 16:37:09
5932124096,松樹藥師藥局,桃園市觀音區中山路二段777號,(03)4988995,2,136,2020/02/13 16:37:09
5932124185,德洋藥局,桃園市觀音區中山路二段九三九號,(03)4980527,20,88,2020/02/13 16:37:09
5932124265,弘宗藥局,桃園市觀音區中山路１５號,(03)4735659,0,74,2020/02/13 16:37:09
5932124345,甘泉藥局,桃園市觀音區中正路２４２號,(03)4738659,18,142,2020/02/13 16:37:09
5932124354,健康藥局,桃園市觀音區新坡里中山路二段６２５號１樓,(03)4989952,0,122,2020/02/13 16:37:09
5932124363,草漯藥局,桃園市觀音區大觀路二段１８６號,(03)4832452,0,32,2020/02/13 16:37:09
5932124372,福星藥局,桃園市觀音區大觀路二段２１３號１樓,(03)4389138,0,32,2020/02/13 16:37:09
5932130049,德怡藥局,桃園市復興區澤仁里忠孝路３４號,(03)3821686,0,174,2020/02/13 16:37:09
5933010055,聯合大藥局,新竹縣關西鎮西安里正義路９１號,(03)5877767,1,43,2020/02/13 16:37:09
5933010064,明德藥局,新竹縣關西鎮中山路１８號,(03)5874335,17,138,2020/02/13 16:37:09
5933010082,仁泰藥局,新竹縣關西鎮石光里６鄰２６８號,(03)5868391,0,68,2020/02/13 16:37:09
5933010091,進安藥局,新竹縣關西鎮正義路１５號,(03)5872153,173,221,2020/02/13 16:37:09
5933010144,佳仁藥局,新竹縣關西鎮中興路１２號,(035)872298,4,116,2020/02/13 16:37:09
5933011178,康和藥局,新竹縣關西鎮正義路７９號,(03)5870068,0,146,2020/02/13 16:37:09
5933011196,高平堂藥局,新竹縣關西鎮正義路66號,(03)5872263,198,138,2020/02/13 16:37:09
5933011230,仁禾藥局,新竹縣關西鎮正義路34號,(03)5171368,1,147,2020/02/13 16:37:09
5933011258,安東藥師藥局,新竹縣關西鎮中山路６２號,(03)5872385,3,152,2020/02/13 16:37:09
5933020104,廣和藥局,新竹縣新埔鎮中正路２９２號,(035)885959,0,48,2020/02/13 16:37:09
5933021254,梁藥局,新竹縣新埔鎮中正路２３３號,(03)5885439,0,22,2020/02/13 16:37:09
5933030011,健民藥局,新竹縣竹東鎮東寧路二段３１５號,(03)5952268,0,22,2020/02/13 16:37:09
5933030066,鄧藥局,新竹縣竹東鎮榮樂里大同路４３號,(03)5952908,0,50,2020/02/13 16:37:09
5933030084,國瑞藥局,新竹縣竹東鎮竹東里大同路２１號,(035)966698,0,48,2020/02/13 16:37:09
5933030146,榮信藥局,新竹縣竹東鎮忠孝里長春路三段４３號,(035)963549,6,46,2020/02/13 16:37:09
5933030306,華德藥局,新竹縣竹東鎮東林路八０號,(03)5940019,2,112,2020/02/13 16:37:09
5933030324,健通藥局,新竹縣竹東鎮竹東里東寧路三段１０１號二樓,(03)5947630,0,96,2020/02/13 16:37:09
5933031456,永康藥局,新竹縣竹東鎮長春路３段５號２樓,(03)5954706,0,100,2020/02/13 16:37:09
5933031554,鴻達藥局,新竹縣竹東鎮中興路三段１７４號,(03)5835237,0,12,2020/02/13 16:37:09
5933031643,能安西藥局,新竹縣竹東鎮東峰路13號,(03)5950515,0,4,2020/02/13 16:37:09
5933031652,合康藥局,新竹縣竹東鎮興農街１１號,(03)5103818,8,6,2020/02/13 16:37:09
5933031689,平安佳藥局,新竹縣竹東鎮東寧路３段２１號,(03)5963138,0,62,2020/02/13 16:37:09
5933031723,日榮堂藥局,新竹縣竹東鎮長春路一段２８１號,(03)5962335,12,50,2020/02/13 16:37:09
5933031741,國豐大藥局,新竹縣竹東鎮長春路三段６號,(03)5960360,4,44,2020/02/13 16:37:09
5933031750,仁愛藥局,新竹縣竹東鎮商華街３３號,(03)5953458,2,60,2020/02/13 16:37:09
5933031769,竹東朝陽藥局,新竹縣竹東鎮朝陽路１號１、２樓,(03)5111166,12,62,2020/02/13 16:37:09
5933031778,樂安藥師藥局,新竹縣竹東鎮東林路８９號,(03)5101941,0,82,2020/02/13 16:37:09
5933031796,春天藥局,新竹縣竹東鎮長春路二段９５號,(03)5967995,8,68,2020/02/13 16:37:09
5933031803,鑫美藥局,新竹縣竹東鎮長春路三段１９７號三樓,(03)5969615,4,90,2020/02/13 16:37:09
5933031821,新月藥局,新竹縣竹東鎮永康街８１號１樓,(03)5960501,100,26,2020/02/13 16:37:09
5933031830,順佳藥局,新竹縣竹東鎮東寧路二段２００號３樓,(03)5957908,0,118,2020/02/13 16:37:09
5933050059,康立藥局,新竹縣竹北市竹仁里中正東路２８８號,(03)5518093,2,26,2020/02/13 16:37:09
5933050102,健新藥局,新竹縣竹北市中正西路２７１號,(03)5527300,0,12,2020/02/13 16:37:09
5933050111,六久藥局,新竹縣竹北市新社里華興街１４８號,(035)557485,0,26,2020/02/13 16:37:09
5933050184,救星藥局,新竹縣竹北市中山路４９２號,(03)5552913,0,30,2020/02/13 16:37:09
5933050317,林保郎藥師藥局,新竹縣竹北市光明一路３９２號,(03)5586879,17,6,2020/02/13 16:37:09
5933050424,健安藥局,新竹縣竹北市中山路４５８號,(03)5536591,0,36,2020/02/13 16:37:09
5933051458,北一藥師藥局,新竹縣竹北市中正東路２１０號,(03)5539160,0,6,2020/02/13 16:37:09
5933051627,吉新藥局,新竹縣竹北市中華路３５４號,(03)5512953,24,56,2020/02/13 16:37:09
5933051672,博士藥局,新竹縣竹北市縣政九路１６８號１樓,(035)516243,0,12,2020/02/13 16:37:09
5933052053,真善美藥局,新竹縣竹北市勝利五路１７６號,(03)6589478,6,20,2020/02/13 16:37:09
5933052099,無尾熊藥師藥局,新竹縣竹北市莊敬五街６號,(03)6577535,0,8,2020/02/13 16:37:09
5933052133,波士頓藥局,新竹縣竹北市民權街６７號,(03)6560060,2,39,2020/02/13 16:37:09
5933052286,健元藥局,新竹縣竹北市中正東路265號,(03)5529891,0,77,2020/02/13 16:37:09
5933052311,詠美藥局,新竹縣竹北市三民路441號,(03)5536796,0,80,2020/02/13 16:37:09
5933052384,長康藥師藥局,新竹縣竹北市光明一路212號,(03)6572696,0,2,2020/02/13 16:37:09
5933052446,佑安藥局,新竹縣竹北市中正西路31號1樓,(03)6563386,4,25,2020/02/13 16:37:09
5933052517,振元藥師藥局,新竹縣竹北市自強南路２０１號,(03)6587052,2,0,2020/02/13 16:37:09
5933052535,嘉岳藥局,新竹縣竹北市勝利三街３８號,(03)6585707,72,24,2020/02/13 16:37:09
5933052606,正科大藥局,新竹縣竹北市科大一路１６號,(03)6573561,26,12,2020/02/13 16:37:09
5933052660,阿姆斯壯藥局,新竹縣竹北市六家五路一段１２５號,(03)6589178,2,10,2020/02/13 16:37:09
5933052704,信安藥局,新竹縣竹北市三民路２４８號,(03)5557960,12,58,2020/02/13 16:37:09
5933052731,欣欣藥局,新竹縣竹北市成功八路１００號,(03)6676287,0,18,2020/02/13 16:37:09
5933052777,竹仁藥師藥局,新竹縣竹北市仁和街６號１樓,(03)5528947,6,0,2020/02/13 16:37:09
5933052811,仁康藥局,新竹縣竹北市縣政九路１７６號２樓,(03)5518777,2,111,2020/02/13 16:37:09
5933052866,晶華藥局,新竹縣竹北市莊敬南路１１０號１樓,(03)5502107,8,0,2020/02/13 16:37:09
5933052875,健樹藥局,新竹縣竹北市莊敬三路３９號１樓,(03)5505262,8,35,2020/02/13 16:37:09
5933052955,仁里藥局,新竹縣竹北市勝利二路１２５號,(03)6673878,4,2,2020/02/13 16:37:09
5933052973,芳鄰藥局,新竹縣竹北市三民路２６１號之１號,(03)6213887,0,2,2020/02/13 16:37:09
5933052982,如佳藥局,新竹縣竹北市中正西路１８９號,(03)5533161,2,58,2020/02/13 16:37:09
5933053023,禾坊藥局,新竹縣竹北市科大一路８５號,(03)5588797,20,0,2020/02/13 16:37:09
5933053041,中一藥局,新竹縣竹北市文興路一段２４２號１樓,(03)6670827,12,3,2020/02/13 16:37:09
5933053050,祐祐藥局,新竹縣竹北市中正西路１０３號,(03)5552969,0,98,2020/02/13 16:37:09
5933053103,仁暉藥局,新竹縣竹北市北崙里博愛街２０２號,(03)5528118,4,10,2020/02/13 16:37:09
5933053112,仁品藥局,新竹縣竹北市福興東路２段１２６號,(03)6579718,200,40,2020/02/13 16:37:09
5933053121,合康藥局竹北,新竹縣竹北市博愛街３３５號,(03)5552288,0,12,2020/02/13 16:37:09
5933053130,日安藥局,新竹縣竹北市自強南路１７７號,(03)6682057,0,36,2020/02/13 16:37:09
5933053149,成功藥局,新竹縣竹北市成功三路６９號,(03)5509117,2,30,2020/02/13 16:37:09
5933053167,育禾藥局,新竹縣竹北市莊敬南路１８６號,(03)6683255,200,68,2020/02/13 16:37:09
5933053176,金竹藥局,新竹縣竹北市勝利六街６８號,(03)6683215,0,22,2020/02/13 16:37:09
5933053185,新瓦屋藥局,新竹縣竹北市文興路一段１５０號１樓,(03)6585996,100,30,2020/02/13 16:37:09
5933053201,立順藥局,新竹縣竹北市復興一街７６號１樓,(03)6685690,0,38,2020/02/13 16:37:09
5933053210,上紘藥局,新竹縣竹北市嘉豐二街一段４８號３樓,(03)6675935,0,50,2020/02/13 16:37:09
5933053238,源川藥局,新竹縣竹北市文興路二段９號,(03)6576165,0,7,2020/02/13 16:37:09
5933053247,竹北光明藥局,新竹縣竹北市光明一路１３７號,(03)5584545,0,6,2020/02/13 16:37:09
5933053256,中華藥局,新竹縣竹北市中華路２２６號１、２樓,(03)5513031,0,72,2020/02/13 16:37:09
5933053265,金慧藥局,新竹縣竹北市科大二街１８５號一樓,(03)5586687,1,45,2020/02/13 16:37:09
5933053274,佑東藥師藥局,新竹縣竹北市縣政三街２７號,(03)5588092,0,10,2020/02/13 16:37:09
5933060162,黃藥師中西藥局,新竹縣湖口鄉仁勢村民族街９８號,(03)5996388,0,18,2020/02/13 16:37:09
5933061249,家康藥局,新竹縣湖口鄉中央路２８號二樓,(03)5903226,0,120,2020/02/13 16:37:09
5933061276,中心藥局,新竹縣湖口鄉中正路一段１１５號２樓,(03)5904636,0,36,2020/02/13 16:37:09
5933061463,如家藥師藥局,新竹縣湖口鄉工業區光復東路２４９號,(03)5972606,0,17,2020/02/13 16:37:09
5933061543,中興藥局,新竹縣湖口鄉中興村中興２巷１８號,(03)6960881,0,88,2020/02/13 16:37:09
5933061552,信福藥局,新竹縣湖口鄉民權街３３號,(03)5903618,0,15,2020/02/13 16:37:09
5933061570,湖口藥局,新竹縣湖口鄉民族路４５號,(03)5991842,0,76,2020/02/13 16:37:09
5933061589,安健藥局,新竹縣湖口鄉中正路１段２１０號,(03)5906685,50,58,2020/02/13 16:37:09
5933061632,宏安藥局,新竹縣湖口鄉中山路二段１１０號,(035)996335,0,1,2020/02/13 16:37:09
5933061650,勝利大藥局,新竹縣湖口鄉勝利村漢陽路１號,(03)5987520,0,18,2020/02/13 16:37:09
5933061678,仁和藥局,新竹縣湖口鄉仁和路１８２號,(03)5978541,0,54,2020/02/13 16:37:09
5933061696,育祥藥局,新竹縣湖口鄉安宅九街８３號１樓,(03)5977271,0,69,2020/02/13 16:37:09
5933061703,合康藥局湖口,新竹縣湖口鄉民族街１２６號,(03)6992365,0,8,2020/02/13 16:37:09
5933061712,湖山藥局,新竹縣湖口鄉中山路二段１２７號,(03)5904999,6,50,2020/02/13 16:37:09
5933080011,金樓藥局,新竹縣新豐鄉建興路二段８１４號,(035)571010,18,26,2020/02/13 16:37:09
5933080137,春安藥局,新竹縣新豐鄉重興村新庄路２５８號,(03)5591875,196,76,2020/02/13 16:37:09
5933081447,彰懷藥局,新竹縣新豐鄉新興路75號1樓,(03)5572995,4,17,2020/02/13 16:37:09
5933081483,第一調劑藥局,新竹縣新豐鄉建興路一段１５４號,(03)5575001,0,4,2020/02/13 16:37:09
5933081518,新揚藥局,新竹縣新豐鄉新興路２４３號,(03)5574342,4,40,2020/02/13 16:37:09
5933081536,昌昌藥局,新竹縣新豐鄉新市路１９３號,(03)5598077,0,36,2020/02/13 16:37:09
5933081545,立果藥師藥局,新竹縣新豐鄉新興路５６－１號,(03)5575023,0,64,2020/02/13 16:37:09
5933081554,新豐藥局,新竹縣新豐鄉中興路２０８、２１０號,(03)5575005,12,8,2020/02/13 16:37:09
5933081572,泰安藥局,新竹縣新豐鄉泰安街９號１樓,(03)5577050,8,0,2020/02/13 16:37:09
5933090071,新華方西藥局,新竹縣芎林鄉文山路515號,(03)5926352,0,42,2020/02/13 16:37:09
5933091121,大銨藥局,新竹縣芎林鄉石潭村竹林路７２之１號,(03)5928018,0,40,2020/02/13 16:37:09
5933111119,埔元藥局,新竹縣北埔鄉中山路１１４號,(03)5802568,0,10,2020/02/13 16:37:09
5933130529,家佳福藥局,新竹縣尖石鄉嘉樂村2鄰麥樹仁59號,(03)5842808,9,46,2020/02/13 16:37:09
5934010013,永安藥局,宜蘭縣宜蘭市復興路６１號,(03)9332039,4,144,2020/02/13 16:37:09
5934010022,振芳藥局,宜蘭縣宜蘭市中山路３段１７９號,(03)9322369,0,62,2020/02/13 16:37:09
5934010068,志成藥局,宜蘭縣宜蘭市東港路２段４５２號,(03)9385769,4,76,2020/02/13 16:37:09
5934010077,華大藥局,宜蘭縣宜蘭市新民路６４號,(03)9356412,0,120,2020/02/13 16:37:09
5934010086,圓滿堂藥局,宜蘭縣宜蘭市中山路３段４８號,(03)9323413,1,54,2020/02/13 16:37:09
5934010193,文化藥師藥局,宜蘭縣宜蘭市復興路１段１３１號,(03)9332415,0,116,2020/02/13 16:37:09
5934010200,康禾藥局,宜蘭縣宜蘭市泰山路１５０號,(03)9361977,0,56,2020/02/13 16:37:09
5934010228,中一藥局,宜蘭縣宜蘭市慈安路４１－３號,(03)9385962,0,80,2020/02/13 16:37:09
5934010282,厚生藥局,宜蘭縣宜蘭市復興路２２號,(03)9322166,0,86,2020/02/13 16:37:09
5934011403,中興藥局,宜蘭縣宜蘭市中山路３段２０９號,(03)9369769,0,30,2020/02/13 16:37:09
5934011510,李藥局,宜蘭縣宜蘭市中山路２段２１１號,(03)9362234,0,132,2020/02/13 16:37:09
5934011529,宜生藥局,宜蘭縣宜蘭市新民路１１１號,(03)9327893,0,86,2020/02/13 16:37:09
5934011538,宜和藥局,宜蘭縣宜蘭市光復路３６號１樓,(03)9332451,0,36,2020/02/13 16:37:09
5934011565,微風藥師藥局,宜蘭縣宜蘭市神農路２段４６號,(03)9362880,0,36,2020/02/13 16:37:09
5934011636,興南藥局,宜蘭縣宜蘭市中山路３段１７８號,(03)9310984,0,104,2020/02/13 16:37:09
5934011725,如康藥局,宜蘭縣宜蘭市中山路２段２２３號１樓,(03)9358647,92,268,2020/02/13 16:37:09
5934011761,宜芳藥局,宜蘭縣宜蘭市中山路３段２２９號,(03)9315540,0,108,2020/02/13 16:37:09
5934011770,日興健保藥局,宜蘭縣宜蘭市舊城西路７７號,(03)9367777,34,226,2020/02/13 16:37:09
5934011850,健康家藥局,宜蘭縣宜蘭市東港路２段４２８號,(03)9371516,8,0,2020/02/13 16:37:09
5934011887,吉祥大藥局,宜蘭縣宜蘭市中山路２段３１１號１樓,(03)9327811,0,224,2020/02/13 16:37:09
5934011958,栢心藥局,宜蘭縣宜蘭市宜興路１段１１１號,(03)9357277,4,192,2020/02/13 16:37:09
5934011985,惠登藥師藥局,宜蘭縣宜蘭市復興路２８號,(03)9333718,0,130,2020/02/13 16:37:09
5934012008,欣悅藥局,宜蘭縣宜蘭市中山路２段３０３號,(03)9321002,0,48,2020/02/13 16:37:09
5934012017,大榮藥師藥局,宜蘭縣宜蘭市校舍路２３號,(03)9387928,1,6,2020/02/13 16:37:09
5934012026,博安藥局,宜蘭縣宜蘭市民族路４１８號,(03)9320866,0,106,2020/02/13 16:37:09
5934012044,富康新民藥局,宜蘭縣宜蘭市新民路１１３號,(03)9366060,0,158,2020/02/13 16:37:09
5934012062,鴻馨藥師健保藥局,宜蘭縣宜蘭市康樂路１３９號,(03)9333408,0,64,2020/02/13 16:37:09
5934012115,健生藥局,宜蘭縣宜蘭市康樂路５６號,(03)9357387,2,108,2020/02/13 16:37:09
5934012133,仁俊藥局,宜蘭縣宜蘭市神農路１段８７之１號,(03)9327778,0,112,2020/02/13 16:37:09
5934012179,宜蘭和睦藥局,宜蘭縣宜蘭市大新里和睦路４７號１、２樓,(03)9313622,0,114,2020/02/13 16:37:09
5934012197,佳音藥局,宜蘭縣宜蘭市中山路２段５９號１樓,(03)9362869,0,138,2020/02/13 16:37:09
5934012204,順利藥局,宜蘭縣宜蘭市民族里民族路２９０號２樓,(03)9333060,0,140,2020/02/13 16:37:09
5934012222,康泰藥局,宜蘭縣宜蘭市聖後街１７７號,(03)9358715,0,250,2020/02/13 16:37:09
5934012231,黎明健康藥局,宜蘭縣宜蘭市光復路３０號２樓,(03)9312301,183,204,2020/02/13 16:37:09
5934012240,東成藥局,宜蘭縣宜蘭市東港路２段３０６號１樓,(03)9380353,0,54,2020/02/13 16:37:09
5934012259,光得藥局,宜蘭縣宜蘭市中山路３段２２５號,(03)9356584,6,88,2020/02/13 16:37:09
5934012295,神農養生藥局,宜蘭縣宜蘭市神農路１段９１號１樓,(03)9327089,0,138,2020/02/13 16:37:09
5934012320,緣心健保藥局,宜蘭縣宜蘭市同興街１０１號,(03)9366326,0,104,2020/02/13 16:37:09
5934012339,禮仁藥局,宜蘭縣宜蘭市中山路５段３１號,(03)9288884,0,184,2020/02/13 16:37:09
5934012348,聖心藥局,宜蘭縣宜蘭市復興路３１號,(03)9357099,0,154,2020/02/13 16:37:09
5934012357,品康藥局,宜蘭縣宜蘭市中山路２段３１０號,(03)9359320,10,162,2020/02/13 16:37:09
5934012366,熊賀大藥局,宜蘭縣宜蘭市女中路３段２６號,(03)9352950,0,28,2020/02/13 16:37:09
5934012375,宜蘭啄木鳥藥局,宜蘭縣宜蘭市新生里中山路５段１７６號,(03)9289387,0,84,2020/02/13 16:37:09
5934020019,樺生藥師連鎖藥局,宜蘭縣羅東鎮中正路３７號,(03)9543432,6,14,2020/02/13 16:37:09
5934020064,順昇藥局,宜蘭縣羅東鎮長春路６０號,(03)9541655,6,22,2020/02/13 16:37:09
5934020073,長生藥局,宜蘭縣羅東鎮復興路１段１號,(03)9553222,0,100,2020/02/13 16:37:09
5934020153,信隆藥局,宜蘭縣羅東鎮南門路５號,(03)9544697,0,80,2020/02/13 16:37:09
5934020224,源生藥局,宜蘭縣羅東鎮忠孝路８９號,(03)9563476,0,114,2020/02/13 16:37:09
5934020251,黃藥局,宜蘭縣羅東鎮公正路３７４號,(03)9545857,4,96,2020/02/13 16:37:09
5934020279,博善藥局,宜蘭縣羅東鎮和平路６８號,(03)9577811,0,34,2020/02/13 16:37:09
5934020288,鑫聖藥局,宜蘭縣羅東鎮公正路２６６號,(03)9559155,0,144,2020/02/13 16:37:09
5934021374,博雅藥師藥局,宜蘭縣羅東鎮維揚路２８號,(03)9519007,0,80,2020/02/13 16:37:09
5934021383,東安藥局,宜蘭縣羅東鎮光榮路４８７號,(03)9532277,1,93,2020/02/13 16:37:09
5934021409,德芳藥局,宜蘭縣羅東鎮公正路２５６號,(03)9557166,0,133,2020/02/13 16:37:09
5934021418,民生健保藥局,宜蘭縣羅東鎮中正南路５３號１樓,(03)9562354,0,78,2020/02/13 16:37:09
5934021481,怡林藥局,宜蘭縣羅東鎮興東南路１７４號,(03)9541926,0,160,2020/02/13 16:37:09
5934021490,康民藥局,宜蘭縣羅東鎮公正路１４８號,(03)9576036,0,68,2020/02/13 16:37:09
5934021516,興東藥局,宜蘭縣羅東鎮興東路１號１樓,(03)9569621,1,124,2020/02/13 16:37:09
5934021525,喜樂藥師藥局,宜蘭縣羅東鎮中山路３段１７１號,(03)9547113,65,181,2020/02/13 16:37:09
5934021534,佳和藥局,宜蘭縣羅東鎮興東路１２０號２樓,(03)9577734,16,246,2020/02/13 16:37:09
5934021543,宏恩藥局,宜蘭縣羅東鎮和平路１３０－２號,(03)9569906,0,178,2020/02/13 16:37:09
5934021552,慈濟大藥局,宜蘭縣羅東鎮公正路２７４之１號,(03)9551803,0,74,2020/02/13 16:37:09
5934021561,和平藥局,宜蘭縣羅東鎮和平路８５號１樓,(03)9564771,0,80,2020/02/13 16:37:09
5934021598,康馥藥局,宜蘭縣羅東鎮民生東路６６號２樓,(03)9573128,0,146,2020/02/13 16:37:09
5934021632,上華藥局,宜蘭縣羅東鎮復興路２段１５９號,(03)9557655,0,80,2020/02/13 16:37:09
5934021641,同興藥局,宜蘭縣羅東鎮林場路１３號１樓,(03)9565585,0,160,2020/02/13 16:37:09
5934021776,一生藥師藥局,宜蘭縣羅東鎮中正南路１２７號,(03)9542620,30,70,2020/02/13 16:37:09
5934021794,倉前藥局,宜蘭縣羅東鎮公正里倉前路５７號１樓,(03)9571336,0,180,2020/02/13 16:37:09
5934021801,康健藥局,宜蘭縣羅東鎮中山路四段２４８號,(03)9512959,0,118,2020/02/13 16:37:09
5934021847,集祥藥局,宜蘭縣羅東鎮天津路２－４號,(03)9577231,0,176,2020/02/13 16:37:09
5934021856,正欣藥局,宜蘭縣羅東鎮興東南路２２８巷８號,(03)9556786,0,114,2020/02/13 16:37:09
5934021883,潤康社區健保藥局,宜蘭縣羅東鎮公正路１６７之２號１樓,(03)9576271,0,8,2020/02/13 16:37:09
5934021927,元氣藥局,宜蘭縣羅東鎮中正南路１９７之２號,(03)9541075,0,160,2020/02/13 16:37:09
5934021954,家安藥局,宜蘭縣羅東鎮中正北路１７號,(03)9550295,0,10,2020/02/13 16:37:09
5934021963,羅東啄木鳥藥局,宜蘭縣羅東鎮中山路２段３０３號,(03)9604670,2,78,2020/02/13 16:37:09
5934021972,晨安藥局,宜蘭縣羅東鎮倉前路４０號,(03)9540633,0,166,2020/02/13 16:37:09
5934021981,樂樂藥局,宜蘭縣羅東鎮中正南路６１號,(03)9566696,0,24,2020/02/13 16:37:09
5934021990,成功藥局,宜蘭縣羅東鎮興東南路２３５號,(03)9577550,0,32,2020/02/13 16:37:09
5934022013,康莊藥局,宜蘭縣羅東鎮康樂巷１號,(03)9553168,0,18,2020/02/13 16:37:09
5934022022,光澤醫美藥局,宜蘭縣羅東鎮興東路９９之１號,(03)9566961,46,162,2020/02/13 16:37:09
5934022031,大菖藥局,宜蘭縣羅東鎮公正路８８號１樓,(03)9559898,0,78,2020/02/13 16:37:09
5934022040,羅東藥局,宜蘭縣羅東鎮興東路２２８號１樓,(03)9574436,14,174,2020/02/13 16:37:09
5934022059,宏安藥局,宜蘭縣羅東鎮賢文里純精路２段２２５巷１０號１樓,(03)9518696,0,8,2020/02/13 16:37:09
5934022068,宜寧藥局,宜蘭縣羅東鎮公正路９８號１樓,(03)9555051,20,294,2020/02/13 16:37:09
5934030015,南陽藥局,宜蘭縣蘇澳鎮中山路１段１２０號,(03)9965076,102,94,2020/02/13 16:37:09
5934030033,仁大藥局,宜蘭縣蘇澳鎮中原路４７號,(039)967528,0,200,2020/02/13 16:37:09
5934030051,正蘇西西藥局,宜蘭縣蘇澳鎮中山路一段４７號,(03)9965380,0,106,2020/02/13 16:37:09
5934031101,順慧藥局,宜蘭縣蘇澳鎮華中街５號,(03)9969748,35,228,2020/02/13 16:37:09
5934031110,宜家藥師藥局,宜蘭縣蘇澳鎮中山路１段１１６號,(03)9955727,0,158,2020/02/13 16:37:09
5934031138,新豐藥局,宜蘭縣蘇澳鎮江夏路２６號,(03)9962869,10,88,2020/02/13 16:37:09
5934031165,宏一藥局,宜蘭縣蘇澳鎮中山路１段２９號,(03)9962125,0,144,2020/02/13 16:37:09
5934031209,仁人健保藥局,宜蘭縣蘇澳鎮蘇港路３６５號,(03)9971168,0,104,2020/02/13 16:37:09
5934031218,熊野藥局,宜蘭縣蘇澳鎮龍德里福德路418號,(03)9903367,4,30,2020/02/13 16:37:09
5934031245,熊本健保藥局,宜蘭縣蘇澳鎮大同路６２號,(03)9902758,0,48,2020/02/13 16:37:09
5934040039,仁康藥局,宜蘭縣頭城鎮纘祥路７９之１號,(03)9776651,1,134,2020/02/13 16:37:09
5934040093,元生藥師藥局,宜蘭縣頭城鎮沙成路３０號,(03)9770795,0,124,2020/02/13 16:37:09
5934041125,杏元藥局,宜蘭縣頭城鎮新興路１６號,(03)9772700,0,162,2020/02/13 16:37:09
5934041143,群英藥局,宜蘭縣頭城鎮開蘭路４７號,(03)9780500,0,100,2020/02/13 16:37:09
5934041161,頭城藥局,宜蘭縣頭城鎮開蘭路１３４號,(03)9770618,0,122,2020/02/13 16:37:09
5934041170,永仁藥局,宜蘭縣頭城鎮吉祥路８８巷２５號１樓,(03)9789788,0,60,2020/02/13 16:37:09
5934041198,頭城健保藥局,宜蘭縣頭城鎮吉祥路８０號,(03)9777794,0,198,2020/02/13 16:37:09
5934041205,晴天藥局,宜蘭縣頭城鎮開蘭路１８１號,(03)9789121,0,88,2020/02/13 16:37:09
5934051149,和風藥局,宜蘭縣礁溪鄉中山路１段６９號,(03)9883511,0,60,2020/02/13 16:37:09
5934051167,岩峰藥局,宜蘭縣礁溪鄉中山路２段２１號２樓,(03)9887542,60,116,2020/02/13 16:37:09
5934051229,廣福藥師藥局,宜蘭縣礁溪鄉礁溪路１段６６號,(03)9285887,12,54,2020/02/13 16:37:09
5934051247,安信藥局,宜蘭縣礁溪鄉中山路一段２３０號,(03)9874419,0,52,2020/02/13 16:37:09
5934051265,恩好藥局,宜蘭縣礁溪鄉中山路１段９５號,(03)9889256,7,24,2020/02/13 16:37:09
5934061047,壯圍藥局,宜蘭縣壯圍鄉吉祥村壯五路２７９號,(03)9388948,82,20,2020/02/13 16:37:09
5934070037,上新藥局,宜蘭縣員山鄉員山路１段２９６號,(03)9220086,0,28,2020/02/13 16:37:09
5934071034,信毅藥師藥局,宜蘭縣員山鄉員山路１段１８２號,(03)9230815,0,16,2020/02/13 16:37:09
5934071052,喜樂心藥局,宜蘭縣員山鄉復興路６號,(03)9230523,0,122,2020/02/13 16:37:09
5934080015,佳恩藥局,宜蘭縣冬山鄉義成路３段４０１號,(03)9586065,0,118,2020/02/13 16:37:09
5934080024,杏東藥師藥局,宜蘭縣冬山鄉冬山路２１８號１樓,(03)9591024,4,101,2020/02/13 16:37:09
5934081049,德鑫藥局,宜蘭縣冬山鄉義成路３段４７５號１樓,(03)9559868,0,130,2020/02/13 16:37:09
5934081058,華康藥局,宜蘭縣冬山鄉冬山路５段２０２號１樓,(03)9532942,142,155,2020/02/13 16:37:09
5934081067,威仁藥局,宜蘭縣冬山鄉冬山路２１９號,(03)9595351,7,54,2020/02/13 16:37:09
5934081129,義成藥局,宜蘭縣冬山鄉義成路二段３７３號１樓,(03)9588775,0,154,2020/02/13 16:37:09
5934081147,康佑藥局,宜蘭縣冬山鄉南興村冬山路１３４號,(03)9591994,200,150,2020/02/13 16:37:09
5934081156,樂心藥局,宜蘭縣冬山鄉義成路３段５０２號,(03)9585950,0,152,2020/02/13 16:37:09
5934081165,合康藥局,宜蘭縣冬山鄉廣興路２１３號,(03)9616457,0,68,2020/02/13 16:37:09
5934081174,和康藥局,宜蘭縣冬山鄉義成路３段３５１號１樓,(03)9680650,0,85,2020/02/13 16:37:09
5934091054,日昇藥局,宜蘭縣五結鄉中正路２段５９號,(03)9656584,0,54,2020/02/13 16:37:09
5934091072,新安藥局,宜蘭縣五結鄉中正路１段１７０號１樓,(03)9566377,20,20,2020/02/13 16:37:09
5934091081,五結健保藥局,宜蘭縣五結鄉五結路二段４３７號,(03)9503200,2,70,2020/02/13 16:37:09
5934091090,平安藥局,宜蘭縣五結鄉五結中路２段２３號,(03)9603265,0,70,2020/02/13 16:37:09
5934091125,安心藥局,宜蘭縣五結鄉禮運路３８－１號,(03)9551670,78,172,2020/02/13 16:37:09
5934100030,三星健保藥局,宜蘭縣三星鄉三星路５段５１號,(03)9895816,0,34,2020/02/13 16:37:09
5934120014,進昌健保藥局,宜蘭縣南澳鄉蘇花路２段３８３號,(03)9981011,0,16,2020/02/13 16:37:09
5935010017,永佳藥局,苗栗縣苗栗市玉苗里光復路１５６號,(037)331860,14,70,2020/02/13 16:37:09
5935010035,大仁藥局,苗栗縣苗栗市北苗里中華路８６號,(037)262558,0,110,2020/02/13 16:37:09
5935010044,贈光藥局,苗栗縣苗栗市清華里為公路１３３號之１,(037)266786,0,30,2020/02/13 16:37:09
5935010124,富安藥局,苗栗縣苗栗市上苗里中正路５３號,(037)262337,0,76,2020/02/13 16:37:09
5935010160,德昌藥局,苗栗縣苗栗市恭敬里中正路１１８２號,(037)320641,0,44,2020/02/13 16:37:09
5935010213,盛安藥局,苗栗縣苗栗市中正路７４８號,(037)320145,0,18,2020/02/13 16:37:09
5935010222,正欣藥局,苗栗縣苗栗市清華里褔星街６０號,(037)264502,0,72,2020/02/13 16:37:09
5935010259,德鑫藥局,苗栗縣苗栗市清華里為公路３４８號,(037)261698,12,20,2020/02/13 16:37:09
5935011523,天恩藥局,苗栗縣苗栗市中正路49號,(037)277285,0,104,2020/02/13 16:37:09
5935011550,啟人藥局,苗栗縣苗栗市中正路６１５號,(037)361881,0,114,2020/02/13 16:37:09
5935011621,佳美藥局,苗栗縣苗栗市中山路４９３號,(037)373366,0,190,2020/02/13 16:37:09
5935011710,維新藥局,苗栗縣苗栗市中正路632號1樓,(037)320698,0,180,2020/02/13 16:37:09
5935011738,佳禾藥局,苗栗縣苗栗市青苗里建台街7號,(037)373041,0,68,2020/02/13 16:37:09
5935011783,芳鄰國際連鎖藥局,苗栗縣苗栗市中山路５６７號,(037)330580,0,30,2020/02/13 16:37:09
5935011818,博大藥局,苗栗縣苗栗市至公路64號,(037)363751,16,164,2020/02/13 16:37:09
5935011916,吉利康藥局,苗栗縣苗栗市中正路340號,(037)370529,4,70,2020/02/13 16:37:09
5935011925,廷安藥局,苗栗縣苗栗市府前路133號,(037)356839,2,122,2020/02/13 16:37:09
5935011952,千百岳大藥局,苗栗縣苗栗市上苗里中山路70號,(037)271335,26,12,2020/02/13 16:37:09
5935011998,康安新美藥局,苗栗縣苗栗市中正路739號1樓,(037)373089,14,168,2020/02/13 16:37:09
5935012002,好鄰居藥局,苗栗縣苗栗市建功里中正路222號,(037)350395,0,28,2020/02/13 16:37:09
5935012084,苗栗安德藥局,苗栗縣苗栗市高苗里信義街１０號,(037)350420,6,126,2020/02/13 16:37:09
5935012146,聯合藥師藥局,苗栗縣苗栗市社寮街１４５號,(037)264425,0,40,2020/02/13 16:37:09
5935012182,陽光藥局,苗栗縣苗栗市中山路４７８號,(037)355718,0,156,2020/02/13 16:37:09
5935012191,元品藥局,苗栗縣苗栗市至公路４４５號１樓,(037)377935,0,42,2020/02/13 16:37:09
5935012253,正忠藥師藥局,苗栗縣苗栗市中正路６０２號,(037)369359,0,90,2020/02/13 16:37:09
5935012271,上品藥局,苗栗縣苗栗市中正路４３２號,(037)360060,76,66,2020/02/13 16:37:09
5935012299,瑞展藥局,苗栗縣苗栗市中正路７３號,(037)271658,0,6,2020/02/13 16:37:09
5935012315,良品藥局,苗栗縣苗栗市中正路４６８號,(037)366837,2,170,2020/02/13 16:37:09
5935012324,上林藥局,苗栗縣苗栗市建功里２４鄰府前路９１號,(037)320685,0,54,2020/02/13 16:37:09
5935012333,苗安藥局,苗栗縣苗栗市恭敬里信義街３１號,(037)356388,2,54,2020/02/13 16:37:09
5935012342,杏一苗栗中山藥局,苗栗縣苗栗市至公路３８號,(037)354552,0,130,2020/02/13 16:37:09
5935012351,錦岳大藥局,苗栗縣苗栗市民族路１４０號１樓,(037)353046,20,8,2020/02/13 16:37:09
5935012360,心惠聯合藥局,苗栗縣苗栗市中山路１８８號１樓,(037)377389,10,186,2020/02/13 16:37:09
5935020013,宏吉藥局,苗栗縣苑裡鎮中正里１０鄰３８之２號,(037)851535,0,21,2020/02/13 16:37:09
5935020077,源益藥局,苗栗縣苑裡鎮社苓里８４之５號,(037)742533,0,42,2020/02/13 16:37:09
5935020111,大眾藥局,苗栗縣苑裡鎮山腳里１０鄰２４８號,(037)741587,0,44,2020/02/13 16:37:09
5935020148,泰元藥局,苗栗縣苑裡鎮苑南里為公路６８號,(037)863668,0,90,2020/02/13 16:37:09
5935021207,德徽藥局,苗栗縣苑裡鎮南興路125號,(037)869253,0,28,2020/02/13 16:37:09
5935021261,永信藥師藥局,苗栗縣苑裡鎮新生路３５號,(037)857069,0,12,2020/02/13 16:37:09
5935021270,全家藥局,苗栗縣苑裡鎮信義路２３之１號１樓,(037)861997,4,38,2020/02/13 16:37:09
5935021323,國豐藥師藥局,苗栗縣苑裡鎮苑北里２鄰天下路１８６號,(037)866516,0,78,2020/02/13 16:37:09
5935021403,安康藥局,苗栗縣苑裡鎮新興路７８號,(037)856591,4,37,2020/02/13 16:37:09
5935021412,信和大心藥局,苗栗縣苑裡鎮為公路３４－３號,(037)861352,2,34,2020/02/13 16:37:09
5935030091,惠生藥局,苗栗縣通霄鎮通東里信義路１２２號,(037)752773,2,86,2020/02/13 16:37:09
5935030108,吉泰藥局,苗栗縣通霄鎮通西里和平路29號,(037)758595,0,88,2020/02/13 16:37:09
5935030153,維康藥局,苗栗縣通霄鎮信義路１０４號,(037)750000,2,12,2020/02/13 16:37:09
5935040033,快樂藥局,苗栗縣竹南鎮照南里中山路１７８號,(037)474158,2,0,2020/02/13 16:37:09
5935040079,德安藥局,苗栗縣竹南鎮光復路４０號,(037)479933,0,30,2020/02/13 16:37:09
5935040257,和安藥局,苗栗縣竹南鎮竹南里博愛街１５號,(037)472332,96,80,2020/02/13 16:37:09
5935040266,鴻仁大藥局,苗栗縣竹南鎮竹南里博愛街１８１號,(037)462396,10,68,2020/02/13 16:37:09
5935041450,昇暉藥局,苗栗縣竹南鎮民治街１８號,(037)464347,11,42,2020/02/13 16:37:09
5935041469,順春藥局,苗栗縣竹南鎮延平路２７號之１２,(037)552068,34,0,2020/02/13 16:37:09
5935041496,清三藥局,苗栗縣竹南鎮博愛街１６２號,(037)470532,0,48,2020/02/13 16:37:09
5935041567,京典藥局,苗栗縣竹南鎮博愛街300-2號,(037)550661,2,82,2020/02/13 16:37:09
5935041610,林新藥局,苗栗縣竹南鎮博愛街１２４號,(037)471556,0,48,2020/02/13 16:37:09
5935041736,佑仁藥局,苗栗縣竹南鎮光復路120號,(037)470250,6,62,2020/02/13 16:37:09
5935041745,瑞士藥師藥局,苗栗縣竹南鎮和平街59號,(037)552708,6,0,2020/02/13 16:37:09
5935041781,惠家藥局,苗栗縣竹南鎮自強街４２號,(037)466189,0,18,2020/02/13 16:37:09
5935041790,慈濟藥局,苗栗縣竹南鎮正南里光復路29號,(037)474849,4,66,2020/02/13 16:37:09
5935041905,米樂中西健保藥局,苗栗縣竹南鎮大營路２０７號,(037)552116,0,34,2020/02/13 16:37:09
5935041914,合康連鎖藥局,苗栗縣竹南鎮博愛街２７０號,(037)474987,2,2,2020/02/13 16:37:09
5935041932,佑民藥局,苗栗縣竹南鎮守法街２－１２號,(037)241126,0,28,2020/02/13 16:37:09
5935041950,建康藥局,苗栗縣竹南鎮民治街６號,(037)483293,8,6,2020/02/13 16:37:09
5935041987,杏一竹南中正藥局,苗栗縣竹南鎮中正路２５７號１樓,(037)480602,0,36,2020/02/13 16:37:09
5935041996,新欣藥局,苗栗縣竹南鎮龍山路一段１６０號１樓,(037)471503,0,22,2020/02/13 16:37:09
5935042037,康壯藥局,苗栗縣竹南鎮博愛街４３９號,(037)463732,0,13,2020/02/13 16:37:09
5935050066,義春藥局,苗栗縣頭份市珊湖里中正三路７２號,(037)601433,6,38,2020/02/13 16:37:09
5935050182,民昌藥局,苗栗縣頭份鎮忠孝里信東路１３０號,(037)673 232,4,2,2020/02/13 16:37:09
5935050208,三峰藥局,苗栗縣頭份市新華里中正一路７８號,(037)668239,0,30,2020/02/13 16:37:09
5935050253,泉興藥局,苗栗縣頭份市仁愛里民族路２８號,(037)664367,0,2,2020/02/13 16:37:09
5935050262,東仙藥局,苗栗縣頭份市蟠桃里建國路１９９號,(037)667267,2,0,2020/02/13 16:37:09
5935050280,李藥局,苗栗縣頭份市珊湖里中正三路２１８號,(037)601248,4,84,2020/02/13 16:37:09
5935050306,康利藥局,苗栗縣頭份市忠孝里仁愛路８６號,(037)666101,0,14,2020/02/13 16:37:09
5935051545,富優藥局,苗栗縣頭份市中華路９３０號,(037)681635,0,18,2020/02/13 16:37:09
5935051572,信義藥局,苗栗縣頭份市中華路９３８號（後段）,(037)683351,13,6,2020/02/13 16:37:09
5935051616,康寧藥局,苗栗縣頭份和平路８０號一樓,(037)594173,12,36,2020/02/13 16:37:09
5935051689,怡安藥局,苗栗縣頭份市自強路１０３號,(037)592093,0,68,2020/02/13 16:37:09
5935051705,博士生活藥局,苗栗縣頭份市中華路１０４５號,(037)598915,0,2,2020/02/13 16:37:09
5935051732,祐康藥局,苗栗縣頭份市自強路３７號,(037)663079,3,0,2020/02/13 16:37:09
5935051849,懷生中西藥局,苗栗縣頭份市中正路１９號,(037)672357,18,0,2020/02/13 16:37:09
5935051858,樂田藥妝藥局,苗栗縣頭份市信東路１３５號,(037)598995,0,24,2020/02/13 16:37:09
5935051867,惠祐藥局,苗栗縣頭份市中正路１６５號,(037)668933,0,8,2020/02/13 16:37:09
5935051894,啊囉哈藥局,苗栗縣頭份市建國路二段１８０號,(037)666955,0,14,2020/02/13 16:37:09
5935051929,仁方藥局,苗栗縣頭份市自強路１５０巷２－５號１樓,(037)687238,2,16,2020/02/13 16:37:09
5935051938,吉品藥局,苗栗縣頭份市中正路９號,(037)676898,18,22,2020/02/13 16:37:09
5935060053,鴻輝大藥局,苗栗縣後龍鎮北龍里中華路６４－１號,(037)721952,0,20,2020/02/13 16:37:09
5935061407,佑安藥局,苗栗縣後龍鎮大庄里中山路１２５號,(037)773066,2,14,2020/02/13 16:37:09
5935061434,千江大藥局,苗栗縣後龍鎮忠孝路５９號,(037)037728208,2,8,2020/02/13 16:37:09
5935061443,後龍藥局,苗栗縣後龍鎮中山路２０９號１，２樓,(037)723660,2,36,2020/02/13 16:37:09
5935070022,林大藥局,苗栗縣卓蘭鎮新榮里中正路３２號,(04)25891630,0,130,2020/02/13 16:37:09
5935071172,健安藥局,苗栗縣卓蘭鎮上新里上新七之１１號,(04)25899617,112,121,2020/02/13 16:37:09
5935071207,合杏藥局,苗栗縣卓蘭鎮中正路１２９號,(04)25896188,0,146,2020/02/13 16:37:09
5935071216,萊恩藥局,苗栗縣卓蘭鎮上新里上新7之1號,(04)25899369,24,154,2020/02/13 16:37:09
5935071234,國良藥局,苗栗縣卓蘭鎮中山路１１１號,(04)25899578,48,98,2020/02/13 16:37:09
5935071243,卓蘭千百岳大藥局,苗栗縣卓蘭鎮中山路８２號,(04)25895473,12,34,2020/02/13 16:37:09
5935080055,臺健中西藥局,苗栗縣大湖鄉中正路１９號,(037)990638,0,84,2020/02/13 16:37:09
5935081123,景元藥局,苗栗縣大湖鄉中正路９７號,(037)996465,0,78,2020/02/13 16:37:09
5935090015,永信藥局,苗栗縣公館鄉館中村榮光街１６號,(037)223597,0,90,2020/02/13 16:37:09
5935091156,信安藥局,苗栗縣公館鄉大同路７８號,(037)237849,8,86,2020/02/13 16:37:09
5935091245,芳鄰藥局,苗栗縣公館鄉玉泉村玉泉３６８之１１號,(037)223727,0,38,2020/02/13 16:37:09
5935091254,上恩藥局,苗栗縣公館鄉大同路１８０號,(037)234008,0,16,2020/02/13 16:37:09
5935091263,懷慶中西藥局,苗栗縣公館鄉近光路９４號,(037)239234,64,44,2020/02/13 16:37:09
5935091272,杏中藥局,苗栗縣公館鄉館東村５鄰大同路１７４號,(037)232611,0,52,2020/02/13 16:37:09
5935100025,仁興藥局,苗栗縣銅鑼鄉銅鑼村中正路９７號,(037)983792,0,8,2020/02/13 16:37:09
5935100034,銅鑼藥局,苗栗縣銅鑼鄉銅鑼村中正路１８８號,(037)981511,0,62,2020/02/13 16:37:09
5935101086,家嘉藥局,苗栗縣銅鑼鄉中正路128號,(037)986388,0,60,2020/02/13 16:37:09
5935120027,裕祥藥局,苗栗縣頭屋鄉頭屋村尖豐路８５號,(037)253553,2,38,2020/02/13 16:37:09
5935130023,民享藥局,苗栗縣三義鄉廣盛村中正路１４７之３號,(037)871498,4,14,2020/02/13 16:37:09
5935131075,安康藥局,苗栗縣三義鄉廣盛中正路114號,(037)875958,2,1,2020/02/13 16:37:09
5935141044,一心藥局,苗栗縣西湖鄉三湖村店仔街４２號,(037)920868,0,99,2020/02/13 16:37:09
5935160012,東南藥局,苗栗縣三灣鄉銅鏡村通過寮１５號,(037)834275,0,8,2020/02/13 16:37:09
5936010057,慈安藥局,台中市豐原區西湳里豐北街４０３號,(04)25236680,0,2,2020/02/13 16:37:09
5936010155,春輝堂藥局,台中市豐原區北陽里豐東路２２０巷１７號,(04)25280086,1,80,2020/02/13 16:37:09
5936010244,惠生藥局,台中市豐原區社皮里中正路９１８號,(04)25225760,0,80,2020/02/13 16:37:09
5936010280,快安藥局,臺中市豐原區三豐路一段２０５號,(04)25228169,0,112,2020/02/13 16:37:09
5936010324,天一藥局,台中市豐原區南陽里南陽路２７５號,(04)25232965,3,104,2020/02/13 16:37:09
5936010379,瑞輝藥局,台中市豐原區西勢里西安街５６號,(04)25262821,1,71,2020/02/13 16:37:09
5936010422,謝藥局,台中市豐原區葫蘆里市前街２３號,(04)25221812,0,90,2020/02/13 16:37:09
5936010628,協安大藥局,台中市豐原區府前街６３號,(04)25201599,0,78,2020/02/13 16:37:09
5936010780,復生藥局,台中市豐原區田心路２段２６９號,(04)25261803,2,26,2020/02/13 16:37:09
5936010815,國安保健藥局,台中市豐原區豐田里田心路二段２５８號,(04)25261726,0,100,2020/02/13 16:37:09
5936010888,惠笙大藥局,台中市豐原區三民路１８０號,(04)25279912,0,64,2020/02/13 16:37:09
5936012088,安效藥局,台中市豐原區西安里西勢路１１４巷３２號,(04)25269086,200,76,2020/02/13 16:37:09
5936012097,林芳泉藥局,台中市豐原區中正路二二八號,(04)25222308,0,164,2020/02/13 16:37:09
5936012113,錦堂藥局,台中市豐原區中正路１０６號,(04)25229969,0,124,2020/02/13 16:37:09
5936012131,聖得藥局,台中市豐原區中正路７０號,(04)25158649,44,102,2020/02/13 16:37:09
5936012177,橘井藥局,台中市豐原區中正路４２３號,(04)25285948,0,154,2020/02/13 16:37:09
5936012275,瑞康藥局,臺中市豐原區中正路２７４號,(04)25287368,0,70,2020/02/13 16:37:09
5936012337,恆安大藥局,台中市豐原區忠孝街４６號,(04)25226700,198,146,2020/02/13 16:37:09
5936012435,臺安保健藥局,台中市豐原區三民路３４號,(04)25280098,0,120,2020/02/13 16:37:09
5936012515,中正藥局,台中市豐原區中正路１８６號,(04)25298379,0,180,2020/02/13 16:37:09
5936012551,豐原福倫藥局,台中市豐原區中正路２９６號,(04)25276618,0,234,2020/02/13 16:37:09
5936012588,富鈞藥師藥局,臺中市豐原區中正路４４３號１樓,(04)25245388,0,126,2020/02/13 16:37:09
5936012659,信安藥局,臺中市豐原區三豐路二段３７號,(04)25248736,12,40,2020/02/13 16:37:09
5936012677,誠品藥局,台中市豐原區中山路３４９號,(04)25120495,0,104,2020/02/13 16:37:09
5936020017,郭藥局,台中市東勢區南平里豐勢路３９４號,(04)25883382,0,112,2020/02/13 16:37:09
5936020053,生生藥局,台中市東勢區延平里豊勢路２８２號,(04)25875187,48,176,2020/02/13 16:37:09
5936020080,仁生藥局,台中市東勢區東安里豐勢路４２１號,(04)25872245,0,124,2020/02/13 16:37:09
5936020099,益春藥局,台中市東勢區南平里三民路１３７號,(04)25878730,4,134,2020/02/13 16:37:09
5936020115,東生藥局,台中市東勢區中寧里豐勢路４９１號,(04)25873647,0,112,2020/02/13 16:37:09
5936020133,永和藥局,台中市東勢區本街275號,(04)25884023,0,117,2020/02/13 16:37:09
5936020142,新明通藥局,台中市東勢區延平里豐勢路２３２號,(04)25873969,0,118,2020/02/13 16:37:09
5936020204,健生藥局,臺中市東勢區東崎路５段４０９號,(04)25871401,0,30,2020/02/13 16:37:09
5936021327,千百岳大藥局,臺中市東勢區豐勢路８５號１樓,(04)25887639,0,80,2020/02/13 16:37:09
5936021363,小太陽藥局,臺中市東勢區豐勢路４１２之１、４１６號１樓,(04)25773481,16,22,2020/02/13 16:37:09
5936030077,健聖藥局,台中市大甲區孟春里通天路２２７號,(04)26813292,0,4,2020/02/13 16:37:09
5936030095,青三藥局,台中市大甲區青三路１２巷３８號,(04)26817301,2,8,2020/02/13 16:37:09
5936030479,上慧藥局,台中市大甲區順天路３４２號,(04)26873515,1,72,2020/02/13 16:37:09
5936031574,安新藥局,台中市大甲區順天路３８５號,(04)26764686,0,68,2020/02/13 16:37:09
5936031583,日南藥局,台中市大甲區通天路１７８之１號,(04)26816949,0,80,2020/02/13 16:37:09
5936031609,金鼎藥局,台中市大甲區文武路６７號,(04)26805312,0,24,2020/02/13 16:37:09
5936031707,大甲福倫藥局,台中市大甲區蔣公路２０２號,(04)26765518,0,56,2020/02/13 16:37:09
5936040073,新生藥局,台中市清水區文昌里文昌街６２號,(04)26222424,0,72,2020/02/13 16:37:09
5936040117,中央藥局,台中市清水區鎮北街５６號,(04)26222176,50,119,2020/02/13 16:37:09
5936040171,親民大藥局,台中市清水區鎮北街６１號,(04)26226012,0,6,2020/02/13 16:37:09
5936041249,清水藥局,臺中市清水區文昌街２９號１樓,(04)26221425,0,8,2020/02/13 16:37:09
5936050060,大原藥局,台中市沙鹿區洛泉里四平街１４２號,(04)26626572,20,110,2020/02/13 16:37:09
5936050248,濟生一藥局,台中市沙鹿區沙田路１４６號,(04)26626826,12,98,2020/02/13 16:37:09
5936050364,沙鹿福倫藥局,台中市沙鹿區鹿寮里中山路４１７–５號,(04)26657718,2,0,2020/02/13 16:37:09
5936051389,康裕藥局,台中市沙鹿區中山路２８０號１樓,(04)26633758,8,0,2020/02/13 16:37:09
5936051432,日新藥局,台中市沙鹿區日新街１１７號,(04)26633100,1,76,2020/02/13 16:37:09
5936051441,永富藥局,台中市沙鹿區中山路２８６號,(04)26625339,0,50,2020/02/13 16:37:09
5936051450,慈愛藥師藥局,台中市沙鹿區大同街３６－４號１樓,(04)26623360,16,67,2020/02/13 16:37:09
5936051478,佑安藥局,台中市沙鹿區中山路３４６號,(04)26632798,42,130,2020/02/13 16:37:09
5936060066,梧棲明生藥局,台中市梧棲區福德里中央路１段１０１２號,(04)26561953,0,16,2020/02/13 16:37:09
5936060075,立達大藥局,臺中市梧棲區梧棲路９３號,(04)26563249,0,4,2020/02/13 16:37:09
5936060164,中港藥局,臺中市梧棲區臺灣大道八段７６６號,(04)26565360,0,4,2020/02/13 16:37:09
5936061269,友達藥局,台中市梧棲區中央路１段８５９號,(04)26567871,10,6,2020/02/13 16:37:09
5936070017,富大藥局,台中市后里區甲后路１段４３８號,(04)25568578,5,68,2020/02/13 16:37:09
5936070053,則安藥局,臺中市后里區三豐路四段１８號,(04)25562835,197,82,2020/02/13 16:37:09
5936070124,福美藥局,台中市后里區墩北村四村路１０３號,(04)25562058,0,32,2020/02/13 16:37:09
5936071158,保仁藥局,臺中市后里區甲后路一段５８５號,(04)25573342,0,2,2020/02/13 16:37:09
5936071185,后里東亞大藥局,台中市后里區民生路１２３號,(04)25570225,0,34,2020/02/13 16:37:09
5936080077,明興藥局,台中市神岡區北庄里中山路１０３７號,(04)25621030,0,36,2020/02/13 16:37:09
5936081172,民翔藥局,臺中市神岡區昌平路５段４８０號,(04)25633323,0,2,2020/02/13 16:37:09
5936081243,安麗兒藥局神岡店,台中市神岡區中山路１４５８號,(04)25629649,0,9,2020/02/13 16:37:09
5936081252,壯元藥局,台中市神岡區民生路２７號,(04)25632368,0,2,2020/02/13 16:37:09
5936090037,皇杰藥局,台中市潭子區潭興路２段４２９號,(04)25367109,0,4,2020/02/13 16:37:09
5936090082,壽安藥局,台中市潭子區東寶里雅潭路２段２５４號,(04)25336328,55,132,2020/02/13 16:37:09
5936090126,頭張藥局,台中市潭子區頭張路一段１０８號,(04)25334510,88,0,2020/02/13 16:37:09
5936090144,宏仁藥局,台中市潭子區潭陽里潭子街２段８號,(04)25367266,10,2,2020/02/13 16:37:09
5936090171,信源藥局,台中市潭子區潭北里潭子街三段３９號,(04)25367233,0,82,2020/02/13 16:37:09
5936091427,久祥藥局,台中市潭子區中山路二段３８４之７號,(04)25325519,0,162,2020/02/13 16:37:09
5936091472,豐全藥局,台中市潭子區甘蔗里雅潭路一段一六一號,(04)25322350,0,78,2020/02/13 16:37:09
5936091534,潭子福倫藥局,台中市潭子區中山路１段１９之８號,(04)25350918,0,54,2020/02/13 16:37:09
5936100047,光田藥局,台中市大雅區橫山里永和路４８號,(04)25663077,0,22,2020/02/13 16:37:09
5936100118,保昇藥局,臺中市大雅區月祥路９１２號,(04)25662495,12,32,2020/02/13 16:37:09
5936101795,文雅藥局,台中市大雅區大雅里中山北路４９２–１號,(04)25683943,0,98,2020/02/13 16:37:09
5936101893,新信和藥局,台中市大雅區民興街５０號,(04)25603058,0,14,2020/02/13 16:37:09
5936102961,江內藥局,台中市大雅區雅潭路三段５９６號,(04)25652671,42,158,2020/02/13 16:37:09
5936102970,正豐藥局,台中市大雅區民生路２段４號,(04)25678858,0,102,2020/02/13 16:37:09
5936102998,妙昌藥局學府店,台中市大雅區學府路２９９號,(04)25689841,0,28,2020/02/13 16:37:09
5936103066,大雅福倫藥局,臺中市大雅區學府路３５８號１樓,(04)25694218,2,34,2020/02/13 16:37:09
5936103075,福康藥局,臺中市大雅區中清北街４１號,(04)25600893,0,6,2020/02/13 16:37:09
5936110016,景安藥局,台中市新社區新社里中和街４段１９８號,(04)25811486,54,162,2020/02/13 16:37:09
5936111111,政雄藥局,台中市新社區興社街四段七五號,(04)25811087,0,144,2020/02/13 16:37:09
5936111120,新安藥局,台中市新社區興安路４９之１號,(04)25820690,0,182,2020/02/13 16:37:09
5936111148,荷仕康藥局,台中市新社區興安路１８－３３號,(04)25826258,8,68,2020/02/13 16:37:09
5936120049,原隆安藥局,台中市石岡區萬安里石岡街５３號,(04)25722833,0,2,2020/02/13 16:37:09
5936150234,建仁藥局,台中市烏日區湖日里中山路二段２９６號,(04)23375612,0,50,2020/02/13 16:37:09
5936150243,萬信藥局,台中市烏日區前竹里中山路１段５號,(04)23372133,4,26,2020/02/13 16:37:09
5936150305,吳藥局,台中市烏日區烏日里中山路二段２２４號,(04)23381148,3,96,2020/02/13 16:37:09
5936150332,真安大藥局,台中市烏日區興祥街３號,(04)23360401,0,34,2020/02/13 16:37:09
5936150341,原全成藥局,台中市烏日區中山路一段３９７號,(04)23361818,16,56,2020/02/13 16:37:09
5936151393,辰采藥局,台中市烏日區學田路５８８號,(04)23372207,0,120,2020/02/13 16:37:09
5936151419,烏日福倫藥局,台中市烏日區中山路２段１１２號,(04)23360318,52,24,2020/02/13 16:37:09
5936151455,上齊健保藥局,台中市烏日區三民街１５７號,(04)23380876,8,118,2020/02/13 16:37:09
5936160070,彰益藥局,台中市大肚區沙田路三段５６４號,(04)26991255,30,18,2020/02/13 16:37:09
5936160105,建昌藥局,台中市大肚區蔗廓里遊園路二段１６８號,(04)26910357,58,54,2020/02/13 16:37:09
5936161264,大吉興藥局,台中市大肚區沙田路一段４５２－１號,(04)26938422,0,42,2020/02/13 16:37:09
5936170094,葆信藥局,台中市龍井區沙田路四段６００號,(04)26352782,0,14,2020/02/13 16:37:09
5936171331,澤士藤藥局,台中市龍井區新東里新興路５３之９號１樓,(04)26523014,0,94,2020/02/13 16:37:09
5936171359,健安藥局,台中市龍井區國際街１５３號,(04)26527296,96,102,2020/02/13 16:37:09
5936171386,國際大藥局,台中市龍井區藝術街６號,(04)26522118,0,142,2020/02/13 16:37:09
5936171402,上華藥局,台中市龍井區新興路３７號,(04)26320433,0,140,2020/02/13 16:37:09
5936171420,我家健康藥局,台中市龍井區新興路４０之１１號１樓,(04)26317660,214,196,2020/02/13 16:37:09
5936171439,健康生活藥局,台中市龍井區新興路９６之２５號,(04)26523949,1,42,2020/02/13 16:37:09
5936171457,德康藥局,台中市龍井區新興路１３７號,(04)26320137,0,30,2020/02/13 16:37:09
5936180081,金生藥局,台中市霧峰區中正里四德路８６號,(04)23301961,0,56,2020/02/13 16:37:09
5936180152,祥暘藥局,台中市霧峰區中正路１１６２號,(04)23391346,0,4,2020/02/13 16:37:09
5936180296,浤泰大藥局,臺中市霧峰區中正路８８０號,(04)23328875,0,46,2020/02/13 16:37:09
5936181337,長弘藥局,臺中市霧峰區樹仁２街２－１號,(04)23334967,0,122,2020/02/13 16:37:09
5936181346,茗生藥局,台中市霧峰區萊園路６－４號１樓,(04)23392277,0,80,2020/02/13 16:37:09
5936181373,霧峰福倫藥局,台中市霧峰區中正路９３６之１號,(04)23318818,0,58,2020/02/13 16:37:09
5936190078,愛心藥局,台中市太平區光華里中山路二段４１２–７號,(04)23929396,0,192,2020/02/13 16:37:09
5936190158,榮祺藥局,台中市太平區長億里太平路２５７號,(04)22783257,0,54,2020/02/13 16:37:09
5936190327,富眾藥局,台中市太平區永豐路３５號,(04)22706009,2,76,2020/02/13 16:37:09
5936190336,仁和藥局,台中市太平區新仁路一段１６０號,(04)22783239,0,84,2020/02/13 16:37:09
5936190416,同安藥局,台中市太平區新平路三段８７號,(04)23918391,266,200,2020/02/13 16:37:09
5936190505,明芳藥局,台中市太平區光華里大興路１７１號,(04)23921778,114,92,2020/02/13 16:37:09
5936190550,衛民藥局,台中市太平區宜欣二路７２號,(04)22795581,0,14,2020/02/13 16:37:09
5936190649,杏原藥局,台中市太平區新坪里樹孝路７７號,(04)23918768,12,102,2020/02/13 16:37:09
5936190676,中美藥師藥局,台中市太平區中山路３段８５號,(04)22778238,60,203,2020/02/13 16:37:09
5936190710,東亞藥師大藥局,台中市太平區中興路６６號,(04)22787987,0,30,2020/02/13 16:37:09
5936191879,玖裕藥局,台中市太平區樹孝路４５號１樓,(04)23917005,0,70,2020/02/13 16:37:09
5936191913,興明健保藥局,台中市太平區樹德路９７－６號,(04)23955521,34,114,2020/02/13 16:37:09
5936191922,禾豐藥局,台中市太平區樹孝路３１號,(04)23915599,8,90,2020/02/13 16:37:09
5936192018,和康藥局,台中市太平區樹孝路４６２號,(04)23917355,0,128,2020/02/13 16:37:09
5936192054,安欣藥師藥局,台中市太平區新平路１段１１０號,(04)22780113,0,106,2020/02/13 16:37:09
5936192090,太平東亞藥師藥局,台中市太平區東平路６２２號,(04)23511899,0,40,2020/02/13 16:37:09
5936192134,樹德大藥局,台中市太平區樹德路１０２號１樓,(04)23981782,0,8,2020/02/13 16:37:09
5936192198,德侑健保藥局,台中市太平區中山路４段８６之１號,(04)23959617,0,94,2020/02/13 16:37:09
5936192267,和康中西藥局,台中市太平區新城里樹孝路１３１號,(04)23937297,14,66,2020/02/13 16:37:09
5936192278,亮亮藥局,台中市太平區中興路１１２號,(04)22702005,26,54,2020/02/13 16:37:09
5936192296,家嘉藥局,臺中市太平區中山路１段２３４號,(04)23934251,28,144,2020/02/13 16:37:09
5936192312,安麗兒藥局太平店,台中市太平區太平路１９０號,(04)22798819,0,30,2020/02/13 16:37:09
5936192376,興隆藥局,台中市太平區興隆路１段２５０號１樓,(04)22774633,0,58,2020/02/13 16:37:09
5936200032,優美藥師藥局,台中市大里區新仁路３段２２７號,(04)24872277,0,114,2020/02/13 16:37:09
5936200097,大里啄木鳥藥局,台中市大里區中興路２段７２號,(04)24865725,0,4,2020/02/13 16:37:09
5936200113,日康藥局,台中市大里區中興路２段１１１之１號,(04)24853368,150,126,2020/02/13 16:37:09
5936200168,英吉藥局,台中市大里區金城里上興街二段４６號,(04)24925962,4,26,2020/02/13 16:37:09
5936200177,天霖藥局,台中市大里區大里路３９之９號１樓,(04)24832481,0,28,2020/02/13 16:37:09
5936200257,裕祥藥局,台中市大里區西榮里中興路二段３３２之７號,(04)24836389,0,46,2020/02/13 16:37:09
5936200293,吉立藥局,台中市大里區金城里塗城路９１７號,(04)24922875,7,108,2020/02/13 16:37:09
5936200453,慈輝藥師藥局,台中市大里區大明路３０６號,(04)24876247,14,56,2020/02/13 16:37:09
5936209287,德芳大藥局,台中市大里區西榮里益民路二段３０４號,(04)24815932,2,66,2020/02/13 16:37:09
5936209349,添貴藥局,台中市大里區西榮里益民路二段１１８號,(04)24819353,6,122,2020/02/13 16:37:09
5936209401,聯鎰藥局,台中市大里區瑞城里塗城路５０３號,(04)24925531,0,36,2020/02/13 16:37:09
5936209572,樺生藥局,台中市大里區新里里新興路５５號,(04)24061162,0,54,2020/02/13 16:37:09
5936209689,慈祐藥局,台中市大里區仁化里成功二路一三０號,(04)24914799,0,96,2020/02/13 16:37:09
5936209769,懷安藥局,台中市大里區立新街３６９號,(04)22736808,16,8,2020/02/13 16:37:09
5936209796,永欣藥局,台中市大里區新里里新興路２４號,(04)24077085,16,66,2020/02/13 16:37:09
593620A855,三德藥局,台中市大里區瑞城里成功路４１９號,(04)24953856,248,192,2020/02/13 16:37:09
593620A891,御和藥局,台中市大里區東興里益民路二段３２３號,(04)24821555,126,82,2020/02/13 16:37:09
593620A917,三商藥局,台中市大里區中興路２段３３３、３３５號１、２樓,(04)24852072,0,20,2020/02/13 16:37:09
593620A935,成功藥局,台中市大里區塗城路５３０號,(04)24964323,8,10,2020/02/13 16:37:09
593620B012,廣益藥局,台中市大里區中興路２段１６７號,(04)24839630,70,188,2020/02/13 16:37:09
593620B138,聯生中西健保藥局,台中市大里區現岱路１５８巷１１號,(04)24834058,102,110,2020/02/13 16:37:09
593620B165,大仁祥藥局,台中市大里區大德街８９號１樓,(04)24814349,0,68,2020/02/13 16:37:09
593620B307,仁一藥局,臺中市大里區仁化路４９７號,(04)24913610,1,40,2020/02/13 16:37:09
593620B316,華信藥局,台中市大里區益民路２段１２號１樓,(04)24872992,2,82,2020/02/13 16:37:09
593620B325,福至藥局,台中市大里區成功路３８５號,(04)24929116,58,104,2020/02/13 16:37:09
593620B334,健民藥局,臺中市大里區健民路８３－８號,(04)24927748,20,90,2020/02/13 16:37:09
5936211054,和平藥局,台中市和平區東關路３段１５１之１１號,(04)25941386,322,178,2020/02/13 16:37:09
5936211063,八醫健保藥局和平店,台中市和平區東關路３段１３５號,(04)25941037,0,114,2020/02/13 16:37:09
5937010140,三立大藥局,彰化縣彰化市中華西路１１１號,(04)7635422,156,188,2020/02/13 16:37:09
5937010159,彰化明德藥局,彰化巿興北里三民路２０９號,(04)7299085,12,180,2020/02/13 16:37:09
5937010202,世和生西藥局,彰化縣彰化市一心東街４６號,(04)7384277,0,79,2020/02/13 16:37:09
5937010220,國光藥局,彰化縣彰化市阿夷里泰和路二段４１１號,(04)7286161,0,28,2020/02/13 16:37:09
5937010293,明功藥局,彰化巿中央里長安街１５５號,(04)7222362,0,200,2020/02/13 16:37:09
5937010426,正忠藥局,彰化縣彰化市福安里福鎮街１６號,(04)7244669,4,212,2020/02/13 16:37:09
5937010462,杏全藥局,彰化縣彰化市忠權里彰美路一段１８５號,(04)7240547,0,122,2020/02/13 16:37:09
5937010480,全安堂藥局,彰化縣彰化市中華西路１０３號,(04)7622731,0,196,2020/02/13 16:37:09
5937010533,范藥局,彰化縣彰化市東興里公園路１段２９２號,(04)7271540,2,122,2020/02/13 16:37:09
5937010551,長裕藥局,彰化縣彰化市中央里太平街１８０、１８２號,(04)7221299,30,238,2020/02/13 16:37:09
5937010613,榮源藥局,彰化縣彰化市忠權里辭修路１２８巷９號,(04)7229432,48,114,2020/02/13 16:37:09
5937010668,祥全藥局,彰化縣彰化市永安街４４號,(04)7223078,24,196,2020/02/13 16:37:09
5937010775,全生藥局,彰化縣彰化市光復里和平路８８號,(04)7222086,47,250,2020/02/13 16:37:09
5937010819,日榮堂藥局,彰化縣彰化市光華里和平路５０號,(04)7222396,0,122,2020/02/13 16:37:09
5937010882,茂新藥局,彰化縣彰化市牛埔里彰南路三段２００號,(04)7374546,0,58,2020/02/13 16:37:09
5937010908,日光堂藥局彰美分店,彰化縣彰化市彰美路１段２３５號,(04)7236611,1,152,2020/02/13 16:37:09
5937010917,尚豪藥局,彰化縣彰化市大埔路６９５號,(04)7113332,0,65,2020/02/13 16:37:09
5937010999,全杏藥局,彰化縣彰化市茄苳路一段２９９號,(04)7363366,0,128,2020/02/13 16:37:09
5937011021,龍美藥局,彰化縣彰化市中山路三段２２８號,(04)7249816,0,68,2020/02/13 16:37:09
5937011058,大竹長生藥局,彰化縣彰化市彰南路二段８號,(04)7384176,0,44,2020/02/13 16:37:09
5937012117,媽咪藥局,彰化縣彰化市彰南路２段１１５號,(04)7321517,0,164,2020/02/13 16:37:09
5937012126,彰化福倫藥局,彰化縣彰化市中正路２段２２４號,(04)7233018,0,186,2020/02/13 16:37:09
5937012180,大新藥局,彰化縣彰化市福山里彰南路一段４３３號,(04)7383535,0,4,2020/02/13 16:37:09
5937012242,平成藥局,彰化縣彰化市福安里曉陽路３１號,(04)7258070,0,158,2020/02/13 16:37:09
5937012411,東東藥局,彰化縣彰化市大竹里彰南路２段２４７－８號,(04)7387407,0,26,2020/02/13 16:37:09
5937012448,瑞群藥局,彰化縣彰化市中正路２段４９５號,(04)7290896,0,56,2020/02/13 16:37:09
5937012546,頂好藥局,彰化縣彰化市成功路２５３號,(04)7271799,180,76,2020/02/13 16:37:09
5937012555,兆仁藥局,彰化縣彰化市民族路４２６號,(04)7278558,32,176,2020/02/13 16:37:09
5937012582,正光藥局中正店,彰化縣彰化市中正路１段２５３號,(04)7235068,0,62,2020/02/13 16:37:09
5937012635,施文彬大藥局,彰化縣彰化市大埔路３４５號,(04)7111653,0,62,2020/02/13 16:37:09
5937012671,康好健保藥局,彰化縣彰化市光南里旭光路２９１號,(04)7234725,2,150,2020/02/13 16:37:09
5937012715,長聖樹藥局,彰化縣彰化市華山路１７３號,(04)7291519,0,140,2020/02/13 16:37:09
5937012733,佳展佳藥局,彰化縣彰化市彰安里中正路２段４３４號,(04)7288246,0,78,2020/02/13 16:37:09
5937012751,福田藥局,彰化縣彰化市光復路２０號,(04)7296058,2,134,2020/02/13 16:37:09
5937012831,華恩健保藥局,彰化縣彰化市華山路２１０號,(04)7239977,4,144,2020/02/13 16:37:09
5937012850,平安藥局,彰化縣彰化市信義里長發街７號１樓,(04)7269122,224,226,2020/02/13 16:37:09
5937012877,振安藥局,彰化縣彰化市民生里永安街７３號,(04)7261277,0,114,2020/02/13 16:37:09
5937012957,康好藥局南校店,彰化縣彰化市華北里南校街１０４號,(04)7283491,0,104,2020/02/13 16:37:09
5937012975,龍泰藥局,彰化縣彰化市信義里中正路１段４５０號１樓,(04)7254720,0,174,2020/02/13 16:37:09
5937013052,尚豪藥師藥局旭光店,彰化縣彰化市華北里旭光路１７６號,(04)7280320,0,48,2020/02/13 16:37:09
5937013105,美得康藥局,彰化縣彰化市成功里民族路１８６號,(04)7280707,40,84,2020/02/13 16:37:09
5937013114,春生藥局自強店,彰化縣彰化市五權里自強南路４５－６號,(04)7227058,2,56,2020/02/13 16:37:09
5937013132,正光藥局彰南店,彰化縣彰化市中庄里彰南路１段２１號,(04)7321003,6,68,2020/02/13 16:37:09
5937013150,康橋藥局,彰化縣彰化市民族路４２９號,(04)7278288,2,84,2020/02/13 16:37:09
5937013196,彰化啄木鳥藥局,彰化縣彰化市茄南里金馬路２段２７號,(04)7330661,4,62,2020/02/13 16:37:09
5937013221,維康藥局,彰化縣彰化市光南里博愛街１３１、１３３號,(04)7279446,2,82,2020/02/13 16:37:09
5937013230,全成藥局,彰化縣彰化市民生里三民路３２０號,(047)263018,2,102,2020/02/13 16:37:09
5937013267,銅鐘藥局,彰化縣彰化市阿夷里泰和路２段３１５號,(04)7200606,0,6,2020/02/13 16:37:09
5937013285,大仁藥局,彰化縣彰化市忠孝里辭修路８０號１樓,(04)7282678,10,130,2020/02/13 16:37:09
5937013301,大竹藥局,彰化縣彰化市彰南路２段１８９號,(04)7383720,0,144,2020/02/13 16:37:09
5937013310,彰化必安藥局,彰化縣彰化市莿桐里彰水路１４９號,(04)7619127,0,122,2020/02/13 16:37:09
5937013338,彰安藥局,彰化縣彰化市彰安里曉陽路２３５號,(04)7281095,0,32,2020/02/13 16:37:09
5937013347,康禾藥局,彰化縣彰化市崙平里建和街５２號,(04)7624077,0,40,2020/02/13 16:37:09
5937013356,丁丁藥局彰鹿店,彰化縣彰化市南安里彰鹿路１５０號,(04)7531110,0,12,2020/02/13 16:37:09
5937013365,正光藥局民族店,彰化縣彰化市彰安里民族路２１１號,(04)7234876,0,66,2020/02/13 16:37:09
5937013383,大心藥局,彰化縣彰化市中央里民族路５１７號,(04)7282797,0,156,2020/02/13 16:37:09
5937013392,正欣藥局,彰化縣彰化市興北里長壽街２２０號,(04)7266279,172,70,2020/02/13 16:37:09
5937013418,曉陽藥局,彰化縣彰化市西安里曉陽路２０２號,(04)7270989,0,100,2020/02/13 16:37:09
5937013436,大埔藥局,彰化縣彰化市大埔路４０６、４０８、４１０、４１２號,(04)7117511,0,80,2020/02/13 16:37:09
5937013445,澄星中西藥局,彰化縣彰化市文化里中民街９１號１樓,(04)7236870,16,26,2020/02/13 16:37:09
5937013454,安新健保藥局,彰化縣彰化市自強路３６號１樓,(04)7233160,32,88,2020/02/13 16:37:09
5937013472,建國春生中西藥局,彰化縣彰化市建國北路１５０號,(04)7225047,0,62,2020/02/13 16:37:09
5937013481,美芙藥局,彰化縣彰化市三民路２７０號１樓,(04)7222980,0,98,2020/02/13 16:37:09
5937013507,原安大藥局,彰化縣彰化市南郭路一段１８０號,(04)7272817,0,134,2020/02/13 16:37:09
5937013516,丁丁藥局彰化店,彰化縣彰化市曉陽路２１９號,(04)7236140,0,8,2020/02/13 16:37:09
5937013543,康好藥局三民店,彰化縣彰化市三民路２０１號,(04)7281089,0,118,2020/02/13 16:37:09
5937013552,芳澤藥局,彰化縣彰化市中山路三段４３４號,(04)7380381,0,140,2020/02/13 16:37:09
5937013561,友誼藥局彰化店,彰化縣彰化市辭修路１９１－２號,(04)7288865,0,84,2020/02/13 16:37:09
5937013570,彰化藥局,彰化縣彰化市永安街２７８、２８０號,(04)7287877,46,202,2020/02/13 16:37:09
5937013589,曜安藥局,彰化縣彰化市民生路１５３號１樓,(04)7280650,0,118,2020/02/13 16:37:09
5937020066,老良安藥局,彰化縣鹿港鎮頂番里鹿和路四段１５號,(04)7713497,0,42,2020/02/13 16:37:09
5937020084,成安藥局,彰化縣鹿港鎮順興里中山路３８０號,(04)7773078,0,56,2020/02/13 16:37:09
5937020119,永吉藥局,彰化縣鹿港鎮大有里大明路４８號,(04)7772391,6,24,2020/02/13 16:37:09
5937020128,佳昇大藥局,彰化縣鹿港鎮溝墘里鹿和路三段６０９號,(04)7716789,0,34,2020/02/13 16:37:09
5937020155,建興藥局,彰化縣鹿港鎮頂厝里鹿東路１５４號,(04)7786919,0,54,2020/02/13 16:37:09
5937021312,健康藥局,彰化縣鹿港鎮中興里民權路２３２號,(04)7764364,8,102,2020/02/13 16:37:09
5937021330,順安藥局,彰化縣鹿港鎮泰興里復興路１２５號,(04)7765510,48,92,2020/02/13 16:37:09
5937021376,民權藥局,彰化縣鹿港鎮民權路５９號,(04)7745562,54,126,2020/02/13 16:37:09
5937021385,忠民藥局,彰化縣鹿港鎮民族路１０８巷３號,(04)7760368,16,90,2020/02/13 16:37:09
5937021447,永和藥局,彰化縣鹿港鎮中正路２４２之２號,(04)7754750,0,88,2020/02/13 16:37:09
5937021509,老信和藥局,彰化縣鹿港鎮頂番里鹿和路四段４０號,(04)7711098,0,26,2020/02/13 16:37:09
5937021689,豐安藥局,彰化縣鹿港鎮玉順里復興路７２６號,(04)7746157,0,92,2020/02/13 16:37:09
5937021750,正光藥局鹿港店,彰化縣鹿港鎮永安里復興路２５１號,(04)7775769,2,14,2020/02/13 16:37:09
5937021769,杏文藥局,彰化縣鹿港鎮順興里中山路３５４號１樓,(04)7766326,0,52,2020/02/13 16:37:09
5937021812,大樹鹿港藥局,彰化縣鹿港鎮中正路１９３號,(04)7772226,0,104,2020/02/13 16:37:09
5937021821,新永吉藥局,彰化縣鹿港鎮中山路１２７號,(04)7770940,4,74,2020/02/13 16:37:09
5937021830,康好藥局鹿港店,彰化縣鹿港鎮民權路１３４號,(04)7772877,0,48,2020/02/13 16:37:09
5937030160,和平藥局,彰化縣和美鎮美寮路２段７１６號,(04)7559952,0,53,2020/02/13 16:37:09
5937031194,三多藥局,彰化縣和美鎮糖友里糖友１街８８號,(04)7356969,0,90,2020/02/13 16:37:09
5937031381,春生藥局新庄店,彰化縣和美鎮彰新路二段５２７、５２９號,(04)7330458,2,58,2020/02/13 16:37:09
5937031416,萬國藥局,彰化縣和美鎮仁安路２３１號,(04)7553948,2,48,2020/02/13 16:37:09
5937031425,第一健保藥局,彰化縣和美鎮和北里彰美路六段２０２號,(04)7568492,1,42,2020/02/13 16:37:09
5937031434,和美和田藥局,彰化縣和美鎮和線路５９號,(04)7560377,0,72,2020/02/13 16:37:09
5937031443,和美福倫藥局,彰化縣和美鎮和北里彰美路６段１３３號,(04)7569718,0,72,2020/02/13 16:37:09
5937031470,弘佳藥局,彰化縣和美鎮仁愛里道周路５５６號,(04)7576611,6,38,2020/02/13 16:37:09
5937031489,和恩藥局,彰化縣和美鎮和西里道周路７１８號,(04)7576566,6,126,2020/02/13 16:37:09
5937031523,上安藥局,彰化縣和美鎮和樂路１０６號,(04)7569962,60,118,2020/02/13 16:37:09
5937031541,友誼藥局和美店,彰化縣和美鎮和東里仁化路１４７、１４９號,(04)7550866,0,86,2020/02/13 16:37:09
5937031596,康佑藥局,彰化縣和美鎮和東里彰美路５段１７５號１樓,(04)7576816,0,28,2020/02/13 16:37:09
5937031612,和美大藥局,彰化縣和美鎮和東里彰美路５段２７１號,(04)7554095,28,108,2020/02/13 16:37:09
5937031621,德美藥局,彰化縣和美鎮竹營里德美路２９３號,(04)7567129,0,2,2020/02/13 16:37:09
5937031667,丁丁藥局和美店,彰化縣和美鎮道周路３１２號,(04)7576322,0,24,2020/02/13 16:37:09
5937031676,博仕藥局,彰化縣和美鎮和線路４７、４９號,(04)7569102,0,148,2020/02/13 16:37:09
5937031710,永合藥局,彰化縣和美鎮彰美路６段１９７號１樓,(04)7557726,0,60,2020/02/13 16:37:09
5937031729,日信藥局,彰化縣和美鎮彰美路５段３１１號,(04)7556952,36,34,2020/02/13 16:37:09
5937031747,大樹和美藥局,彰化縣和美鎮道周路５０１號,(04)7550090,4,92,2020/02/13 16:37:09
5937031756,永元藥局,彰化縣和美鎮和線路９１號,(04)7550045,0,48,2020/02/13 16:37:09
5937040077,春安藥局,彰化縣北斗鎮五權里新市街４６號,(04)8882546,20,66,2020/02/13 16:37:09
5937040095,杏安藥局,彰化縣北斗鎮新政里中華路１０１號,(04)8875563,0,130,2020/02/13 16:37:09
5937040148,北斗仁和藥局,彰化縣北斗鎮光復里光復路１８２號,(04)8880163,0,106,2020/02/13 16:37:09
5937041172,九和藥局,彰化縣北斗鎮西德里斗苑路一段２９０號,(04)8875039,0,110,2020/02/13 16:37:09
5937041190,仁信藥局,彰化縣北斗鎮中正路137號,(04)8873357,76,128,2020/02/13 16:37:09
5937041207,合康藥局,彰化縣北斗鎮中山路２段３２、３４號,(04)8881669,0,136,2020/02/13 16:37:09
5937041225,宏藥局,彰化縣北斗鎮復興路６６號,(04)8882466,20,74,2020/02/13 16:37:09
5937041305,希賢藥局,彰化縣北斗鎮斗苑路一段３１號,(04)8781025,180,186,2020/02/13 16:37:09
5937041369,北斗福倫藥局,彰化縣北斗鎮西德里斗苑路１段４２５、４２７號,(04)8886618,148,132,2020/02/13 16:37:09
5937041421,惠生大藥局,彰化縣北斗鎮西德里中華路２９１號,(04)8874041,31,88,2020/02/13 16:37:09
5937041430,佑田藥局,彰化縣北斗鎮新政里中華路２４７號,(04)8783173,94,48,2020/02/13 16:37:09
5937041449,維德藥局,彰化縣北斗鎮復興路１８號,(04)8889033,20,124,2020/02/13 16:37:09
5937041458,沛廣藥局,彰化縣北斗鎮中華路２３０號,(04)8781769,0,54,2020/02/13 16:37:09
5937041476,丁丁藥局北斗店,彰化縣北斗鎮斗苑路二段３０號,(04)8873032,184,142,2020/02/13 16:37:09
5937050135,信昇藥局,彰化縣員林市大同路二段１８２－１號,(04)8358827,4,62,2020/02/13 16:37:09
5937050162,新邱利生藥局,彰化縣員林市中山路一段６５１號,(04)8336380,0,90,2020/02/13 16:37:09
5937050279,廣信藥局,彰化縣員林市三信里中山路二段２０１號,(04)8337085,0,88,2020/02/13 16:37:09
5937050313,東禾藥局,彰化縣員林市仁美里和平東街６２–１號,(04)8350030,0,147,2020/02/13 16:37:09
5937050322,必安藥局,彰化縣員林市仁美里育英路１７４號,(04)8324986,0,136,2020/02/13 16:37:09
5937050331,金鴻安大藥局,彰化縣員林市中正路３２３號,(04)8344210,0,50,2020/02/13 16:37:09
5937050377,廣生堂藥局,彰化縣員林市中山里中山路一段７４３、７４５號,(04)8320627,150,94,2020/02/13 16:37:09
5937050395,裕良大藥局,彰化縣員林鎮莒光路３號,(04)8360388,0,91,2020/02/13 16:37:09
5937050411,高藥局,彰化縣員林市東和里員水路二段５０５號,(04)8327808,0,148,2020/02/13 16:37:09
5937051598,添霖大藥局,彰化縣員林市民生里中正路２７０號,(04)8319765,0,54,2020/02/13 16:37:09
5937051641,中美藥局,彰化縣員林市育英路８３之１號,(04)8366708,4,118,2020/02/13 16:37:09
5937051669,家怡藥局,彰化縣員林市中山南路１２號,(04)8393252,0,144,2020/02/13 16:37:09
5937051703,員林健康藥局,彰化縣員林市中正路２２４號１樓,(04)8396798,0,130,2020/02/13 16:37:09
5937051712,員林福倫藥局,彰化縣員林市和平里中山路２段１４１號,(04)8371218,8,2,2020/02/13 16:37:09
5937051730,青田藥局,彰化縣員林市林森路一二七號,(04)8347776,74,80,2020/02/13 16:37:09
5937051794,愛康生活保健中西藥局,彰化縣員林市靜修東路３４號,(04)8328826,25,140,2020/02/13 16:37:09
5937051810,統信藥局,彰化縣員林市新興里正興街３７２號,(04)8367089,0,136,2020/02/13 16:37:09
5937051847,天一藥局,彰化縣員林市光明里中正路４４１號,(04)8384875,38,212,2020/02/13 16:37:09
5937051865,萬年藥局,彰化縣員林市員水路２段２０９號,(04)8366522,0,116,2020/02/13 16:37:09
5937051963,東山永安藥局,彰化縣員林市南東里山腳路４段３１號,(04)8311471,18,86,2020/02/13 16:37:09
5937051981,康美藥局,彰化縣員林市南平里南平街２６號,(04)8395172,0,8,2020/02/13 16:37:09
5937052013,佳樂藥局,彰化縣員林市惠來里光明街１６１號,(04)8369578,0,86,2020/02/13 16:37:09
5937052031,天天藥局,彰化縣員林市鎮興里員東路一段５５號,(04)8385573,1,158,2020/02/13 16:37:09
5937052059,華衛藥局,彰化縣員林市惠來里南昌路９６號,(04)8397503,20,140,2020/02/13 16:37:09
5937052120,家展藥局,彰化縣員林市三民街３５－１號,(04)8367768,0,134,2020/02/13 16:37:09
5937052184,躍獅永聖藥局,彰化縣員林市三信里中山路２段３２５號,(04)8369065,0,90,2020/02/13 16:37:09
5937052237,正光藥局員林店,彰化縣員林市仁愛里三民東街３１０、３１２號,(04)8328765,0,36,2020/02/13 16:37:09
5937052246,新義藥局,彰化縣員林市南平里新義街２８８號,(04)8396788,0,36,2020/02/13 16:37:09
5937052255,淑德藥局,彰化縣員林市仁美里中山路２段１１０、１１２號,(04)8359155,1,92,2020/02/13 16:37:09
5937052264,醫聯藥師藥局,彰化縣員林市三條里員東路二段４１０號１樓,(04)8360617,0,54,2020/02/13 16:37:09
5937052273,員林鼎澄藥局,彰化縣員林市仁愛里三民東街２５２號,(04)8330918,6,126,2020/02/13 16:37:09
5937052282,丁丁藥局員林店,彰化縣員林市中山路二段８９號,(04)8373508,40,104,2020/02/13 16:37:09
5937052317,員郭藥局,彰化縣員林市三民街３８－１號,(04)8356201,34,186,2020/02/13 16:37:09
5937052335,大樹三民藥局,彰化縣員林市三民東街３５６號,(04)8372837,0,132,2020/02/13 16:37:09
5937052353,壽春中西藥局,彰化縣員林市成功路５５號,(04)8361667,0,76,2020/02/13 16:37:09
5937052362,家家藥局,彰化縣員林市惠來街８７號,(04)8367007,198,126,2020/02/13 16:37:09
5937052380,日信藥局員林店,彰化縣員林市中正路２５５號,(04)8352030,0,122,2020/02/13 16:37:09
5937052415,大樹員林藥局,彰化縣員林市大同路二段２０７號,(04)8331353,0,102,2020/02/13 16:37:09
5937052424,員林啄木鳥藥局,彰化縣員林市新生路１２１、１２３號,(04)8339483,0,2,2020/02/13 16:37:09
5937060051,鴻明藥局,彰化縣溪湖鎮大竹里平和街１９６號,(04)8820185,4,142,2020/02/13 16:37:09
5937060060,慶華藥局,彰化縣溪湖鎮光華里二溪路一段１４號,(04)8852441,0,100,2020/02/13 16:37:09
5937060088,合生大藥局,彰化縣溪湖鎮湖東里員鹿路二段４０６號,(04)8851560,0,90,2020/02/13 16:37:09
5937060131,西環藥局,彰化縣溪湖鎮太平里太平街１９１號,(04)8810615,0,124,2020/02/13 16:37:09
5937061227,永裕藥局,彰化縣溪湖鎮光華里太平街５４號,(04)8817222,301,187,2020/02/13 16:37:09
5937061254,雙鷹藥局,彰化縣溪湖鎮光平里彰水路３段３７９號,(04)8826572,196,138,2020/02/13 16:37:09
5937061281,佳佳藥局,彰化縣溪湖鎮二溪路１段２８９號,(04)8815523,43,147,2020/02/13 16:37:09
5937061352,永林藥局,彰化縣溪湖鎮大竹里平和街１４２號,(04)8826676,112,134,2020/02/13 16:37:09
5937061370,正合藥局,彰化縣溪湖鎮彰水路３段２０４號,(04)8851685,32,132,2020/02/13 16:37:09
5937061398,寶康藥局,彰化縣溪湖鎮彰水路四段１５３號１樓,(04)8613778,32,116,2020/02/13 16:37:09
5937061432,康健藥局,彰化縣溪湖鎮光平里彰水路３段３８８號,(04)8822549,8,90,2020/02/13 16:37:09
5937061469,福展藥局,彰化縣溪湖鎮湖西里西環路２０９號,(04)8859918,62,104,2020/02/13 16:37:09
5937061503,大發藥局,彰化縣溪湖鎮大突里大發路８９號,(04)8822180,0,70,2020/02/13 16:37:09
5937061530,大同藥局,彰化縣溪湖鎮大竹里西環路３１號,(04)8828159,26,168,2020/02/13 16:37:09
5937061558,好心情藥局,彰化縣溪湖鎮湖東里大溪路二段３５６號１樓,(04)8811259,1,56,2020/02/13 16:37:09
5937061567,凱侖藥局,彰化縣溪湖鎮西溪里員鹿路２段臨１號,(04)8812278,102,138,2020/02/13 16:37:09
5937061594,正光藥局溪湖店,彰化縣溪湖鎮大竹里平和街２０２、２０４號,(04)8825138,0,84,2020/02/13 16:37:09
5937061601,樺霖保健藥局,彰化縣溪湖鎮光平里彰水路３段３７６號,(04)8613668,64,106,2020/02/13 16:37:09
5937061610,大昌藥局,彰化縣溪湖鎮光華里太平街２２號,(04)8612122,132,92,2020/02/13 16:37:09
5937061638,志成藥局,彰化縣溪湖鎮平和里彰水路３段２４３號,(04)8853528,132,150,2020/02/13 16:37:09
5937061647,溪湖藥局,彰化縣溪湖鎮西環路３６５號,(04)8818617,0,66,2020/02/13 16:37:09
5937061656,東環藥局,彰化縣溪湖鎮湖東街８１巷７０－３、７０－４、７０－５號,(04)8820001,246,152,2020/02/13 16:37:09
5937061674,溪湖華恩保健藥局,彰化縣溪湖鎮青雅路３９號,(04)8817575,0,138,2020/02/13 16:37:09
5937070011,明輝藥局,彰化縣田中鎮東路里新生街８７號,(04)8740433,4,112,2020/02/13 16:37:09
5937070020,田中中興藥局,彰化縣田中鎮西路里斗中路一段５４號,(04)8742483,26,166,2020/02/13 16:37:09
5937070039,井田藥局,彰化縣田中鎮碧峰里中南路二段511號,(04)8740453,68,88,2020/02/13 16:37:09
5937070057,大嘉藥局,彰化縣田中鎮中州路１段２６８號,(04)8742071,52,150,2020/02/13 16:37:09
5937070093,朝仁大藥局,彰化縣田中鎮三民里斗中路二段６２０號,(04)8751551,6,100,2020/02/13 16:37:09
5937070128,良安藥局,彰化縣田中鎮北路里員集路二段６１４號,(04)8743196,2,128,2020/02/13 16:37:09
5937070164,安鑠藥局,彰化縣田中鎮中潭里和平路７６０號,(04)8748728,126,210,2020/02/13 16:37:09
5937070173,世華藥局,彰化縣田中鎮新民里民族街１３號,(04)8752965,2,136,2020/02/13 16:37:09
5937070191,仁春藥局,彰化縣田中鎮員集路二段４５３、４５５號,(04)8742409,110,186,2020/02/13 16:37:09
5937071296,大眾藥局,彰化縣田中鎮斗中路一段１４２號,(04)8749723,42,158,2020/02/13 16:37:09
5937071330,祥品藥局,彰化縣田中鎮北路里福安路３０８號,(04)8762311,0,80,2020/02/13 16:37:09
5937071358,景平藥局,彰化縣田中鎮西路里中州路１段２７６號,(04)8760468,44,170,2020/02/13 16:37:09
5937071385,正益藥局,彰化縣田中鎮北路里新福路５３巷１３號１樓,(04)8761001,56,90,2020/02/13 16:37:09
5937071401,田中啄木鳥藥局,彰化縣田中鎮南路里員集路２段２６６號,(04)8746468,2,83,2020/02/13 16:37:09
5937071447,大安藥局,彰化縣田中鎮新福路５７號,(04)8752201,12,106,2020/02/13 16:37:09
5937071456,萬禾藥局,彰化縣田中鎮員集路３段２７７號,(04)8742242,200,207,2020/02/13 16:37:09
5937080115,鎮安藥局,彰化縣二林鎮東和里中山路５２號之２,(04)8960473,0,134,2020/02/13 16:37:09
5937080179,台明藥局,彰化縣二林鎮東和里斗苑路五段２１３號,(04)8966176,0,160,2020/02/13 16:37:09
5937080188,信裕藥局,彰化縣二林鎮南光里南安路４３５號,(04)8963684,200,178,2020/02/13 16:37:09
5937080277,嘉信藥局,彰化縣二林鎮中山路１４０號,(04)8954029,56,136,2020/02/13 16:37:09
5937081363,小博士藥局,彰化縣二林鎮斗苑路四段７００號,(04)8957775,96,119,2020/02/13 16:37:09
5937081381,美美藥局,彰化縣二林鎮儒林路２段３０８號１樓,(04)8958789,216,136,2020/02/13 16:37:09
5937081390,永全藥局,彰化縣二林鎮二溪路一段１８號,(04)8958878,292,204,2020/02/13 16:37:09
5937081407,長頸鹿藥局,彰化縣二林鎮大成路１段１３７號,(04)8952453,14,0,2020/02/13 16:37:09
5937081434,二林福倫藥局,彰化縣二林鎮豐田里斗苑路４段６６９、６７１號,(04)8956818,0,84,2020/02/13 16:37:09
5937081461,育民健保藥局,彰化縣二林鎮東和里新生路７２號,(04)8953956,0,116,2020/02/13 16:37:09
5937081470,尚禾藥局,彰化縣二林鎮西平里中山路２３０號,(04)8963810,0,136,2020/02/13 16:37:09
5937081489,二林順順藥局,彰化縣二林鎮仁愛路４５１號,(04)8951351,6,50,2020/02/13 16:37:09
5937081498,新杏林藥局,彰化縣二林鎮東和里斗苑路５段２６０號,(04)8953863,0,120,2020/02/13 16:37:09
5937081514,加佳藥局,彰化縣二林鎮東和里仁愛路６７８號１樓,(04)8963080,261,124,2020/02/13 16:37:09
5937081541,康好藥局二林店,彰化縣二林鎮南光里大成路一段５６１號,(04)8966015,118,126,2020/02/13 16:37:09
5937081569,二林藥局,彰化縣二林鎮斗苑路５段３９號,(04)8950010,47,150,2020/02/13 16:37:09
5937081578,二林貓頭鷹藥局,彰化縣二林鎮中正路２４、２６號,(04)8952299,30,78,2020/02/13 16:37:09
5937091056,線西藥局,彰化縣線西鄉寓埔村中央路二段４８號,(04)7582482,0,64,2020/02/13 16:37:09
5937091065,寓埔藥局,彰化縣線西鄉寓埔村中華路４８號１樓,(04)7589805,0,30,2020/02/13 16:37:09
5937101146,伸港藥局,彰化縣伸港鄉新港村信義路１３５號,(04)7992663,0,10,2020/02/13 16:37:09
5937101164,伸港永合藥局,彰化縣伸港鄉新港村新港路２４４號１樓,(04)7988865,1,88,2020/02/13 16:37:09
5937101173,貓頭鷹藥局,彰化縣伸港鄉新港村中山東路９９號,(04)7996596,0,22,2020/02/13 16:37:09
5937101217,友誼藥局,彰化縣伸港鄉新港村中山路１５號,(047)980591,0,48,2020/02/13 16:37:09
5937101226,伸和藥局,彰化縣伸港鄉新港村中正路２０巷２號,(04)7998129,0,110,2020/02/13 16:37:09
5937101244,春生藥局伸港店,彰化縣伸港鄉新港村新港路４１７號,(04)7986263,0,22,2020/02/13 16:37:09
5937111151,健安藥局,彰化縣福興鄉廈粘村沿海路３段２１４－１號１樓,(04)7707835,2,88,2020/02/13 16:37:09
5937111160,東泰藥局,彰化縣福興鄉福興村沿海路５段３６６號,(04)7772277,0,126,2020/02/13 16:37:09
5937111188,好鄰居藥局,彰化縣福興鄉沿海路三段２７３號,(04)7707887,16,80,2020/02/13 16:37:09
5937120025,慶泰藥局,彰化縣秀水鄉安東村中山路１６６號,(04)7698510,0,194,2020/02/13 16:37:09
5937120043,啟仁藥局,彰化縣秀水鄉安東村文化街１５巷２號,(04)7694953,100,122,2020/02/13 16:37:09
5937120052,效生藥局,彰化縣秀水鄉民生街９０８號,(04)7683931,0,50,2020/02/13 16:37:09
5937120061,秀水藥局,彰化縣秀水鄉福安村彰水路２段５４１號,(04)7690140,2,98,2020/02/13 16:37:09
5937121228,欣冠藥局,彰化縣秀水鄉中山路３４５號,(04)7689699,0,68,2020/02/13 16:37:09
5937121237,福慧藥局,彰化縣秀水鄉彰水路２段２０３號,(04)7689180,109,180,2020/02/13 16:37:09
5937121246,健全藥局,彰化縣秀水鄉安東村中山路２８２－１號,(04)7686649,8,4,2020/02/13 16:37:09
5937121282,福安藥局,彰化縣秀水鄉彰水路２段５２３號,(04)7686981,12,136,2020/02/13 16:37:09
5937130049,明志藥局,彰化縣花壇鄉三春村彰員路１段５４２號,(04)7867702,0,78,2020/02/13 16:37:09
5937130058,華榮藥局,彰化縣花壇鄉花壇村花壇街２１９號,(04)7862173,0,88,2020/02/13 16:37:09
5937131153,武田藥局,彰化縣花壇鄉長沙村中正路１２０號,(04)7878683,0,50,2020/02/13 16:37:09
5937131171,祥安藥局,彰化縣花壇鄉彰員路３段８９號,(04)7863460,0,86,2020/02/13 16:37:09
5937131180,春天藥局,彰化縣花壇鄉中山路２段３０號,(04)7874458,3,68,2020/02/13 16:37:09
5937131206,花壇福倫藥局,彰化縣花壇鄉中山路２段１５９號１樓,(04)7882818,0,72,2020/02/13 16:37:09
5937131224,恆安藥局,彰化縣花壇鄉花壇村花壇街２４９號１樓,(04)7863990,12,118,2020/02/13 16:37:09
5937131233,春生藥局花壇店,彰化縣花壇鄉花壇村中正路５７－１號,(04)7867715,0,28,2020/02/13 16:37:09
5937131242,善生藥局,彰化縣花壇鄉中正路２００號,(04)7862361,0,14,2020/02/13 16:37:09
5937131260,大福藥局,彰化縣花壇鄉長沙村中正路９１號１樓,(04)7880073,0,88,2020/02/13 16:37:09
5937131279,仁寶藥局,彰化縣花壇鄉長沙村忠孝街１００－２號,(04)7878555,86,158,2020/02/13 16:37:09
5937131288,口庄藥局,彰化縣花壇鄉中山路２段５６２號,(04)7867209,1,69,2020/02/13 16:37:09
5937140018,民生藥局,彰化縣芬園鄉社口村彰南路４段１１３號,(049)2522595,0,88,2020/02/13 16:37:09
5937140027,金宏恩藥局,彰化縣芬園鄉社口村彰南路４段１０８巷１２號,(049)2522391,0,154,2020/02/13 16:37:09
5937140045,新得大藥局,彰化縣芬園鄉社口村彰南路四段７４號,(049)2521753,2,100,2020/02/13 16:37:09
5937140054,正明藥局,彰化縣芬園鄉茄荖村芬草路一段２７３號,(049)2523918,56,162,2020/02/13 16:37:09
5937141104,啟安大藥局,彰化縣芬園鄉芬草路２段２３０號,(049)2522858,0,66,2020/02/13 16:37:09
5937141159,強生藥局,彰化縣芬園鄉社口村光復路２０號,(049)2521857,0,86,2020/02/13 16:37:09
5937150019,天德藥師藥局,彰化縣大村鄉擺塘村中正西路６１號,(04)8525256,2,0,2020/02/13 16:37:09
5937150032,大欣藥局,彰化縣大村鄉村上村中正西路１９號,(04)8524803,0,51,2020/02/13 16:37:09
5937151119,誠品藥局,彰化縣大村鄉大村村茄苳路１段２３３號,(04)8529206,0,20,2020/02/13 16:37:09
5937151128,五行藥局,彰化縣大村鄉黃厝村１２鄰山腳路２－２６號,(04)8527603,0,168,2020/02/13 16:37:09
5937151137,萬來藥局,彰化縣大村鄉福興村山腳路８０－９號,(04)8535565,0,36,2020/02/13 16:37:09
5937161115,埔鹽藥局,彰化縣埔鹽鄉埔鹽村彰水路二段８號１樓,(04)8659655,0,74,2020/02/13 16:37:09
5937161124,福氣藥局,彰化縣埔鹽鄉好修村中正路２２９號１樓,(04)8657735,0,54,2020/02/13 16:37:09
5937161133,石埤藥局,彰化縣埔鹽鄉石埤村番金路８０之１６號,(04)8655146,0,100,2020/02/13 16:37:09
5937161151,侯藥師藥局,彰化縣埔鹽鄉中正路２０６號,(04)8651837,0,104,2020/02/13 16:37:09
5937170034,淑惠藥局,彰化縣埔心鄉亙北村員鹿路一段２４４號,(04)8297798,0,22,2020/02/13 16:37:09
5937170098,普生藥師藥局,彰化縣埔心鄉東門村中正路１段１４號,(04)8294449,0,70,2020/02/13 16:37:09
5937171157,安麗兒藥局埔心店,彰化縣埔心鄉義民村員鹿路２段４３４號１樓,(04)8295129,0,38,2020/02/13 16:37:09
5937171166,永康藥局,彰化縣埔心鄉東門村員鹿路２段３２９號１樓,(04)8280957,0,50,2020/02/13 16:37:09
5937171175,旭康專業藥局,彰化縣埔心鄉中興路２３號１樓,(04)8284165,20,46,2020/02/13 16:37:09
5937180030,生春大藥局,彰化縣永靖鄉東門路２３３號,(04)8220929,0,14,2020/02/13 16:37:09
5937180094,天喜生大藥局,彰化縣永靖鄉永西村西門路４１號,(04)8221821,2,80,2020/02/13 16:37:09
5937181215,邱利調劑藥局,彰化縣永靖鄉瑚璉路３０８號,(04)8235509,0,103,2020/02/13 16:37:09
5937181251,金和堂藥局,彰化縣永靖鄉永靖街１０２號,(04)8221759,0,76,2020/02/13 16:37:09
5937181260,永茗藥局,彰化縣永靖鄉永東村東門路１９８號,(04)8242721,0,2,2020/02/13 16:37:09
5937181279,佳恩藥局,彰化縣永靖鄉永西村瑚璉路３０２號,(04)8235753,0,4,2020/02/13 16:37:09
5937181288,陳厝厝保健藥局,彰化縣永靖鄉永興路２段１１６號,(04)8232387,11,148,2020/02/13 16:37:09
5937181297,永靖藥局,彰化縣永靖鄉瑚璉路１１６號,(04)8230220,0,38,2020/02/13 16:37:09
5937190063,新保和藥局,彰化縣社頭鄉社頭村員集路２段２２４號,(04)8732330,2,129,2020/02/13 16:37:09
5937190107,張藥局,彰化縣社頭鄉社頭村清水岩路３６７號,(04)8734660,0,64,2020/02/13 16:37:09
5937191131,順天藥局二店,彰化縣社頭鄉員集路２段２９７ 號,(04)8726901,0,22,2020/02/13 16:37:09
5937191159,好生藥局,彰化縣社頭鄉社斗路一段２６１號,(04)8739508,0,74,2020/02/13 16:37:09
5937191195,藥典大藥局,彰化縣社頭鄉清水岩路２３９號,(04)8732497,0,76,2020/02/13 16:37:09
5937191211,永信藥局,彰化縣社頭鄉社頭村員集路２段１７２號,(04)8732582,0,100,2020/02/13 16:37:09
5937191248,佳和藥局,彰化縣社頭鄉社頭村員集路２段３３３號,(04)8731331,68,70,2020/02/13 16:37:09
5937191275,社頭榮生藥局,彰化縣社頭鄉清水岩路２５３號,(04)8732172,2,82,2020/02/13 16:37:09
5937191284,社頭福倫健保藥局,彰化縣社頭鄉員集路二段１０９號,(04)8723318,84,128,2020/02/13 16:37:09
5937200037,安濟藥局,彰化縣二水鄉聖化村員集路三段６４０號,(04)8792593,104,134,2020/02/13 16:37:09
5937201061,長春藥局,彰化縣二水鄉文化村光文路１０３號,(04)8795289,12,42,2020/02/13 16:37:09
5937201085,豐源藥局,彰化縣二水鄉光化村光化２巷１２號１樓,(04)8796832,282,220,2020/02/13 16:37:09
5937201105,安利藥局,彰化縣二水鄉光化村員集路４段３號,(04)8794933,18,210,2020/02/13 16:37:09
5937210015,和成藥局,彰化縣田尾鄉中正路三段２５３號,(04)8227360,0,133,2020/02/13 16:37:09
5937211094,田尾藥局,彰化縣田尾鄉饒平村光復路２段６６９號,(04)8836725,61,102,2020/02/13 16:37:09
5937211101,溪畔藥局,彰化縣田尾鄉溪畔村中山路２段３９７號,(04)8239016,0,158,2020/02/13 16:37:09
5937211110,禾欣藥局,彰化縣田尾鄉中山路一段５３９號,(04)8830800,62,102,2020/02/13 16:37:09
5937220057,埤頭藥局,彰化縣埤頭鄉合興村斗苑西路２６１號,(04)8922162,0,4,2020/02/13 16:37:09
5937221198,祐幼藥局,彰化縣埤頭鄉合興村彰水路3段496號,(04)8911910,92,136,2020/02/13 16:37:09
5937221223,埤頭貓頭鷹藥局,彰化縣埤頭鄉斗苑西路２３０號１樓,(04)8921011,1,47,2020/02/13 16:37:09
5937221232,堃泰中西藥局,彰化縣埤頭鄉斗苑西路２６７號,(04)8928798,0,110,2020/02/13 16:37:09
5937230035,路上中華藥局,彰化縣芳苑鄉路平村上林路３８８號,(04)8983831,0,146,2020/02/13 16:37:09
5937230053,彰芳藥局,彰化縣芳苑鄉和平村芳漢路王功段３９１號,(04)8932321,0,104,2020/02/13 16:37:09
5937231112,杏元藥局,彰化縣芳苑鄉民生村建成路４８巷８號,(04)8931095,94,186,2020/02/13 16:37:09
5937231149,新鎮安藥局,彰化縣芳苑鄉仁愛村斗苑路芳苑段１８４號１樓,(04)8986537,0,118,2020/02/13 16:37:09
5937231167,芳苑藥局,彰化縣芳苑鄉芳苑村斗苑路芳苑段１９４巷１７號,(04)8986538,130,179,2020/02/13 16:37:09
5937241038,宜禎藥局,彰化縣大城鄉東城村東平路１７０號,(04)8947246,2,198,2020/02/13 16:37:09
5937241065,順順藥局,彰化縣大城鄉東城村東平路６３－１號,(04)8946379,0,78,2020/02/13 16:37:09
5937251105,宏吉藥局,彰化縣竹塘鄉竹塘村仁愛街５０號,(04)8976709,0,142,2020/02/13 16:37:09
5937251123,上明藥局,彰化縣竹塘鄉竹塘村竹塘街６６號,(04)8970600,0,168,2020/02/13 16:37:09
5937251150,竹塘健保藥局,彰化縣竹塘鄉竹塘村文化街５０號,(04)8976180,6,104,2020/02/13 16:37:09
5937251169,竹塘張藥局,彰化縣竹塘鄉中興街５６號,(04)8972216,48,142,2020/02/13 16:37:09
5937260033,呂藥局,彰化縣溪州鄉溪州里中興路１號,(04)8895552,12,96,2020/02/13 16:37:09
5937261147,益興藥局,彰化縣溪州鄉大庄村中山巷２７號,(04)8802581,62,178,2020/02/13 16:37:09
5937261165,中榮堂中西藥局,彰化縣溪州鄉中山路３段３６７號,(04)8895636,0,148,2020/02/13 16:37:09
5937261227,成記大藥局,彰化縣溪州鄉中山路三段３００號,(04)8891788,12,86,2020/02/13 16:37:09
5938010108,宏嘉藥局,南投縣南投市崇文里彰南路一段１１１４號,(049)2228073,0,57,2020/02/13 16:37:09
5938010153,聖恩藥局,南投縣南投市營北里中正路２３６號１樓,(049)2316366,2,2,2020/02/13 16:37:09
5938010242,惠光藥局,南投縣南投巿復興路２１２號,(049)2222633,0,140,2020/02/13 16:37:09
5938010386,南投藥局,南投縣南投市南投村民族路２８６號,(049)2222607,10,100,2020/02/13 16:37:09
5938010420,弘昌藥局,南投縣南投市三興里南崗一路８５號,(049)2228902,62,90,2020/02/13 16:37:09
5938010546,福倫藥局,南投縣南投市南陽路３４５號,(049)2202918,0,8,2020/02/13 16:37:09
5938011730,明安大藥局,南投縣南投市復興路４８７、４８９號,(049)2248922,13,2,2020/02/13 16:37:09
5938011785,健美藥局,南投縣南投市民權街９８號,(049)2207785,0,106,2020/02/13 16:37:09
5938011810,南投丁丁藥局,南投縣南投市南投里３鄰民族路２５４號,(049)2245977,6,18,2020/02/13 16:37:09
5938011829,和康藥局,南投縣南投市復興路７５－１號,(049)2227008,0,16,2020/02/13 16:37:09
5938011838,愛馨藥局,南投縣南投市中山街１４巷１５號,(049)2206006,0,38,2020/02/13 16:37:09
5938011856,南陽健寶藥局,南投縣南投市南陽路４７７號１樓,(049)2243052,0,92,2020/02/13 16:37:09
5938020079,仁和藥局,南投縣埔里鎮薰化里中山路三段９７號,(049)2985470,54,170,2020/02/13 16:37:09
5938020088,佳民藥局,南投縣埔里鎮薰化里南昌街２８７號,(049)2987151,36,181,2020/02/13 16:37:09
5938020104,新仁壽藥局,南投縣埔里鎮南門里南榮路１３號１樓,(049)2983210,158,186,2020/02/13 16:37:09
5938020159,吉生藥局,南投縣埔里鎮南門里南昌街１４５號,(049)2982966,34,78,2020/02/13 16:37:09
5938020257,德林藥局,南投縣埔里鎮大城路２０６號,(049)2915293,0,70,2020/02/13 16:37:09
5938021432,東風中西藥局,南投縣埔里鎮南昌街３０９號,(049)2903112,37,186,2020/02/13 16:37:09
5938021521,大家好藥局,南投縣埔里鎮中山路２段２６２－１號,(049)2995876,0,36,2020/02/13 16:37:09
5938021638,大善藥局,南投縣埔里鎮東峰路１９之１號,(049)2930395,586,350,2020/02/13 16:37:09
5938021683,埔里啄木鳥藥局,南投縣埔里鎮中山路三段４６７號,(049)2914510,0,22,2020/02/13 16:37:09
5938021745,欣欣藥局,南投縣埔里鎮中正路３８５號,(049)2421931,1,0,2020/02/13 16:37:09
5938021772,集成藥局,南投縣埔里鎮南興街２７０號,(049)2992837,0,78,2020/02/13 16:37:09
5938021781,幸福藥局,南投縣埔里鎮中正路５４８號,(049)2999800,6,6,2020/02/13 16:37:09
5938021790,健豐藥局,南投縣埔里鎮和四街３號,(049)2423221,200,50,2020/02/13 16:37:09
5938021852,高品藥局,南投縣埔里鎮南昌街２００號,(049)2421616,0,124,2020/02/13 16:37:09
5938021914,好安心藥局,南投縣埔里鎮中山路二段３２７號,(049)2990377,8,74,2020/02/13 16:37:09
5938021932,喜樂藥局,南投縣埔里鎮和平東路４１５號,(049)2999992,0,138,2020/02/13 16:37:09
5938021941,光田藥局,南投縣埔里鎮南門里南榮路１２號,(049)2982830,0,40,2020/02/13 16:37:09
5938021969,宜康健保藥局,南投縣埔里鎮南昌街２６１號,(049)2904170,0,144,2020/02/13 16:37:09
5938022000,禾安康藥局,南投縣埔里鎮南昌街２１９號１樓,(049)2900219,322,254,2020/02/13 16:37:09
5938022019,安欣藥局,南投縣埔里鎮中山路三段９８號,(04)2906620,224,220,2020/02/13 16:37:09
5938022046,品安藥局,南投縣埔里鎮中正路５６３號,(049)2990050,124,212,2020/02/13 16:37:09
5938022064,大樹埔里藥局,南投縣埔里鎮中正路４３８號,(049)2980805,0,116,2020/02/13 16:37:09
5938022117,埔里福倫健保藥局,南投縣埔里鎮中山路二段３６７號,(049)2999118,0,118,2020/02/13 16:37:09
5938022126,埔里能安藥局,南投縣埔里鎮西安路一段６６號,(049)2986578,26,184,2020/02/13 16:37:09
5938022135,草新健保藥局,南投縣埔里鎮中山路二段３９０號,(049)2901689,4,98,2020/02/13 16:37:09
5938022153,誠光藥局,南投縣埔里鎮中正路５９９號,(049)2987721,2,88,2020/02/13 16:37:09
5938030057,萬壽堂藥局,南投縣草屯鎮中山街２１１號,(049)2333570,0,28,2020/02/13 16:37:09
5938030075,新慈仁藥局,南投縣草屯鎮山腳里虎山路１３０號,(049)2335426,4,74,2020/02/13 16:37:09
5938030084,國聖藥局,南投縣草屯鎮芬草路１段３５號,(049)2305685,2,54,2020/02/13 16:37:09
5938030100,環球大藥局,南投縣草屯鎮中正路７５３號,(049)2356485,28,6,2020/02/13 16:37:09
5938030191,建林藥局,南投縣草屯鎮復興路７３４號,(049)2336449,0,78,2020/02/13 16:37:09
5938030235,久長安藥局,南投縣草屯鎮碧山路９８號,(049)2333256,2,92,2020/02/13 16:37:09
5938030280,易生藥局,南投縣草屯鎮明正里芬草路一段１５３號,(049)2323350,0,40,2020/02/13 16:37:09
5938030379,豐安藥局,南投縣草屯鎮中正路１２１９號,(049)2334412,0,56,2020/02/13 16:37:09
5938030735,草屯福倫藥局,南投縣草屯鎮中山街１４２號,(049) 2314218,0,8,2020/02/13 16:37:09
5938032140,東洋藥局,南投縣草屯鎮中正路７９３號,(049)2336096,24,118,2020/02/13 16:37:09
5938032220,新豐藥局,南投縣草屯鎮中正路１２３２號,(049)2565127,0,134,2020/02/13 16:37:09
5938032300,康好藥局,南投縣草屯鎮太平路一段２２５號,(049)2358838,0,28,2020/02/13 16:37:09
5938032328,長頸鹿藥局,南投縣草屯鎮虎山路７８２號,(049)2318125,14,42,2020/02/13 16:37:09
5938032355,炎峰藥局,南投縣草屯鎮虎山路７３２號,(049)2380840,46,70,2020/02/13 16:37:09
5938032373,和平藥局,南投縣草屯鎮和平街２９號,(049)2310085,120,88,2020/02/13 16:37:09
5938032391,祥暘藥局,南投縣草屯鎮中正路８２２、８２４號,(049)2323283,0,20,2020/02/13 16:37:09
5938032408,草屯丁丁藥局,南投縣草屯鎮太平路二段１７９號,(049)2330058,0,11,2020/02/13 16:37:09
5938032417,虎山藥局,南投縣草屯鎮虎山路４８９－１號,(049)2371389,2,68,2020/02/13 16:37:09
5938032453,福安藥局,南投縣草屯鎮碧山路９３號,(049)2333349,2,28,2020/02/13 16:37:09
5938032462,百康藥局,南投縣草屯鎮新豐路７２８巷３４號,(049)2362033,0,80,2020/02/13 16:37:09
5938040044,仁山藥局,南投縣竹山鎮昭德街２３號,(049)2657720,130,157,2020/02/13 16:37:09
5938040151,快安藥局,南投縣竹山鎮延平里集山路三段１３號,(049)2643048,98,166,2020/02/13 16:37:09
5938040160,天佑藥局,南投縣竹山鎮竹圍里前山路一段５８號,(049)2647515,58,166,2020/02/13 16:37:09
5938040179,慈仁藥局,南投縣竹山鎮集山路三段942號,(049)2643924,2,116,2020/02/13 16:37:09
5938040277,潘藥局,南投縣竹山鎮竹山里下橫街２６–１１號,(049)2645613,0,98,2020/02/13 16:37:09
5938040286,皇英藥局,南投縣竹山鎮林圯街２７－１號,(049)2654006,84,185,2020/02/13 16:37:09
5938040295,氏林藥局,南投縣竹山鎮中山里雲林路７３號,(049)2645829,108,178,2020/02/13 16:37:09
5938040348,銘彥童藥局,南投縣竹山鎮竹山里集山路三段８２７號,(049)2642045,635,253,2020/02/13 16:37:09
5938040366,竹山藥局,南投縣竹山鎮中山里竹山路１５０之２號,(049)2644930,266,226,2020/02/13 16:37:09
5938040419,林惠生藥局,南投縣竹山鎮下橫街２６之２號,(049)2652216,432,306,2020/02/13 16:37:09
5938040437,宏明堂藥局,南投縣竹山鎮竹山里橫街８８號,(049)2642202,74,210,2020/02/13 16:37:09
5938041569,竹山福倫藥局,南投縣竹山鎮竹山里集山路三段858號,(049)2658518,275,202,2020/02/13 16:37:09
5938041667,竹山啄木鳥藥局,南投縣竹山鎮集山路三段１０１１號,(049)2655345,80,150,2020/02/13 16:37:09
5938041685,宗穎藥局,南投縣竹山鎮集山路３段５８７號,(049)2635379,0,98,2020/02/13 16:37:09
5938041694,仁惠藥局,南投縣竹山鎮集山路二段９９號,(049)2622158,41,129,2020/02/13 16:37:09
5938041729,早安藥局,南投縣竹山鎮雲林路４１號,(049)2651032,10,144,2020/02/13 16:37:09
5938041756,集山啄木鳥藥局,南投縣竹山鎮集山路３段４０５號,(049)2659287,0,98,2020/02/13 16:37:09
5938041809,維淇藥師藥局,南投縣竹山鎮集山路三段８１６－１號,(049)2653689,90,224,2020/02/13 16:37:09
5938041818,明仁藥局,南投縣竹山鎮集山路三段９４８－２號,(049)2659650,606,224,2020/02/13 16:37:09
5938041827,華誠藥局,南投縣竹山鎮下橫街７５－８號,(049)2633500,28,246,2020/02/13 16:37:09
5938041845,博愛藥局,南投縣竹山鎮雲林路３５號,(049)2642748,508,298,2020/02/13 16:37:09
5938041854,耀聖藥局,南投縣竹山鎮集山路３段８１６－５號,(049)2652267,222,181,2020/02/13 16:37:09
5938041863,大明藥局,南投縣竹山鎮大明路４８２號,(049)2652500,396,246,2020/02/13 16:37:09
5938050120,家禾藥局,南投縣集集鎮民生路２３７號,(049)2760565,0,84,2020/02/13 16:37:09
5938050139,省安藥局,南投縣集集鎮民生路３１號,(049)2763442,2,158,2020/02/13 16:37:09
5938060180,召安藥局,南投縣名間鄉彰南路３０之１號,(049)2737976,48,186,2020/02/13 16:37:09
5938060224,淵源藥局,南投縣名間鄉中正村南雅街１３１巷３５號,(049)2732597,18,87,2020/02/13 16:37:09
5938061249,献奇藥局,南投縣名間鄉南雅村１０２號,(049)2732678,0,122,2020/02/13 16:37:09
5938061258,惠松藥局,南投縣名間鄉名松路二段２３４之１號,(049)2581647,0,44,2020/02/13 16:37:09
5938061267,豐源藥局,南投縣名間鄉員集路８９號,(049)2736201,14,160,2020/02/13 16:37:09
5938061285,人德藥局,南投縣名間鄉南雅村員集路１３６號,(049)2739317,0,88,2020/02/13 16:37:09
5938061301,宏春健康生活藥局,南投縣名間鄉彰南路３９５號１樓,(049)2228041,0,6,2020/02/13 16:37:09
5938080048,中寮健保藥局,南投縣中寮鄉永安街１３６號,(049)2691940,0,68,2020/02/13 16:37:09
5938090026,源和藥局,南投縣魚池鄉魚池村魚池街２７８號,(049)2897666,0,144,2020/02/13 16:37:09
5938091149,得康藥局,南投縣魚池鄉魚池村魚池街３７３號,(049)2899630,0,134,2020/02/13 16:37:09
5938100018,佑全藥局,南投縣國姓鄉中興路１０３號,(049)2722998,0,104,2020/02/13 16:37:09
5938100063,興安藥局,南投縣國姓鄉石門村國姓路２７８–１號,(049)2721133,130,196,2020/02/13 16:37:09
5938101122,國姓藥局,南投縣國姓鄉石門村中興路７０號,(049)2722007,6,178,2020/02/13 16:37:09
5938101140,山芙蓉藥局,南投縣國姓鄉中興路１４６號,(049)2720351,340,194,2020/02/13 16:37:09
5938110023,杏仁藥局,南投縣水里鄉新城村民權路２３６號,(049)2776008,30,132,2020/02/13 16:37:09
5938110032,人人藥局,南投縣水里鄉中央村中正路７８號,(049)2770166,12,88,2020/02/13 16:37:09
5938110078,立特藥局,南投縣水里鄉中央村中正路６８號,(049)2775837,36,166,2020/02/13 16:37:09
5938111271,柔欣藥局,南投縣水里鄉中山路１段５０８號,(049)2770199,0,92,2020/02/13 16:37:09
5938130016,永康藥局,南投縣仁愛鄉大同村仁和路８４號,(049)2802730,0,104,2020/02/13 16:37:09
5939010059,葉藥局,雲林縣斗六市忠孝里大同路２０８號,(05)5339496,0,124,2020/02/13 16:37:09
5939010068,尚陽中西藥局,雲林縣斗六市鎮西里雲林路二段２５０號,(05)5370248,22,149,2020/02/13 16:37:09
5939010086,信德藥局,雲林縣斗六市仁愛里中華路２４２號,(05)5326325,10,144,2020/02/13 16:37:09
5939010157,明鍚藥局,雲林縣斗六市東里文化路３１８號,(05)5326935,0,141,2020/02/13 16:37:09
5939010200,永聖藥局,雲林縣斗六市鎮北里南京路３９３號１樓,(05)5329858,0,96,2020/02/13 16:37:09
5939010228,重興藥局,雲林縣斗六市榴中里中興路８９號,(05)5573365,0,57,2020/02/13 16:37:09
5939010344,光華藥局,雲林縣斗六市中山路１５號,(05)5322331,190,236,2020/02/13 16:37:09
5939010399,東京大藥局,雲林縣斗六市文化路７９號,(05)5348073,112,196,2020/02/13 16:37:09
5939010504,桂賓藥局,雲林縣斗六市信義里鎮北路３號,(05)5332138,301,156,2020/02/13 16:37:09
5939011734,怡康健保藥局,雲林縣斗六市西平路４２－１號,(05)5334585,18,144,2020/02/13 16:37:09
5939011789,宏安藥局,雲林縣斗六市大同路９３巷３號,(05)5322468,266,96,2020/02/13 16:37:09
5939011832,汶藥局,雲林縣斗六市大同路１０３號２樓,(05)5344728,0,68,2020/02/13 16:37:09
5939011850,明真西藥局,雲林縣斗六市自由路１號,(05)5321605,0,203,2020/02/13 16:37:09
5939011878,雲萱藥局,雲林縣斗六市雲林路二段３３３之１號,(05)5371688,104,236,2020/02/13 16:37:09
5939012026,明佑藥局,雲林縣斗六市太平路２１９號２樓,(05)5331263,204,240,2020/02/13 16:37:09
5939012062,榮譽藥局,雲林縣斗六市永安路５３號,(05)5343503,0,134,2020/02/13 16:37:09
5939012133,鎮東藥局,雲林縣斗六市中華路４６０號,(05)5332449,26,146,2020/02/13 16:37:09
5939012160,保加德藥局,雲林縣斗六市雲林路２段２７９號,(05)5347698,116,195,2020/02/13 16:37:09
5939012179,保健藥局,雲林縣斗六市梅林路２８３號,(05)5576037,8,160,2020/02/13 16:37:09
5939012188,上海啄木鳥藥局,雲林縣斗六市上海路２３４號,(05)5374296,200,94,2020/02/13 16:37:09
5939012240,究安藥局,雲林縣斗六市雲林路二段２０２號,(05)5375697,232,206,2020/02/13 16:37:09
5939012302,北友藥局,雲林縣斗六市上海路２４２號,(05)5349507,1,109,2020/02/13 16:37:09
5939012320,瑞安藥局,雲林縣斗六市中正路１５號,(05)5373085,18,132,2020/02/13 16:37:09
5939012339,永光藥局,雲林縣斗六市中山路９號,(05)5379939,0,158,2020/02/13 16:37:09
5939012384,眼光藥局,雲林縣斗六市信義里鎮北路２５－１號,(05)5324462,0,130,2020/02/13 16:37:09
5939012400,陽光藥局,雲林縣斗六市永安路６９號,(05)5362097,0,52,2020/02/13 16:37:09
5939012428,德昌藥局,雲林縣斗六市明德路１０１號,(05)5340870,2,134,2020/02/13 16:37:09
5939012455,禾民藥局,雲林縣斗六市民生南路７３號,(05)5342486,0,136,2020/02/13 16:37:09
5939012464,二水鄭家藥局,雲林縣斗六市文化路２３４號,(05)5323788,119,142,2020/02/13 16:37:09
5939012473,家康藥局,雲林縣斗六市西平路１８３號,(05)5362871,112,116,2020/02/13 16:37:09
5939012508,聖康藥局,雲林縣斗六市中正路１１１號,(05)5332609,1,65,2020/02/13 16:37:09
5939012526,世明中西藥局,雲林縣斗六市文化路３２４－１號,(05)5333109,62,180,2020/02/13 16:37:09
5939012535,元大藥局,雲林縣斗六市民生南路４２號,(05)5329179,46,104,2020/02/13 16:37:09
5939012571,上好藥局,雲林縣斗六市永安路７２號,(05)5331780,0,61,2020/02/13 16:37:09
5939012580,林博彥藥師藥局,雲林縣斗六市莊敬路６５號,(05)5361258,0,104,2020/02/13 16:37:09
5939012599,斗六藥局,雲林縣斗六市雲林路二段１１３號,(05)5372300,136,235,2020/02/13 16:37:09
5939012606,永兆藥局,雲林縣斗六市北平路１６６號,(05)5378257,4,64,2020/02/13 16:37:09
5939020082,惠生大藥局,雲林縣斗南鎮中天里文元街５０號,(05)5972478,66,160,2020/02/13 16:37:09
5939020091,全安藥局,雲林縣斗南鎮中天里中正路１２３號,(05)5965255,110,277,2020/02/13 16:37:09
5939020171,仁安堂藥局,雲林縣斗南鎮南昌里文元街４３號,(05)5972134,8,72,2020/02/13 16:37:09
5939020224,菩提大藥局,雲林縣斗南鎮延平路二段４１２號,(05)5951539,14,92,2020/02/13 16:37:09
5939021294,玲津藥局,雲林縣斗南鎮中山路１７–２號,(05)5972889,50,267,2020/02/13 16:37:09
5939021392,南安藥局,雲林縣斗南鎮南昌路１３７號１樓,(05)5952777,208,159,2020/02/13 16:37:09
5939021409,佑仁藥局,雲林縣斗南鎮新興街１６０號,(05)5963853,0,239,2020/02/13 16:37:09
5939021445,杏元藥局,雲林縣斗南鎮東仁里１３鄰中山路６號,(05)5963998,62,185,2020/02/13 16:37:09
5939021454,中和藥局,雲林縣斗南鎮石龜里中和路５０號１樓,(05)5979626,2,238,2020/02/13 16:37:09
5939021463,安瑞藥局,雲林縣斗南鎮新興街９４號,(05)5972099,362,247,2020/02/13 16:37:09
5939021481,群安藥局,雲林縣斗南鎮南昌路１５１號２樓,(05)5973100,254,135,2020/02/13 16:37:09
5939021490,庚辛藥局,雲林縣斗南鎮中正路１３９－１號,(05)5953776,260,206,2020/02/13 16:37:09
5939021534,感恩藥局,雲林縣斗南鎮民權路２０號,(05)5955216,0,214,2020/02/13 16:37:09
5939021543,惠宏藥局,雲林縣斗南鎮延平路２段２６４號,(05)5953727,140,128,2020/02/13 16:37:09
5939021552,民安藥局,雲林縣斗南鎮中山路８９號,(05)5972076,0,104,2020/02/13 16:37:09
5939021561,聖安藥局,雲林縣斗南鎮南昌里南昌路１３０號,(05)5954652,0,190,2020/02/13 16:37:09
5939021570,他里霧藥局,雲林縣斗南鎮民權路１９號,(05)5950560,2,186,2020/02/13 16:37:09
5939021589,信望愛藥局,雲林縣斗南鎮同安街３號,(05)5974549,100,206,2020/02/13 16:37:09
5939030177,上方藥局,雲林縣虎尾鎮中山里中正路１７７號,(05)6332828,0,126,2020/02/13 16:37:09
5939030211,晉泰藥局,雲林縣虎尾鎮新興里中正路１８號,(05)6327777,410,260,2020/02/13 16:37:09
5939030220,寶全藥局,雲林縣虎尾鎮中山里新興路８５號,(05)6322169,47,164,2020/02/13 16:37:09
5939030284,張維修藥局,雲林縣虎尾鎮林森路一段３６６號,(05)6326456,6,0,2020/02/13 16:37:09
5939030300,黎明藥師藥局,雲林縣虎尾鎮民權路九號,(05)6310921,239,156,2020/02/13 16:37:09
5939030355,祥惠藥局,雲林縣虎尾鎮惠來里惠來８１之５號,(05)6224308,6,162,2020/02/13 16:37:09
5939030364,勝泰中西藥局,雲林縣虎尾鎮林森路一段４２７號,(05)6329479,8,155,2020/02/13 16:37:09
5939031549,新生藥局,雲林縣虎尾鎮林森路一段２６６–１號,(05)6338588,268,128,2020/02/13 16:37:09
5939031558,正安藥局,雲林縣虎尾鎮仁愛路４２號,(05)6322058,558,294,2020/02/13 16:37:09
5939031576,良方藥局,雲林縣虎尾鎮中山路５７號,(05)6312106,232,176,2020/02/13 16:37:09
5939031585,利芳藥局,雲林縣虎尾鎮光復路３１０號,(05)6311016,308,262,2020/02/13 16:37:09
5939031674,幼安藥局,雲林縣虎尾鎮立仁街５７號,(05)6321280,176,148,2020/02/13 16:37:09
5939031683,大安藥局,雲林縣虎尾鎮中山路１２２號,(05)6331547,530,262,2020/02/13 16:37:09
5939031718,安立藥局,雲林縣虎尾鎮新興里中正路２９號,(05)6325490,473,230,2020/02/13 16:37:09
5939031745,新明藥局,雲林縣虎尾鎮林森路二段４２９號,(05)6335193,388,260,2020/02/13 16:37:09
5939031763,皇安藥局,雲林縣虎尾鎮光復路３５２號,(05)6333291,0,160,2020/02/13 16:37:09
5939031825,宏恩藥局,雲林縣虎尾鎮林森路一段３３５號,(05)6314781,250,176,2020/02/13 16:37:09
5939031996,端發藥局,雲林縣虎尾鎮林森路一段３２９號,(05)6314168,58,136,2020/02/13 16:37:09
5939032000,安安安藥局,雲林縣虎尾鎮林森路二段４２８─１號,(05)6311989,572,198,2020/02/13 16:37:09
5939032028,上安藥局,雲林縣虎尾鎮西屯里大屯２８５－１號,(05)6657158,0,190,2020/02/13 16:37:09
5939032055,大川藥局,雲林縣虎尾鎮民族路８號,(05)6339178,312,186,2020/02/13 16:37:09
5939032135,東仁藥局,雲林縣虎尾鎮東明路１８６號,(05)6361020,554,194,2020/02/13 16:37:09
5939032144,新生松藥局,雲林縣虎尾鎮民生路３７－５號,(05)6326562,338,204,2020/02/13 16:37:09
5939032162,聯宏藥局,雲林縣虎尾鎮光復路４６８號,(05)6326188,0,52,2020/02/13 16:37:09
5939032180,康是美虎尾藥局,雲林縣虎尾鎮西安里中正路２５８˙２５８─１號,(05)6328411,196,238,2020/02/13 16:37:09
5939032224,文心藥局,雲林縣虎尾鎮信義路６號,(05)6362365,90,158,2020/02/13 16:37:09
5939032233,優良藥局,雲林縣虎尾鎮仁愛路６５號,(05)6314362,282,214,2020/02/13 16:37:09
5939032304,華盛頓虎尾藥局,雲林縣虎尾鎮光復路３０２號,(05)6362177,338,188,2020/02/13 16:37:09
5939032386,平安藥局,雲林縣虎尾鎮信義路５號,(05)6326900,446,193,2020/02/13 16:37:09
5939032402,幼恩藥局,雲林縣虎尾鎮林森路一段４５３號,(05)6365821,418,108,2020/02/13 16:37:09
5939032420,虎尾台丞藥局,雲林縣虎尾鎮林森路一段３４６號,(05)6325698,402,232,2020/02/13 16:37:09
5939032484,聖霖藥局,雲林縣虎尾鎮公安路１７８－１９號,(05)6329334,154,218,2020/02/13 16:37:09
5939032528,慶安藥局,雲林縣虎尾鎮公安路１１５－１號,(05)6328029,546,266,2020/02/13 16:37:09
5939032546,惠眾藥局,雲林縣虎尾鎮林森路二段１６９號,(05)6363350,34,88,2020/02/13 16:37:09
5939032555,福瑞藥局,雲林縣虎尾鎮仁愛路９０號,(05)6365190,194,161,2020/02/13 16:37:09
5939032564,林森瑞安藥局,雲林縣虎尾鎮林森路二段８９號,(05)6328034,58,113,2020/02/13 16:37:09
5939032573,林森啄木鳥藥局,雲林縣虎尾鎮明正東路８號,(05)6320417,0,37,2020/02/13 16:37:09
5939032608,兒侒藥局,雲林縣虎尾鎮弘道路５１號,(05)6311246,142,16,2020/02/13 16:37:09
5939032617,永德健保藥局,雲林縣虎尾鎮德興路８３號,(05)6322802,0,148,2020/02/13 16:37:09
5939032626,林藥師藥局,雲林縣虎尾鎮中正路２０７號,(05)6334135,200,50,2020/02/13 16:37:09
5939040164,一元藥局,雲林縣西螺鎮福興路１７５號,(05)5879987,6,190,2020/02/13 16:37:09
5939040253,福安藥局,雲林縣西螺鎮福田里社口路８３號,(05)5871281,208,235,2020/02/13 16:37:09
5939041410,禾安藥局,雲林縣西螺鎮中山路７５號,(05)5868789,529,244,2020/02/13 16:37:09
5939041465,仁祥藥局,雲林縣西螺鎮中和里中山路４６號,(05)5882111,0,236,2020/02/13 16:37:09
5939041483,建興藥局,雲林縣西螺鎮正興村建興路２０２號,(05)5868267,136,177,2020/02/13 16:37:09
5939041590,長春藥局,雲林縣西螺鎮建興路１５０號,(05)5876222,46,250,2020/02/13 16:37:09
5939041705,祐祐藥局,雲林縣西螺鎮光復西路３６２號,(05)5878758,74,104,2020/02/13 16:37:09
5939041732,一生藥局,雲林縣西螺鎮延平路２３４號,(05)5862222,7,73,2020/02/13 16:37:09
5939041750,上祐藥局,雲林縣西螺鎮西興南路３４２號,(05)5883753,136,210,2020/02/13 16:37:09
5939041769,恩典藥局,雲林縣西螺鎮光復西路１４號１樓,(05)5880833,155,136,2020/02/13 16:37:09
5939041778,瑞大藥局,雲林縣西螺鎮平和路７７－１號,(05)5873287,6,54,2020/02/13 16:37:09
5939041812,林森育安藥局,雲林縣西螺鎮中正路１６０號,(05)5879951,12,70,2020/02/13 16:37:09
5939041830,第一藥局,雲林縣西螺鎮中山路２１７、２１７－１號１樓,(05)5875323,118,113,2020/02/13 16:37:09
5939041849,西螺藥局,雲林縣西螺鎮光復西路１２３、１２５號,(05)5872112,127,206,2020/02/13 16:37:09
5939041858,佑全西螺建興藥局,雲林縣西螺鎮建興路２４９號,(05)5883161,152,134,2020/02/13 16:37:09
5939041876,呈恩藥局,雲林縣西螺鎮吳厝里１鄰吳厝２－３號,(05)5882559,310,174,2020/02/13 16:37:09
5939041894,可安藥局,雲林縣西螺鎮吳厝里吳厝２７－１１號,(05)5880971,88,146,2020/02/13 16:37:09
5939050044,健康藥局,雲林縣土庫鎮順天里中正路１１號,(05)6622889,2,34,2020/02/13 16:37:09
5939050071,義泰藥局,雲林縣土庫鎮宮北里中正路２０２號,(05)6624778,0,152,2020/02/13 16:37:09
5939050124,常春藤藥局,雲林縣土庫鎮忠正里中山路２４６號,(05)6627371,50,196,2020/02/13 16:37:09
5939051176,大方藥局,雲林縣土庫鎮中正路１０６號,(05)6629199,22,169,2020/02/13 16:37:09
5939051185,土庫台丞藥局,雲林縣土庫鎮中正路１１２號,(05)6626677,228,196,2020/02/13 16:37:09
5939051194,友杏健康健保藥局,雲林縣土庫鎮北平里民權路１４號,(05)6651758,0,170,2020/02/13 16:37:09
5939051229,祥安藥局,雲林縣土庫鎮東平里馬光路３８－１號,(05)6656610,152,268,2020/02/13 16:37:09
5939051238,天愛藥局,雲林縣土庫鎮中山路８０號,(05)6629923,0,90,2020/02/13 16:37:09
5939051247,祐安藥局,雲林縣土庫鎮馬光路３９－１號,(05)6655938,54,66,2020/02/13 16:37:09
5939060111,慶輝藥局,雲林縣北港鎮華勝里大同路２３２號,(05)7835078,228,256,2020/02/13 16:37:09
5939060184,慧民藥局,雲林縣北港鎮仁安里文化路７１號,(05)7821764,212,199,2020/02/13 16:37:09
5939060255,家庭藥局,雲林縣北港鎮文化路１０１號,(05)7826739,360,238,2020/02/13 16:37:09
5939060317,益安大藥局,雲林縣北港鎮華勝里公園路１８之２號,(05)7730779,138,166,2020/02/13 16:37:09
5939060371,宏仁藥局,雲林縣北港鎮大同路３３２號,(05)7839890,0,244,2020/02/13 16:37:09
5939061412,久久藥局,雲林縣北港鎮華勝里公園路４１號,(05)7835949,282,287,2020/02/13 16:37:09
5939061494,聯勝藥局,雲林縣北港鎮文昌路１０６號,(05)7833220,54,196,2020/02/13 16:37:09
5939061501,南方藥局,雲林縣北港鎮共榮里博愛路１１９號,(05)7832178,0,254,2020/02/13 16:37:09
5939061583,大元藥局,雲林縣北港鎮民樂路７２號,(05)7833636,0,182,2020/02/13 16:37:09
5939061618,鉉通中西藥局,雲林縣北港鎮文仁路４４８號,(05)7825959,338,218,2020/02/13 16:37:09
5939061743,貝比藥局,雲林縣北港鎮民享路３３－２號,(05)7824626,88,121,2020/02/13 16:37:09
5939061789,樂芯藥局,雲林縣北港鎮文化路１６６號,(05)7820005,0,146,2020/02/13 16:37:09
5939061805,宜康藥局,雲林縣北港鎮公園路１５９號,(05)7820685,0,152,2020/02/13 16:37:09
5939061814,安麗兒藥局北港店,雲林縣北港鎮大同路１０２號,(05)7820169,0,13,2020/02/13 16:37:09
5939061850,北港家源藥局,雲林縣北港鎮大同路３０３號,(05)7832104,168,234,2020/02/13 16:37:09
5939061869,德豐藥局,雲林縣北港鎮公園路１２號,(05)7835338,302,228,2020/02/13 16:37:09
5939061887,大樹北港藥局,雲林縣北港鎮華勝路９９號,(05)7830783,167,154,2020/02/13 16:37:09
5939061903,大同瑞安藥局,雲林縣北港鎮大同路２１５號,(05)7831720,38,70,2020/02/13 16:37:09
5939061921,北港啄木鳥藥局,雲林縣北港鎮華勝路２５０號,(05)7822795,30,30,2020/02/13 16:37:09
5939070135,鴻銘藥局,雲林縣古坑鄉西平村中山路３７７號,(05)5821267,414,246,2020/02/13 16:37:09
5939070162,廣醫藥局,雲林縣古坑鄉西平村中山路２１９號,(05)5829703,12,171,2020/02/13 16:37:09
5939071196,華慶藥局,雲林縣古坑鄉中山路７９號,(05)5825488,154,276,2020/02/13 16:37:09
5939071203,朝陽藥局,雲林縣古坑鄉中山路２３８號,(05)5828873,1,222,2020/02/13 16:37:09
5939071276,慈生藥局,雲林縣古坑鄉麻園村平和２２號,(05)5828222,838,394,2020/02/13 16:37:09
5939071285,振明藥局,雲林縣古坑鄉中山路１７０號,(05)5821229,308,262,2020/02/13 16:37:09
5939071294,元林中西藥局,雲林縣古坑鄉西平村西平路９－２號１樓,(05)5828229,0,129,2020/02/13 16:37:09
5939071310,禾安藥局,雲林縣古坑鄉中正路９６號,(05)5828318,208,166,2020/02/13 16:37:09
5939080015,茂恩藥局,雲林縣大埤鄉南和村中正路５２之２號,(05)5913677,14,124,2020/02/13 16:37:09
5939081094,尚成藥局,雲林縣大埤鄉中山路７６號,(05)5910088,0,92,2020/02/13 16:37:09
5939090146,明泰藥局,雲林縣莿桐鄉莿桐村中山路１０６號,(05)5842824,26,120,2020/02/13 16:37:09
5939091170,西河藥局,雲林縣莿桐鄉饒平村饒平路１０２號,(05)5842950,6,202,2020/02/13 16:37:09
5939091269,禾季藥局,雲林縣莿桐鄉興貴村興北１０之１４號,(05)5713685,0,78,2020/02/13 16:37:09
5939091278,大美社區藥局,雲林縣莿桐鄉大美村２３－１號,(05)5848579,0,152,2020/02/13 16:37:09
5939091287,順安藥局,雲林縣莿桐鄉饒平村饒平南路２６號,(05)5842329,160,158,2020/02/13 16:37:09
5939091296,安安藥局,雲林縣莿桐鄉西安路３－２號,(05)5841328,16,190,2020/02/13 16:37:09
5939091303,莿桐台丞藥局,雲林縣莿桐鄉中正路１６６號,(05)5840808,48,180,2020/02/13 16:37:09
5939100030,仁愛藥局,雲林縣林內鄉林中村中正路１８４號,(05)5892259,13,84,2020/02/13 16:37:09
5939100058,文生堂藥局,雲林縣林內鄉光復路２２號,(05)5895103,0,128,2020/02/13 16:37:09
5939101108,禾萊藥局,雲林縣林內鄉重興村１４６－８號,(05)5894790,1,137,2020/02/13 16:37:09
5939101126,昇陽大藥局,雲林縣林內鄉中西路１７號,(05)5899896,101,132,2020/02/13 16:37:09
5939110027,清華藥局,雲林縣二崙鄉崙東村中山路一段２８４號,(05)5982438,0,198,2020/02/13 16:37:09
5939111220,台丞藥局,雲林縣二崙鄉中山路１２１號,(05)5985599,0,106,2020/02/13 16:37:09
5939111239,成恩藥局,雲林縣二崙鄉油車村文化路２３６號,(05)5989955,2,128,2020/02/13 16:37:09
5939120032,崇愛藥局,雲林縣崙背鄉信義路８８號,(05)6962769,0,68,2020/02/13 16:37:09
5939120050,韓藥局,雲林縣崙背鄉中山路１６３號,(05)6962462,268,234,2020/02/13 16:37:09
5939120069,慈恩藥局,雲林縣崙背鄉南陽村永昌路６２號,(05)6964122,88,186,2020/02/13 16:37:09
5939120103,三馬藥師藥局,雲林縣崙背鄉南陽村南光路１之２１號,(05)6960120,0,86,2020/02/13 16:37:09
5939121119,聖心藥局,雲林縣崙背鄉南陽村中山路１９３號,(05)6967273,274,239,2020/02/13 16:37:09
5939121137,莊藥局,雲林縣崙背鄉民權路１８０號,(05)6960510,378,238,2020/02/13 16:37:09
5939121164,立洲藥局,雲林縣崙背鄉正義路２９１、２９３號,(05)6969331,16,135,2020/02/13 16:37:09
5939121173,元美藥局,雲林縣崙背鄉港尾村６１－２號,(05)6962496,132,213,2020/02/13 16:37:09
5939121208,詠大藥局,雲林縣崙背鄉南陽村中山路１０９－２號,(05)6967990,62,160,2020/02/13 16:37:09
5939121217,美康藥局,雲林縣崙背鄉西榮村中山路３８０號,(05)6961500,230,260,2020/02/13 16:37:09
5939121253,崙背台丞藥局,雲林縣崙背鄉建國路５６號,(05)6966789,199,188,2020/02/13 16:37:09
5939130010,瀧升藥局,雲林縣麥寮鄉麥豐村中正路１０３號,(05)6933880,0,91,2020/02/13 16:37:09
5939130029,見春藥局,雲林縣麥寮鄉橋頭村仁德路７４號,(05)6912265,18,158,2020/02/13 16:37:09
5939130047,中崙保健藥局,雲林縣麥寮鄉中山路４４０號,(05)6935697,0,58,2020/02/13 16:37:09
5939130109,祐民保健藥局,雲林縣麥寮鄉橋頭村仁德路４９號,(05)6910919,0,196,2020/02/13 16:37:09
5939131151,三芳藥局,雲林縣麥寮鄉橋頭村仁德路１７６號,(05)6911053,46,144,2020/02/13 16:37:09
5939131286,新興藥局,雲林縣麥寮鄉麥豐村新興路３７－１號,(05)6938030,76,138,2020/02/13 16:37:09
5939131384,台安藥局,雲林縣麥寮鄉麥豐村新興路１６號,(05)6933311,0,8,2020/02/13 16:37:09
5939131400,正鴻健保藥局,雲林縣麥寮鄉表福路３５號,(05)6938786,42,218,2020/02/13 16:37:09
5939131419,怡安藥局,雲林縣麥寮鄉中山路１０８─２號,(05)6930634,86,129,2020/02/13 16:37:09
5939131437,立昇藥局,雲林縣麥寮鄉華興路９１號,(05)6933066,200,50,2020/02/13 16:37:09
5939131446,和勇藥局,雲林縣麥寮鄉橋頭村仁德路１１８號,(05)6913861,0,54,2020/02/13 16:37:09
5939131473,立昇藥局,雲林縣麥寮鄉華興路９１號,(05)6933066,7,90,2020/02/13 16:37:09
5939140016,謝藥局,雲林縣東勢鄉東南村東勢東路６９號,(05)6991058,62,160,2020/02/13 16:37:09
5939140034,豐安藥局,雲林縣東勢鄉東北村康安路７６號,(05)6991672,208,255,2020/02/13 16:37:09
5939140061,義和堂中西藥局,雲林縣東勢鄉東南村東勢東路１２號,(05)6991028,367,263,2020/02/13 16:37:09
5939141139,東新藥局,雲林縣東勢鄉東勢西路５５號,(05)6998959,411,219,2020/02/13 16:37:09
5939141219,安康藥局,雲林縣東勢鄉東南村康安路１８號,(05)6993866,504,260,2020/02/13 16:37:09
5939150067,召安大藥局,雲林縣褒忠鄉中勝村中正路４５６之１號,(05)6976066,0,72,2020/02/13 16:37:09
5939151091,立佳藥局,雲林縣褒忠鄉中正路８９號,(05)6977840,200,234,2020/02/13 16:37:09
5939151135,三民藥局,雲林縣褒忠鄉三民路１５號,(05)6975515,262,214,2020/02/13 16:37:09
5939151162,正和藥局,雲林縣褒忠鄉三民路１１６號,(05)6972776,0,80,2020/02/13 16:37:09
5939160018,丁丁藥局,雲林縣台西鄉海口村中山路３４２號,(05)6982070,8,124,2020/02/13 16:37:09
5939161140,木川藥局,雲林縣台西鄉中山路３９３號,(05)6986220,0,172,2020/02/13 16:37:09
5939161168,全家藥局,雲林縣台西鄉民生路２４號,(05)6984607,0,152,2020/02/13 16:37:09
5939170023,永昇藥局,雲林縣元長鄉下寮村東庄路３５號,(05)7861838,116,178,2020/02/13 16:37:09
5939171039,嘉民藥局,雲林縣元長鄉長南村元南路６２號,(05)7880513,120,228,2020/02/13 16:37:09
5939171075,立安藥局,雲林縣元長鄉南興路１１之４號,(05)7981995,278,268,2020/02/13 16:37:09
5939171093,和平藥局,雲林縣元長鄉下寮村東興路３３號,(05)7862551,58,216,2020/02/13 16:37:09
5939171100,維恩健保藥局,雲林縣元長鄉長北村中山路５８號,(05)7882062,12,118,2020/02/13 16:37:09
5939171119,順元藥局,雲林縣元長鄉中山路２５號,(05)7886555,110,184,2020/02/13 16:37:09
5939180010,仁醫堂中西藥局,雲林縣四湖鄉大同路１９號,(05)7723399,336,298,2020/02/13 16:37:09
5939180074,仁安堂藥局,雲林縣四湖鄉中山西路１８５號,(05)7875563,236,234,2020/02/13 16:37:09
5939181124,小林藥局,雲林縣四湖鄉中正路４２９號,(05)7876917,246,156,2020/02/13 16:37:09
5939181133,陽明藥局,雲林縣四湖鄉中正路４２２號,(05)7876519,546,282,2020/02/13 16:37:09
5939181231,大家藥局,雲林縣四湖鄉中正路４３３號,(05)7877435,266,216,2020/02/13 16:37:09
5939181302,應生藥局,雲林縣四湖鄉中正路３７８號,(05)7877235,144,294,2020/02/13 16:37:09
5939181339,威仁藥局,雲林縣四湖鄉中山西路７０號,(05)7875041,146,198,2020/02/13 16:37:09
5939181357,心安藥局,雲林縣四湖鄉中山西路６６－１號,(05)7876098,448,250,2020/02/13 16:37:09
5939181366,好美麗藥局,雲林縣四湖鄉中正路７３－３０號,(05)7874609,425,273,2020/02/13 16:37:09
5939190025,呂藥師藥局,雲林縣口湖鄉梧南村文光路１２號,(05)7907472,300,286,2020/02/13 16:37:09
5939190061,盟生藥局,雲林縣口湖鄉梧南村文光路９５之６號,(05)7907159,70,131,2020/02/13 16:37:09
5939190114,陳永明藥局,雲林縣口湖鄉梧南村光明路５９號,(05)7907468,300,270,2020/02/13 16:37:09
5939191139,寶健藥局,雲林縣口湖鄉梧南村光明路１７２號,(05)7907453,450,246,2020/02/13 16:37:09
5939191175,安泰藥局,雲林縣口湖鄉湖東村文安街３４號,(05)7893589,68,180,2020/02/13 16:37:09
5939191326,順生藥局,雲林縣口湖鄉口湖村口湖路３２４號,(05)7895799,5,132,2020/02/13 16:37:09
5939191371,好厝邊藥局,雲林縣口湖鄉崙東村明仁路３３號,(05)7993072,0,198,2020/02/13 16:37:09
5939191380,亞洲藥局,雲林縣口湖鄉崙東村中山路７８－２號,(05)7991108,110,140,2020/02/13 16:37:09
5939200011,優生藥局,雲林縣水林鄉水林路９９巷２號,(05)7856307,178,230,2020/02/13 16:37:09
5939200053,嘉南藥局,雲林縣水林鄉水北村自強街２號,(05)7853216,93,230,2020/02/13 16:37:09
5939201158,健安藥局,雲林縣水林鄉松北村蔦松路６９之１號,(05)7841025,278,276,2020/02/13 16:37:09
5939201238,正大藥局,雲林縣水林鄉水林路４２號１樓,(05)7852069,0,166,2020/02/13 16:37:09
5939201265,蔦松藥師藥局,雲林縣水林鄉松中村蔦松路１７６號,(05)7840608,428,280,2020/02/13 16:37:09
5939201283,義生藥局,雲林縣水林鄉水林路１９７號,(05)7853701,466,225,2020/02/13 16:37:09
5939201318,玉璽藥局,雲林縣水林鄉水南村水林路１１５號,(05)7856019,276,196,2020/02/13 16:37:09
5939201327,金花藥局,雲林縣水林鄉水北村水林路２２２號,(05)7856112,500,274,2020/02/13 16:37:09
5939201336,全仁藥局,雲林縣水林鄉水林路１３０號,(05)7852721,28,66,2020/02/13 16:37:09
5940010154,石原藥局,嘉義縣朴子市中正里中正路１４９號,(05)3792389,28,128,2020/02/13 16:37:09
5940011286,榮一藥局,嘉義縣朴子市山通路６１號,(05)3792448,0,125,2020/02/13 16:37:09
5940011295,正仁藥局,嘉義縣朴子市竹圍里南通路三段５５９號,(05)3798978,1,165,2020/02/13 16:37:09
5940011302,開元藥局,嘉義縣朴子市開元路１５４號,(05)3700014,18,134,2020/02/13 16:37:09
5940011400,一信藥局,嘉義縣朴子市山通路１３２號,(05)3792323,0,128,2020/02/13 16:37:09
5940011482,杏安藥局,嘉義縣朴子市海通路９８－４號,(05)3702268,0,100,2020/02/13 16:37:09
5940011544,弘安藥局,嘉義縣朴子市新進路３１號,(05)3707000,0,62,2020/02/13 16:37:09
5940011553,承信健保藥局,嘉義縣朴子市新榮路１４８號,(05)3703350,78,152,2020/02/13 16:37:09
5940011606,德家藥局,嘉義縣朴子市文化里１２鄰海通路２１－５號,(05)3709595,16,182,2020/02/13 16:37:09
5940011688,久久藥局,嘉義縣朴子市中興路６５號,(05)3704552,0,84,2020/02/13 16:37:09
5940011704,長安藥局,嘉義縣朴子市嘉朴路西段９１號,(05)3625009,0,35,2020/02/13 16:37:09
5940011777,朴子啄木鳥藥局,嘉義縣朴子市永和里應菜埔２９－３號,(05)3208028,2,10,2020/02/13 16:37:09
5940011786,朴子藥局,嘉義縣朴子市竹圍里海通路４３－８號,(05)3703223,102,149,2020/02/13 16:37:09
5940011820,華信藥局,嘉義縣朴子市朴子市平和里市東路２８號,(05)3705889,24,124,2020/02/13 16:37:09
5940011839,信男藥局,嘉義縣朴子市開元里開元路１７４號,(05)3790099,2,66,2020/02/13 16:37:09
5940011848,鼎元藥局,嘉義縣朴子市竹圍里八德路４５號１樓,(05)3661102,0,134,2020/02/13 16:37:09
5940021086,進發藥局,嘉義縣布袋鎮興中里後寮路７２巷２７號,(05)3470388,0,231,2020/02/13 16:37:09
5940021139,王藥師健保藥局,嘉義縣布袋鎮興中里上海路１６１號,(05)3470703,0,94,2020/02/13 16:37:09
5940021157,康富藥師藥局,嘉義縣布袋鎮博愛二街２２號,(05)3470511,36,122,2020/02/13 16:37:09
5940021166,懷恩藥局,嘉義縣布袋鎮太平東路４６５號,(05)3478211,44,150,2020/02/13 16:37:09
5940030021,一富藥局,嘉義縣大林鎮平林里蘭洲街１２號,(05)2654357,8,117,2020/02/13 16:37:09
5940030058,萬有藥局,嘉義縣大林鎮平林里民權路３６號,(05)2654246,6,20,2020/02/13 16:37:09
5940030156,瑞益藥局,嘉義縣大林鎮東林里瑞德路２號,(05)2641439,0,86,2020/02/13 16:37:09
5940031340,光佑藥局,嘉義縣大林鎮東林里平和街３１之３號,(05)2649239,0,114,2020/02/13 16:37:09
5940031359,家寶藥局,嘉義縣大林鎮平林里中興路２６４號,(05)2649000,0,150,2020/02/13 16:37:09
5940031368,溝背藥局,嘉義縣大林鎮義和里三塊厝７－７號,(05)2955878,4,199,2020/02/13 16:37:09
5940031386,大樹大林藥局,嘉義縣大林鎮祥和路１９２號,(05)2641800,0,138,2020/02/13 16:37:09
5940040045,七星藥局,嘉義縣民雄鄉東榮村中樂路１６號,(05)2261977,0,126,2020/02/13 16:37:09
5940040063,昇平藥局,嘉義縣民雄鄉大崎村十四甲１８－７號,(05)2206835,0,136,2020/02/13 16:37:09
5940040072,三和藥局,嘉義縣民雄鄉中樂村中樂路５３號,(05)2262488,76,134,2020/02/13 16:37:09
5940040081,惠民藥局,嘉義縣民雄鄉福樂村埤角１０２號,(05)2211466,0,18,2020/02/13 16:37:09
5940040170,健安藥局,嘉義縣民雄鄉興南村頭橋４５號,(05)2211797,16,132,2020/02/13 16:37:09
5940040205,神輝中西藥局,嘉義縣民雄鄉東榮村民生路１２號,(05)2263633,316,310,2020/02/13 16:37:09
5940040232,鈞安藥局,嘉義縣民雄鄉山中村１８７之５號,(05)2218622,0,134,2020/02/13 16:37:09
5940040349,正道藥局,嘉義縣民雄鄉中樂村復興路３８號,(05)2268345,174,246,2020/02/13 16:37:09
5940041364,大明藥局,嘉義縣民雄鄉西安路２５號,(05)2060640,34,208,2020/02/13 16:37:09
5940041435,嘉方藥局,嘉義縣民雄鄉中樂村昇平路５８號,(05)2066747,197,188,2020/02/13 16:37:09
5940041480,安生藥局,嘉義縣民雄鄉昇平路１２號,(05)2262053,66,120,2020/02/13 16:37:09
5940041515,福樂藥局,嘉義縣民雄鄉福樂村建國路三段２５６號,(05)2130802,0,154,2020/02/13 16:37:09
5940041524,太和大藥局,嘉義縣民雄鄉民生路３０號,(05)2262632,100,188,2020/02/13 16:37:09
5940041542,愛立安藥局,嘉義縣民雄鄉福興１１１號,(05)2203985,0,144,2020/02/13 16:37:09
5940041551,佳佑藥師藥局,嘉義縣民雄鄉福樂村埤角４０８－１０號,(05)2218806,2,164,2020/02/13 16:37:09
5940041560,永安藥局,嘉義縣民雄鄉民族路４９號,(05)2268517,536,286,2020/02/13 16:37:09
5940041597,民雄弘安藥局,嘉義縣民雄鄉建國路一段４５號,(05)2060200,2,44,2020/02/13 16:37:09
5940041613,信宇藥局,嘉義縣民雄鄉建國路三段１４４－１號,(05)2209859,0,79,2020/02/13 16:37:09
5940041622,大順藥局,嘉義縣民雄鄉福樂村埤角１３９號,(05)2201138,52,94,2020/02/13 16:37:09
5940041668,民雄照安藥局,嘉義縣民雄鄉中樂路２５號１樓,(05)2060368,0,174,2020/02/13 16:37:09
5940041677,大方藥局,嘉義縣民雄鄉中樂村民族路４０－２號,(05)2268560,3,62,2020/02/13 16:37:09
5940041695,春森藥局,嘉義縣民雄鄉建國路一段３１巷９６號之２,(05)2266957,248,272,2020/02/13 16:37:09
5940041702,大祐藥局,嘉義縣民雄鄉西安村２１－１號１樓,(05)2067077,324,250,2020/02/13 16:37:09
5940041711,安心藥局,嘉義縣民雄鄉西安村西安路３６－１號,(05)2063393,438,217,2020/02/13 16:37:09
5940041720,民雄久久藥局,嘉義縣民雄鄉西安村安和路２號之１,(05)2263294,0,50,2020/02/13 16:37:09
5940050023,盛安藥局,嘉義縣溪口鄉溪東村溪民路４號,(05)2692663,0,118,2020/02/13 16:37:09
5940050069,明生藥局,嘉義縣溪口鄉溪東村民生街１５５號,(05)2698027,118,202,2020/02/13 16:37:09
5940051075,濟安藥局,嘉義縣溪口鄉溪東村民生街５４號,(05)2696078,410,282,2020/02/13 16:37:09
5940051100,滋元藥局,嘉義縣溪口鄉中正路１０９之３號,(05)2696287,2,252,2020/02/13 16:37:09
5940051119,宇安藥局,嘉義縣溪口鄉坪頂村溪民路３１號,(05)2697736,78,272,2020/02/13 16:37:09
5940051128,大成藥局,嘉義縣溪口鄉溪東村民生街１３９號,(05)2697522,180,216,2020/02/13 16:37:09
5940060010,全安藥局,嘉義縣新港鄉宮前村中山路８５號,(05)3746126,0,38,2020/02/13 16:37:09
5940060056,黃莉雅藥局,嘉義縣新港鄉宮前村新民路１６號,(05)3747329,0,125,2020/02/13 16:37:09
5940061133,新安藥局,嘉義縣新港鄉大興村福德路４２號,(05)3746386,10,175,2020/02/13 16:37:09
5940061160,公園藥局,嘉義縣新港鄉福德村中山路７２巷２０號,(05)3740656,8,84,2020/02/13 16:37:09
5940061188,安馨藥局,嘉義縣新港鄉大興村福德路１８號,(05)3745377,0,158,2020/02/13 16:37:09
5940061197,新港啄木鳥藥局,嘉義縣新港鄉菜公村咬仔竹８９號,(05)3748809,8,35,2020/02/13 16:37:09
5940071102,良信藥局,嘉義縣六腳鄉蒜頭村１９０－５號,(05)3805085,2,83,2020/02/13 16:37:09
5940080058,長生健保藥局,嘉義縣東石鄉東石村東石村２６０號,(05)3732557,5,41,2020/02/13 16:37:09
5940090045,捷生藥局,嘉義縣義竹鄉六桂村１５２之３號,(05)3418593,0,122,2020/02/13 16:37:09
5940090081,永聖藥局,嘉義縣義竹鄉六桂村１９３－１號,(05)3416185,0,205,2020/02/13 16:37:09
5940090107,人生藥局,嘉義縣義竹鄉六桂村２鄰義竹１５３號,(05)3411428,0,212,2020/02/13 16:37:09
5940100019,全信藥局,嘉義縣鹿草鄉後堀村６６號,(05)3750477,2,106,2020/02/13 16:37:09
5940101061,嘉恩藥局,嘉義縣鹿草鄉西井村鹿草路２６１附２,(05)3751568,0,83,2020/02/13 16:37:09
5940111236,蘇藥局,嘉義縣太保市北新里中山路１段５８２號,(05)2370416,0,128,2020/02/13 16:37:09
5940111245,信宜藥師藥局,嘉義縣太保市太保里７號,(05)3717360,0,80,2020/02/13 16:37:09
5940111361,慧敏藥局,嘉義縣太保市北新里中山路一段８０２號,(05)2381133,0,94,2020/02/13 16:37:09
5940111398,愛心藥局,嘉義縣太保市中山路１段３１１－６號１樓,(05)2386150,0,84,2020/02/13 16:37:09
5940111441,後潭藥局,嘉義縣太保市前潭里後潭１８４號,(05)3711261,2,96,2020/02/13 16:37:09
5940111450,祥和藥局,嘉義縣太保市太保二路１４９號１樓,(05)3623006,0,32,2020/02/13 16:37:09
5940111469,嘉安藥局,嘉義縣太保市麻寮里中山路２段４６號,(05)2387670,188,38,2020/02/13 16:37:09
5940111530,保祥藥局,嘉義縣太保市安仁里祥和三路東段７５號,(05)3622100,0,56,2020/02/13 16:37:09
5940111549,嘉康中西藥局,嘉義縣太保市南新里中山路一段２９５之２號,(05)2376200,0,76,2020/02/13 16:37:09
5940120039,李藥局,嘉義縣水上鄉民生村忠孝路１１１號,(05)2355389,0,36,2020/02/13 16:37:09
5940120048,瑞和堂藥局,嘉義縣水上鄉水頭村正義路７７號,(05)2682518,0,72,2020/02/13 16:37:09
5940120057,大仁藥局,嘉義縣水上鄉柳鄉村柳子林９９－２號,(05)2681458,0,128,2020/02/13 16:37:09
5940120137,德安藥局,嘉義縣水上鄉南和村後寮２６之６號,(05)2688835,74,234,2020/02/13 16:37:09
5940120191,大嘉藥局,嘉義縣水上鄉正義路１巷１６號,(05)2689031,0,84,2020/02/13 16:37:09
5940121205,楊藥局,嘉義縣水上鄉忠和村６８之５號,(05)2890687,2,154,2020/02/13 16:37:09
5940121241,杏同藥局,嘉義縣水上鄉水頭村中正路１１６號,(05)2600037,0,167,2020/02/13 16:37:09
5940121303,宏益藥局,嘉義縣水上鄉正義路５１號,(05)2601714,0,127,2020/02/13 16:37:09
5940121349,照安藥局,嘉義縣水上鄉水頭村中興路４０８號,(05)2687897,0,131,2020/02/13 16:37:09
5940121358,嘉泰健保藥局,嘉義縣水上鄉水頭村中興路３０７號,(05)2681028,0,26,2020/02/13 16:37:09
5940130035,康寧藥局,嘉義縣中埔鄉中山路５段９１９號,(05)2391380,0,90,2020/02/13 16:37:09
5940130071,祥安藥局,嘉義縣中埔鄉隆興村１０鄰６號,(05)2534897,0,109,2020/02/13 16:37:09
5940130080,華大藥局,嘉義縣中埔鄉中埔村中正路３５號,(05)2531223,0,94,2020/02/13 16:37:09
5940130142,顏藥局,嘉義縣中埔鄉中埔村中正路４４號,(05)2536459,0,102,2020/02/13 16:37:09
5940131283,一心藥局,嘉義縣中埔鄉富收村頂中下街３１、３１－１號１樓,(05)2303553,90,128,2020/02/13 16:37:09
5940131292,株一藥局,嘉義縣中埔鄉和興村中山路五段９０９號,(05)2397739,0,22,2020/02/13 16:37:09
5940131354,宏達藥局,嘉義縣中埔鄉金蘭村頂山門４４－１號１樓,(05)2399786,0,92,2020/02/13 16:37:09
5940131363,和睦藥局,嘉義縣中埔鄉中山路５段８２１號１樓,(05)2395283,0,28,2020/02/13 16:37:09
5940131381,頂六藥局,嘉義縣中埔鄉金蘭村頂山門３４之６５號,(05)2303192,212,236,2020/02/13 16:37:09
5940131390,寶興藥局,嘉義縣中埔鄉中山路五段９６７號,(05)2397308,0,87,2020/02/13 16:37:09
5940140031,泰安藥局,嘉義縣竹崎鄉內埔村元興路１０６號,(05)2542758,326,286,2020/02/13 16:37:09
5940140068,邱藥局,嘉義縣竹崎鄉灣橋村３６３號,(05)2791199,90,198,2020/02/13 16:37:09
5940140077,保健藥局,嘉義縣竹崎鄉內埔村元興路１１９之１號,(05)2541226,0,94,2020/02/13 16:37:09
5940140111,大豐藥局,嘉義縣竹崎鄉內埔村元興路１１１號,(05)2542688,1,145,2020/02/13 16:37:09
5940140148,仁壽藥局,嘉義縣竹崎鄉竹崎村中山路１８９號,(05)2612328,6,138,2020/02/13 16:37:09
5940141207,灣橋藥局,嘉義縣竹崎鄉灣橋村２２４號,(05)2793577,368,260,2020/02/13 16:37:09
5940141243,佑康藥局,嘉義縣竹崎鄉灣橋村五間厝３－２號１樓,(05)2792226,0,88,2020/02/13 16:37:09
5940141289,好鄰居藥局,嘉義縣竹崎鄉灣橋村灣橋３４１號,(05)2793899,18,124,2020/02/13 16:37:09
5940141298,德勝藥局,嘉義縣竹崎鄉中山路１８４號,(05)2611016,0,90,2020/02/13 16:37:09
5940141305,東義藥局,嘉義縣竹崎鄉獅埜村東義２０－１８號,(05)2110957,0,126,2020/02/13 16:37:09
5940141314,竹崎啄木鳥藥師藥局,嘉義縣竹崎鄉竹崎村中華路９２號,(05)2617786,0,4,2020/02/13 16:37:09
5940150055,榮輝藥局,嘉義縣梅山鄉梅東村中山路２６－３號,(05)2620403,2,206,2020/02/13 16:37:09
5940150073,科有藥局,嘉義縣梅山鄉北興街１２號,(05)2621106,20,162,2020/02/13 16:37:09
5940151123,康康藥局,嘉義縣梅山鄉中山路２３號,(05)2626561,200,162,2020/02/13 16:37:09
5940151132,太田藥局,嘉義縣梅山鄉中山路１６７號,(05)2626447,0,109,2020/02/13 16:37:09
5940161030,博勝藥局,嘉義縣番路鄉下坑村下坑５３號,(05)2591127,0,110,2020/02/13 16:37:09
5940180035,山芙蓉藥局,嘉義縣阿里山鄉樂野村８－３號,(05)2561198,0,125,2020/02/13 16:37:09
5941010041,三光堂藥局,臺南市新營區延平路５７號,(06)6322553,314,298,2020/02/13 16:37:09
5941010103,亞洲藥局,臺南市新營區延平里復興路３３之２號,(06)6327366,0,246,2020/02/13 16:37:09
5941010185,安立藥局,臺南市新營區王公里中正路９８號,(06)6321689,16,104,2020/02/13 16:37:09
5941010256,人生藥局,臺南市新營區永生里中山路２４９號,(06)6322458,52,254,2020/02/13 16:37:09
5941010283,成大藥局,臺南市新營區太北里７３之１號,(06)6524398,0,180,2020/02/13 16:37:09
5941010292,嘉南藥局,臺南市新營區中營里中山路３４之３號,(06)6322613,206,218,2020/02/13 16:37:09
5941010309,鴻達藥局,臺南市新營區民生里復興路１２４號,(06)6358837,84,118,2020/02/13 16:37:09
5941010381,美兆藥局,台南市新營區中正路５３–４號,(06)6371188,0,74,2020/02/13 16:37:09
5941010416,佑康藥局,臺南市新營區新進路２段１０３號,(06)6354620,0,118,2020/02/13 16:37:09
5941011495,毛藥局,臺南市新營區民權里三民路１０８號,(06)6323466,8,210,2020/02/13 16:37:09
5941011548,欣欣藥局,臺南市新營區太北里１４６之２８號,(06)6530179,0,192,2020/02/13 16:37:09
5941011575,麗暉藥師藥局,臺南市新營區三仙里民權路５１號,(06)6333479,12,104,2020/02/13 16:37:09
5941011600,人安藥局,臺南市新營區民權里信義街７０號,(06)6376863,134,200,2020/02/13 16:37:09
5941011637,健而康藥局,臺南市新營區中山路２００號,(06)6355224,330,242,2020/02/13 16:37:09
5941011646,仁愛藥局,臺南市新營區民權路８２號,(06)6320209,400,300,2020/02/13 16:37:09
5941011708,兆豐藥局,臺南市新營區忠政里中正路５７–１６號,(06)6352205,0,144,2020/02/13 16:37:09
5941011780,均安藥局,臺南市新營區三民路１３８之１附１號,(06)6376987,240,182,2020/02/13 16:37:09
5941011833,幼幼藥局,臺南市新營區復興路１２９之３號,(06)6353953,126,214,2020/02/13 16:37:09
5941011842,康泰藥師藥局,臺南市新營區民生路１６之１號１樓,(06)6377807,75,176,2020/02/13 16:37:09
5941011851,新日康藥局,臺南市新營區三仙里民權路６３之３號,(06)6332833,11,120,2020/02/13 16:37:09
5941020029,新崇安藥局,臺南市鹽水區三生里朝琴路７號,(06)6521293,2,96,2020/02/13 16:37:09
5941020038,惠生藥局,臺南市鹽水區中正路３１號,(06)6522279,0,44,2020/02/13 16:37:09
5941020056,民生藥局,臺南市鹽水區中境里三福路５１號,(06)6521071,0,66,2020/02/13 16:37:09
5941030043,源大醫藥局,臺南市白河區永安里中正路５５號,(06)6831128,12,172,2020/02/13 16:37:09
5941030089,新信安藥局,臺南市白河區中山路５１號,(06)6852173,54,252,2020/02/13 16:37:09
5941030114,協宏藥局,臺南市白河區竹門里９８之３號,(06)6852961,330,290,2020/02/13 16:37:09
5941031175,芳瑜藥局,臺南市白河區永安里康樂路７２號,(06)6857379,0,74,2020/02/13 16:37:09
5941031237,泰安藥局,臺南市白河區外角里新興路４８７號,(06)6840560,214,288,2020/02/13 16:37:09
5941040012,杏林藥局,臺南市麻豆區晉江里興中路１３６號,(06)5722692,6,270,2020/02/13 16:37:09
5941040049,安安藥局,臺南市麻豆區興中路８８號,(06)5727475,68,54,2020/02/13 16:37:09
5941040067,永福藥局,臺南市麻豆區仁愛路７號,(06)5723329,94,174,2020/02/13 16:37:09
5941040076,平安藥局,臺南市麻豆區興中路１１號,(06)5721225,0,92,2020/02/13 16:37:09
5941040085,信興藥局,臺南市麻豆區保安里興中路１１５號,(06)5722002,82,150,2020/02/13 16:37:09
5941040129,麻豆王藥局,臺南市麻豆區穀興里中山路１１–２號,(06)5721001,26,178,2020/02/13 16:37:09
5941041224,信義藥局,臺南市麻豆區晉江里信義路３４之１２號,(06)5725120,468,266,2020/02/13 16:37:09
5941041233,神農藥局,臺南市麻豆區東角里興中路１９５號,(06)5721136,158,214,2020/02/13 16:37:09
5941041297,台灣藥局,臺南市麻豆區信義路１１之１３號,(06)5726126,39,160,2020/02/13 16:37:09
5941041313,市伍藥局,臺南市麻豆區中正路７３號１樓,(06)5724589,76,228,2020/02/13 16:37:09
5941041322,紘信藥局,臺南市麻豆區民生路３６之７號１樓,(06)5711289,517,208,2020/02/13 16:37:09
5941050045,佳晟藥局,臺南市佳里區安西里光復路２６５號,(06)7220732,238,202,2020/02/13 16:37:09
5941050054,立昌藥局,臺南市佳里區安西里光復路２４４號,(06)7225314,202,193,2020/02/13 16:37:09
5941050063,新生中西藥局,臺南市佳里區忠仁里新生路８７號,(06)7224563,8,118,2020/02/13 16:37:09
5941050072,伯仲藥局,臺南市佳里區光復路１２４號,(06)7228322,0,162,2020/02/13 16:37:09
5941050090,普羅藥局,臺南市佳里區新生路３０３號,(06)7232252,6,70,2020/02/13 16:37:09
5941050107,百興藥局,臺南市佳里區安西里文化路２５９號,(06)7222735,0,144,2020/02/13 16:37:09
5941051266,佑佑藥局,臺南市佳里區安西里文化路２４８號,(06)7214426,15,216,2020/02/13 16:37:09
5941051417,賀康藥局,臺南市佳里區文化路２０７號,(06)7221447,338,246,2020/02/13 16:37:09
5941051426,家名藥局,臺南市佳里區延平路３５７號,(06)7236695,258,146,2020/02/13 16:37:09
5941051453,佳佳藥局,臺南市佳里區中山路３８６號,(06)7227639,14,266,2020/02/13 16:37:09
5941051462,星興藥局,臺南市佳里區延平路４０３號,(06)7236993,150,204,2020/02/13 16:37:09
5941051499,雅倫藥局,臺南市佳里區建南街１６５號１樓,(06)7229488,0,122,2020/02/13 16:37:09
5941051524,萊安藥局,臺南市佳里區中山路２２２號,(06)7223780,0,136,2020/02/13 16:37:09
5941051542,黃藥師藥局,臺南市佳里區忠孝路２９３號１樓,(06)7217033,226,140,2020/02/13 16:37:09
5941051579,永星藥局,臺南市佳里區文化路１７６號,(06)7234300,10,176,2020/02/13 16:37:09
5941060014,富傑藥局,臺南市新化區觀音里中正路５４５號,(06)5907185,0,82,2020/02/13 16:37:09
5941060050,炳騰藥局,台南市新化區那拔里２９０號,(06)5911687,4,166,2020/02/13 16:37:09
5941061146,欣華藥局,臺南市新化區護國里中正路４０４號,(06)5908832,76,206,2020/02/13 16:37:09
5941061173,杏安藥局,臺南市新化區武安里信義路３２０號,(06)5801081,0,210,2020/02/13 16:37:09
5941061299,元一藥師藥局,臺南市新化區中正路５２８號,(06)5980795,102,194,2020/02/13 16:37:09
5941061306,千福藥局,臺南市新化區中山路４２４號１樓,(06)5905862,0,94,2020/02/13 16:37:09
5941061342,安麗兒藥局新化店,臺南市新化區忠孝路１１６之３號,(06)5986029,4,78,2020/02/13 16:37:09
5941070029,資生大藥局,臺南市善化區光文里中山路３７號,(06)5837659,6,42,2020/02/13 16:37:09
5941070154,嘉展藥師藥局,臺南市善化區坐駕里建國路４５號,(06)5839112,1,32,2020/02/13 16:37:09
5941071188,仁愛藥局,臺南市善化區中山路１７８號,(06)5838245,0,8,2020/02/13 16:37:09
5941080016,世酆藥局,臺南市學甲區仁得里成功路１１－１號,(06)7838779,50,184,2020/02/13 16:37:09
5941080043,心得藥局,臺南市學甲區仁得里建國路８２號,(06)7835087,0,112,2020/02/13 16:37:09
5941080052,一安藥局,臺南市學甲區新生里華宗路４４１號,(06)7835504,102,198,2020/02/13 16:37:09
5941081157,芳鄰藥局,臺南市學甲區仁得里建國路１１９號,(06)7822389,0,142,2020/02/13 16:37:09
5941081184,慈生藥局,臺南市學甲區慈生里濟生路９４之５號１樓,(06)7821818,514,272,2020/02/13 16:37:09
5941081193,信忠藥局,臺南市學甲區中正路２７４號,(06)7832363,28,168,2020/02/13 16:37:09
5941090049,美安藥局,臺南市柳營區士林里柳營路二段１５號,(06)6222906,0,140,2020/02/13 16:37:09
5941100013,嘉民藥局,臺南市後壁區嘉民里上茄苳１４６號,(06)6882322,192,244,2020/02/13 16:37:09
5941100022,安溪藥局,臺南市後壁區福安里１０２之４８號,(06)6333381,0,114,2020/02/13 16:37:09
5941100040,瑞益藥局,臺南市後壁區嘉田里５８－１號,(06)6881486,46,188,2020/02/13 16:37:09
5941101092,慈慧藥局,臺南市後壁區菁豐里６８–２號,(06)6621976,281,332,2020/02/13 16:37:09
5941110019,豐源中西藥局,台南市東山區東中里達雲路１段３５號,(06)6802615,154,148,2020/02/13 16:37:09
5941110046,青山藥局,臺南市東山區東中里中興路２３號,(06)6802740,0,94,2020/02/13 16:37:09
5941111061,杏春堂中西藥局,臺南市東山區中興路９７號,(06)6802682,0,134,2020/02/13 16:37:09
5941120015,楊生藥局,臺南市下營區中山路一段９０號,(06)6891723,0,44,2020/02/13 16:37:09
5941121110,健安藥局,臺南市下營區後街里中正北路７３號１樓,(06)6790417,208,200,2020/02/13 16:37:09
5941131161,竹軒大藥局,臺南市六甲區甲南里民生街１５８號,(06)6982258,22,136,2020/02/13 16:37:09
5941131296,康健藥局,臺南市六甲區復興街５５之１號,(06)6995195,438,240,2020/02/13 16:37:09
5941131303,泰和藥局,臺南市六甲區二甲里中山路１０１號１樓,(06)6989623,130,206,2020/02/13 16:37:09
5941131312,慧佳藥局,臺南市六甲區建國街７６號,(06)6990892,170,230,2020/02/13 16:37:09
5941131321,民康藥局,臺南市六甲區中正路５３１之１號,(06)6980980,370,228,2020/02/13 16:37:09
5941140035,全民藥局,臺南市官田區隆田里中山路一段４０號,(06)5791057,4,122,2020/02/13 16:37:09
5941150013,江梁藥師藥局,臺南市大內區內江里２８５－１號,(06)5761206,0,180,2020/02/13 16:37:09
5941151056,三和藥局,臺南市大內區內江里２７０號,(06)5762187,0,66,2020/02/13 16:37:09
5941160028,俊傑藥局,臺南市西港區慶安里中山路２５７號,(06)7950081,48,124,2020/02/13 16:37:09
5941161043,慧安藥局,臺南市西港區西港里慶安路９５之９號,(06)7955535,20,152,2020/02/13 16:37:09
5941161052,詠承藥局,台南縣西港鄉中山路３５８號,(06)7959427,4,138,2020/02/13 16:37:09
5941161061,長榮藥局,臺南市西港區新興街１２巷１４號,(06)7952617,0,36,2020/02/13 16:37:09
5941161070,厚真藥局,臺南市西港區營西里２鄰後營１７號,(06)7962628,4,122,2020/02/13 16:37:09
5941181054,年豐藥局,臺南市將軍區忠興里２９－２號,(06)7946247,0,58,2020/02/13 16:37:09
5941190017,憲宗藥局,臺南市北門區東壁里７０４號,(06)7864225,266,210,2020/02/13 16:37:09
5941190044,謝藥局,臺南市北門區保吉里４１２號１樓,(06)7864192,276,172,2020/02/13 16:37:09
5941200027,重仁藥局,臺南市新市區新市里中興街４８號,(06)5998586,0,120,2020/02/13 16:37:09
5941200045,慶豐綜合藥局,臺南市新市區新和里民生路５７號,(06)5014888,0,44,2020/02/13 16:37:09
5941201159,安耕藥局,臺南市新市區中正路３３１號,(06)5995345,0,82,2020/02/13 16:37:09
5941201161,安麗兒藥局新市店,臺南市新市區新和里中正路２６０號,(06)5012699,2,40,2020/02/13 16:37:09
5941220029,瑞興藥局,臺南市山上區南洲里６６號,(06)5781151,0,70,2020/02/13 16:37:09
5941230016,玉井藥局,臺南市玉井區玉田里中華路４７號,(06)5742271,0,118,2020/02/13 16:37:09
5941230025,柏林藥局,臺南市玉井區玉田里中正路２２４號,(06)5742386,64,208,2020/02/13 16:37:09
5941230052,博愛中西藥局,臺南市玉井區玉田里中正路２３８號,(06)5743036,0,118,2020/02/13 16:37:09
5941231111,大眾藥局,臺南市玉井區中華路２３７號,(06)5744099,0,208,2020/02/13 16:37:09
5941231120,晨暉藥局,臺南市玉井區中華路１８４號,(06)5749695,235,244,2020/02/13 16:37:09
5941231139,伊立安藥局,臺南市玉井區玉田里中山路１４３號１樓,(06)5747001,0,139,2020/02/13 16:37:09
5941241117,信安藥局,臺南市楠西區東勢里茄拔路１６５號,(06)5753177,0,118,2020/02/13 16:37:09
5941260014,又佳藥局,臺南市左鎮區中正里１５６之９號,(06)5732367,0,182,2020/02/13 16:37:09
5941270056,山川中西藥局,台南市仁德區後壁里中正路二段３２５號,(06)2794623,8,116,2020/02/13 16:37:09
5941270074,歐大藥局,臺南市仁德區中洲里中洲路５４１號,(06)2664831,4,158,2020/02/13 16:37:09
5941270109,振裕藥局,臺南市仁德區二行里二行一路１６５號,(06)2661478,2,141,2020/02/13 16:37:09
5941270136,滋生藥局,台南市仁德區仁義里中山路３６２號,(06)2705057,0,12,2020/02/13 16:37:09
5941270154,成吉藥局,臺南市仁德區新田里中正路二段４６８號,(06)2798003,10,166,2020/02/13 16:37:09
5941270163,太子藥局,臺南市仁德區太子里太子路３３８號,(06)2729906,6,40,2020/02/13 16:37:09
5941270216,聖豐藥局,臺南市仁德區中洲里中洲路７８８號,(06)2663588,8,218,2020/02/13 16:37:09
5941271302,大力藥局仁德店,臺南市仁德區後壁里中正路二段２６４號,(06)2705958,0,88,2020/02/13 16:37:09
5941271348,春風藥局,臺南市仁德區中正路二段６７３號,(06)2494737,0,102,2020/02/13 16:37:09
5941271455,成吉藥局仁義店,臺南市仁德區仁義路４２之１號,(06)2497307,4,16,2020/02/13 16:37:09
5941271517,慧安藥師藥局,臺南市仁德區後壁里德糖路３８９號１樓,(06)2706638,19,90,2020/02/13 16:37:09
5941271544,華仁藥局,臺南市仁德區新田里中正路２段４６２號,(06)2797773,14,100,2020/02/13 16:37:09
5941280043,道仁藥局,臺南市歸仁區許厝里中山路一段４７８號,(06)2301967,34,130,2020/02/13 16:37:09
5941280089,躍達藥局,臺南市歸仁區大智街１０號,(06)2301360,4,34,2020/02/13 16:37:09
5941280141,歐美藥師藥局,臺南市歸仁區後市里民權北路６８號,(06)3308010,196,138,2020/02/13 16:37:09
5941281282,仁銨藥局,臺南市歸仁區中山路一段３２２號,(06)3304861,0,166,2020/02/13 16:37:09
5941281335,大力藥局,臺南市歸仁區後市里中山路二段１５１號,(06)2398273,0,114,2020/02/13 16:37:09
5941281362,安麗兒藥局,臺南市歸仁區辜厝里中山路二段７１號,(06)2399212,5,102,2020/02/13 16:37:09
5941281371,新光藥局,臺南市歸仁區許厝里中山路一段３２０號,(06)3305249,0,143,2020/02/13 16:37:09
5941281442,倍安藥局,台南市歸仁區大潭里長榮路１段２３２號,(06)2782913,0,202,2020/02/13 16:37:09
5941281451,生祥大藥局,臺南市歸仁區中山路２段４６號之１號,(06)2396538,0,144,2020/02/13 16:37:09
5941281488,德昌藥師藥局,臺南市歸仁區中山路一段５１６、５１８號,(06)3303533,210,140,2020/02/13 16:37:09
5941291171,健新藥局,臺南市關廟區香洋里中正路９４７號,(06)5952093,0,44,2020/02/13 16:37:09
5941291180,安麗兒藥局關廟店,臺南市關廟區中山路２段５０號,(06)5951952,0,76,2020/02/13 16:37:09
5941291199,躍達藥局關廟店,臺南市關廟區中山路２段１３７之７號,(06)5961286,14,34,2020/02/13 16:37:09
5941291206,和聖藥局,臺南市關廟區中山路２段１３７之８號,(06)5963687,0,224,2020/02/13 16:37:09
5941291215,新素界保養藥局,臺南市關廟區山西里武聖路２６號,(06)5959290,132,128,2020/02/13 16:37:09
5941310064,鐘藥局,臺南市永康區崑山里大灣路１０１２號,(06)2726635,0,134,2020/02/13 16:37:09
5941310082,良方藥局,臺南市永康區永康里中山路３９號,(06)2325057,6,8,2020/02/13 16:37:09
5941310162,重安藥局,臺南市永康區龍潭街１９０號,(06)2327271,8,4,2020/02/13 16:37:09
5941310171,正華藥局,臺南市永康區永康里永康街１７號,(06)2323618,0,100,2020/02/13 16:37:09
5941310199,嘉軒藥局,臺南市永康區西勢里富強路一段３５１號,(06)2713329,4,84,2020/02/13 16:37:09
5941310206,一航藥局,臺南市永康區復國一路２３３號,(06)3115595,1,78,2020/02/13 16:37:09
5941310484,慈惠藥師保健藥局,臺南市永康區國光七街７１號,(06)2718968,0,34,2020/02/13 16:37:09
5941310528,邱藥局,臺南市永康區中華西街５５號１樓,(06)3020828,280,208,2020/02/13 16:37:09
5941310573,林藥局,臺南市永康區鹽行里中正南路７６０號,(06)2546564,16,158,2020/02/13 16:37:09
5941310699,安安藥局,臺南市永康區崑山里大灣路８３４號,(06)2738102,20,112,2020/02/13 16:37:09
5941310715,都都藥局,臺南市永康區中山南路１２８號,(06)2314815,190,216,2020/02/13 16:37:09
5941310797,維康藥局,臺南市永康區大橋二街１４１之１號,(06)2016345,0,32,2020/02/13 16:37:09
5941310840,北一藥局,臺南市永康區中山南路４３巷５號,(06)2012215,0,144,2020/02/13 16:37:09
5941310859,菁安藥局,臺南市永康區大橋里中華路５９７號,(06)2031203,0,102,2020/02/13 16:37:09
5941310895,欣康藥局,臺南市永康區正強里自強路３９４號,(06)2027346,0,68,2020/02/13 16:37:09
5941310957,久大藥師藥局,臺南市永康區崑山里大灣路１０５８號,(06)2724195,86,170,2020/02/13 16:37:09
5941310966,永康藥局,臺南市永康區尚頂里中華路９８８號之１,(06)2548606,100,128,2020/02/13 16:37:09
5941312022,華安藥局,臺南市永康區中華二路２８２號,(06)2021030,18,152,2020/02/13 16:37:09
5941312166,和康藥局,臺南市永康區永康里中山北路３２號,(06)2325144,0,64,2020/02/13 16:37:09
5941312255,方藥師藥局,臺南市永康區大橋一街５７之３號,(06)3025013,0,160,2020/02/13 16:37:09
5941312273,莘莘藥局,臺南市永康區永大路二段１５３８號,(06)2033611,96,46,2020/02/13 16:37:09
5941312282,麻吉的藥局,臺南市永康區中山北路１０８號,(06)2316123,0,102,2020/02/13 16:37:09
5941312308,大正藥局,臺南市永康區中華二路２９８號,(06)3021599,32,124,2020/02/13 16:37:09
5941312380,新安生堂藥局,臺南市永康區富強路一段５０號,(06)2717068,0,70,2020/02/13 16:37:09
5941312460,仁杏藥師藥局,臺南市永康區復興路１１號,(06)2731702,0,136,2020/02/13 16:37:09
5941312504,仙輝藥局,臺南市永康區復華七街９０號１樓,(06)2030188,2,22,2020/02/13 16:37:09
5941312531,美日康藥局,臺南市永康區中正南路８１７號,(06)2430345,10,110,2020/02/13 16:37:09
5941312540,維康藥局奇美店,臺南市永康區正新街６５號,(06)2814441,26,48,2020/02/13 16:37:09
5941312577,麗生藥師藥局,臺南市永康區大灣路２８０號,(06)2737099,0,68,2020/02/13 16:37:09
5941312586,北安藥局,臺南市永康區中山東路２２６號１樓,(06)3024933,4,14,2020/02/13 16:37:09
5941312648,上宜藥局,臺南市永康區中華一路７０號,(06)3116288,4,120,2020/02/13 16:37:09
5941312755,佑健康藥師藥局,臺南市永康區文化路２０２之３號,(06)2316257,12,46,2020/02/13 16:37:09
5941312808,永大藥局,臺南市永康區聖龍街１５０號,(06)2024668,0,122,2020/02/13 16:37:09
5941312826,昱賢藥師藥局,臺南市永康區永大路二段１２６０、１２６２號,(06)2315371,0,42,2020/02/13 16:37:09
5942010081,杏門藥局,高雄市鳳山區老爺里海洋二路１７８號,(07)7635781,6,106,2020/02/13 16:37:09
5942010125,中央藥局,高雄市鳳山區五甲三路７１號,(07)8217320,8,4,2020/02/13 16:37:09
5942010214,謝藥局,高雄縣鳳山市南江街１２６號,(07)7226685,0,152,2020/02/13 16:37:09
5942010269,大華藥局,高雄市鳳山區青年路二段４６６號,(07)7774881,32,118,2020/02/13 16:37:09
5942010321,南億藥局,高雄市鳳山區光復路７４號,(07)7105010,156,222,2020/02/13 16:37:09
5942010349,長英藥局,高雄市鳳山區八德路二段２６７號,(07)7805002,101,177,2020/02/13 16:37:09
5942010358,護民藥局,高雄市鳳山區光遠路２０５號,(07)7462525,8,184,2020/02/13 16:37:09
5942010447,健生大藥局,高雄市鳳山區五甲二路１８２號,(07)7131028,0,86,2020/02/13 16:37:09
5942010518,寶輝藥局,高雄市鳳山區南正二路９９－１號,(07)8314925,0,144,2020/02/13 16:37:09
5942010563,一心堂藥局,高雄市鳳山區五甲二路５２３號,(07)8213971,0,96,2020/02/13 16:37:09
5942010643,王藥局,高雄市鳳山區一甲里南江街１２９號,(07)7716581,0,122,2020/02/13 16:37:09
5942010812,一仁藥局,高雄市鳳山區自由路２００號,(07)7425004,90,208,2020/02/13 16:37:09
5942010867,鳳林藥局,高雄市鳳山區鳳林路１６６號,(07)7830767,0,156,2020/02/13 16:37:09
5942010894,福特藥局,高雄市鳳山區中山路７３－４號,(07)7463533,0,152,2020/02/13 16:37:09
5942010947,銘豐大藥局,高雄市鳳山區海洋二路１７５號,(07)7636795,0,192,2020/02/13 16:37:09
5942010974,陳明仁藥局,高雄市鳳山區文衡路１２３－３號,(07)7762551,0,174,2020/02/13 16:37:09
5942011211,永吉藥局,高雄市鳳山區瑞興路４０２之１號,(07)7018047,0,290,2020/02/13 16:37:09
5942011275,壹家二益藥局,高雄市鳳山區文德里文衡路４００號一樓,(07)7761648,58,172,2020/02/13 16:37:09
5942011373,誠大藥局,高雄市鳳山區中和里青年路１段３０５號,(07)7482246,0,138,2020/02/13 16:37:09
5942011480,頂好藥師藥局,高雄市鳳山區光華東路１５號,(07)7430834,44,214,2020/02/13 16:37:09
5942011524,中華藥局,高雄市鳳山區中山路１４２號,(07)7472853,0,76,2020/02/13 16:37:09
5942011579,建保藥局,高雄市鳳山區八德路２８９號,(07)7762100,8,150,2020/02/13 16:37:09
5942011766,見康藥局,高雄市鳳山區中崙路５７８號,(07)7535158,70,90,2020/02/13 16:37:09
5942011800,福德中西藥局,高雄縣鳳山市鳳北路３６之１號,(07)7465530,3,4,2020/02/13 16:37:09
5942011819,鳳山丁丁藥局,高雄市鳳山區協和里自由路１５１號１樓,(07)7101080,112,100,2020/02/13 16:37:09
5942013260,辰好藥局,高雄市鳳山區中山東路２８１號,(07)7027064,20,50,2020/02/13 16:37:09
5942013331,泰安藥局,高雄市鳳山區仁愛路６－１號,(07)7037838,0,102,2020/02/13 16:37:09
5942013411,長喜藥局,高雄市鳳山區大明路７６號,(07)7671007,0,122,2020/02/13 16:37:09
5942013448,祝安藥師藥局,高雄市鳳山區鳳松路３９之５號,(07)7476550,16,186,2020/02/13 16:37:09
5942013608,勝白藥局,高雄市鳳山區中崙四路２２之２號,(07)7533405,11,129,2020/02/13 16:37:09
5942013626,伊甸藥師藥局,高雄市鳳山區新強路８３號１樓,(07)7671343,6,36,2020/02/13 16:37:09
5942013653,鳳林藥局中山店,高雄市鳳山區瑞竹里中山東路２３１號,(07)7019039,0,66,2020/02/13 16:37:09
5942013699,新怡安藥局,高雄市鳳山區海洋里新富路５１２號,(07)7633565,10,74,2020/02/13 16:37:09
5942013788,佳恩藥局,高雄市鳳山區和德里中山路７５－１號,(07)7460297,0,177,2020/02/13 16:37:09
5942013797,北京藥局,高雄市鳳山區一甲里五甲二路３４２號１樓,(07)7117100,8,42,2020/02/13 16:37:09
5942013804,長喜連鎖藥局,高雄縣鳳山市鳳甲路４９２號,(07)7961070,8,0,2020/02/13 16:37:09
5942013868,好郝藥局建國店,高雄市鳳山區建國路三段３９３號１樓,(07)7779771,2,128,2020/02/13 16:37:09
5942013886,融融藥局,高雄市鳳山區三民路１９４號,(07)7990555,0,180,2020/02/13 16:37:09
5942013902,順發藥局,高雄市鳳山區新強里新富路２３９號,(07)7630666,0,200,2020/02/13 16:37:09
5942013920,康博藥局,高雄市鳳山區新樂里南京路１５３－１２號,(07)7671755,0,212,2020/02/13 16:37:09
5942014052,長青連鎖藥局大士店,高雄市鳳山區五甲一路１３９號,(07)7104618,86,124,2020/02/13 16:37:09
5942014070,康鄰藥局,高雄市鳳山區善美里南正二路１９２、１９４號,(07)7260632,10,138,2020/02/13 16:37:09
5942014203,久億藥局,高雄市鳳山區海洋一路１２１號,(07)7663095,0,100,2020/02/13 16:37:09
5942014212,菩提大藥局,高雄市鳳山區新興里維新路１２１號１樓,(07)7903323,0,154,2020/02/13 16:37:09
5942020023,醫聯藥局,高雄市岡山區前峰里公園西路３段１２５號,(07)6259873,5,92,2020/02/13 16:37:09
5942020050,惠光西藥局,高雄市岡山區維仁路１４７號,(07)6212163,0,100,2020/02/13 16:37:09
5942020078,協安大藥局,高雄市岡山區介壽西路１０號,(07)6252256,0,74,2020/02/13 16:37:09
5942020130,建成藥局,高雄市岡山區台上里大仁路９７號,(07)6210458,5,50,2020/02/13 16:37:09
5942020176,平和藥局,高雄市岡山區岡山路２６８號,(07)6212592,0,5,2020/02/13 16:37:09
5942020185,鴻興大藥局,高雄市岡山區中華路１３６號,(07)6259903,3,74,2020/02/13 16:37:09
5942020265,建元藥局,高雄市岡山區大仁北路１０４號,(07)6216672,0,14,2020/02/13 16:37:09
5942021459,祥鼎藥局,高雄市岡山鎮嘉興路２８２號,(07)6211382,0,60,2020/02/13 16:37:09
5942021486,人人藥局,高雄市岡山區維新東街２號,(07)6230678,8,96,2020/02/13 16:37:09
5942021664,丁丁藥局,高雄縣岡山鎮仁壽里中華路１號,(07)6256157,0,54,2020/02/13 16:37:09
5942021717,勵志藥局,高雄市岡山區忠孝里勵志二路３８號,(07)6230826,0,48,2020/02/13 16:37:09
5942021726,天德藥局,高雄市岡山區碧紅里中山北路３９號,(07)6230111,20,6,2020/02/13 16:37:09
5942021744,宗明藥局,高雄市岡山區岡山路７號１樓,(07)6296291,2,32,2020/02/13 16:37:09
5942021753,欣康立健保藥局,高雄市岡山區公園北路３１號１樓,(07)6246299,0,112,2020/02/13 16:37:09
5942030056,賜安藥局,高雄市旗山區大德里中山路１１號,(07)6612057,0,154,2020/02/13 16:37:09
5942030092,天明藥局,高雄市旗山區大同路至誠巷１５號,(07)6621311,250,265,2020/02/13 16:37:09
5942030181,良安藥局,高雄市旗山區旗南一路５３號,(07)6617532,0,180,2020/02/13 16:37:09
5942030225,吉本藥局,高雄市旗山區旗南里中洲路４７４－１號,(07)6663226,0,222,2020/02/13 16:37:09
5942030234,賽珠藥局,高雄市旗山區新山里延平一路４９６號,(07)6616068,0,144,2020/02/13 16:37:09
5942031357,錦昌藥局,高雄市旗山區大同街４號,(07)6613129,0,150,2020/02/13 16:37:09
5942031366,辰安藥局,高雄市旗山區延平一路５４５號,(07)6623545,82,164,2020/02/13 16:37:09
5942031393,天天美藥局,高雄市旗山區中山路９２號,(07)6622565,0,46,2020/02/13 16:37:09
5942031428,奇奇藥局,高雄市旗山區旗文路１４４－７號,(07)6622910,120,196,2020/02/13 16:37:09
5942031437,美心藥局,高雄市旗山區瑞吉里延平一路３３５號,(07)6626638,195,238,2020/02/13 16:37:09
5942040061,健民藥局,高雄市美濃區泰安里中正路一段３１－１號,(07)6812796,0,50,2020/02/13 16:37:09
5942040089,進安堂藥局,高雄市美濃區忠孝路１段３７２號,(07)6812741,44,208,2020/02/13 16:37:09
5942040114,吉安藥局,高雄市美濃區中正路二段７３２號,(07)6831711,0,156,2020/02/13 16:37:09
5942040178,志昇藥局,高雄市美濃區中壇里中興路一段５５７號,(07)6813930,0,116,2020/02/13 16:37:09
5942041326,萬安藥局,高雄市美濃區成功路２１９－１號,(07)6812332,0,160,2020/02/13 16:37:09
5942041344,李藥局,高雄市美濃鎮忠孝路一段２－３號,(07)6818682,32,176,2020/02/13 16:37:09
5942051279,弘寶藥局,高雄市林園區鳳林路二段７５７之１號,(07)6433159,0,74,2020/02/13 16:37:09
5942051528,聯安藥局,高雄市林園區林園北路３４２號１樓,(07)6429882,38,104,2020/02/13 16:37:09
5942051546,金高泰藥局,高雄市林園區東林西路２１０號,(07)6429592,0,88,2020/02/13 16:37:09
5942051555,健人藥師藥局,高雄市林園區東林里東林東路２０號,(07)6463158,2,52,2020/02/13 16:37:09
5942060027,福民藥局,高雄市大寮區鳳林三路４０８號之１,(07)7816570,1,88,2020/02/13 16:37:09
5942060054,德恩藥局,高雄市大寮區義和路１９２號,(07)6513778,20,188,2020/02/13 16:37:09
5942060152,洋洋藥局,高雄市大寮區中庄里鳳屏一路５１２號,(07)7034256,14,2,2020/02/13 16:37:09
5942060161,信元藥師藥局,高雄市大寮區鳳林三路３２９號,(07)7836313,1,126,2020/02/13 16:37:09
5942060278,金發藥局,高雄市大寮區中興里鳳林四路２６８號,(07)7862818,0,104,2020/02/13 16:37:09
5942060385,義和藥局,高雄市大寮區義和里義和路１６１號,(07)6527206,0,168,2020/02/13 16:37:09
5942061506,中美藥師藥局,高雄市大寮區鳳屏一路４１８號１樓,(07)7030096,0,60,2020/02/13 16:37:09
5942061720,永康藥局,高雄市大寮區鳳林三路５２９號,(07)7862821,6,68,2020/02/13 16:37:09
5942061739,安泰專業藥局,高雄市大寮區鳳林三路８３５號,(07)7819515,0,46,2020/02/13 16:37:09
5942061757,德興藥局,高雄市大寮區大寮里大寮路６１３．６１５號１樓,(07)7889329,4,12,2020/02/13 16:37:09
5942070167,中元藥局,高雄市大樹區大樹村中興南路７９號,(07)6512041,0,88,2020/02/13 16:37:09
5942070194,早安藥師藥局,高雄市大樹區久堂里中興街４２號,(07)6527371,0,94,2020/02/13 16:37:09
5942071315,一順藥局,高雄市大樹區實踐街８８之１號,(07)6516999,0,102,2020/02/13 16:37:09
5942071413,中興藥局,高雄市大樹區檨腳里中興西路４９之１號,(07)6523222,0,28,2020/02/13 16:37:09
5942080010,仁信藥局,高雄市仁武區仁武里中正路１４６號,(07)3716115,0,36,2020/02/13 16:37:09
5942080038,日建藥局,高雄市仁武區灣內里仁忠路３２號,(07)3713497,0,4,2020/02/13 16:37:09
5942081222,星億藥局,高雄市仁武區中正路１６７、１６９號,(07)3712815,0,40,2020/02/13 16:37:09
5942081302,奇美藥局,高雄市仁武區文武里中華路４０號,(07)3757869,0,42,2020/02/13 16:37:09
5942081384,大安藥局,高雄市仁武區仁雄路８１－４號,(07)3743293,0,112,2020/02/13 16:37:09
5942081393,明曜藥局,高雄市仁武區灣內村仁雄路６－６號,(07)3736846,42,112,2020/02/13 16:37:09
5942081419,四季藥局,高雄市仁武區永仁街３２１號,(07)3728289,0,46,2020/02/13 16:37:09
5942091184,大社服安藥師藥局,高雄市大社區大社里中山路１２９號,(07)3521375,0,94,2020/02/13 16:37:09
5942100071,皇佳藥局,高雄市鳥松區仁美里高碼二路１２號,(07)7312918,4,16,2020/02/13 16:37:09
5942100080,復元藥局,高雄市鳥松區鳥松村大仁南路５號,(07)7312979,0,112,2020/02/13 16:37:09
5942101112,有健藥局,高雄市鳥松區本館路３４７號,(07)3790784,68,114,2020/02/13 16:37:09
5942110077,照安藥局,高雄市橋頭區橋南路５５號,(07)6113230,0,170,2020/02/13 16:37:09
5942121114,吉暉藥局,高雄市燕巢區中興路１４號,(07)6169393,0,40,2020/02/13 16:37:09
5942140039,和德藥局,高雄市阿蓮區清蓮里中山路８８號,(07)6313928,0,112,2020/02/13 16:37:09
5942140084,惠聖中西藥局,高雄市阿蓮區清蓮里中山路１４號,(07)6312582,1,177,2020/02/13 16:37:09
5942140100,慶德藥局,高雄市阿蓮區阿蓮里中正路５９０號,(07)6312256,88,84,2020/02/13 16:37:09
5942151407,誼康藥局,高雄市路竹區竹東里中山路５４１號,(07)6964043,8,144,2020/02/13 16:37:09
5942171043,明正藥局,高雄市茄萣區茄萣路一段３９１號,(07)6922049,20,72,2020/02/13 16:37:09
5942171114,提安藥局,高雄市茄萣區白砂路２５３巷８號１樓,(07)6906385,240,132,2020/02/13 16:37:09
5942171141,天佑藥局,高雄市茄萣區茄萣路二段２２８－１號,(07)6904778,22,110,2020/02/13 16:37:09
5942190039,立達藥局,高雄市彌陀區中正西路２５９－２號,(07)6179277,0,14,2020/02/13 16:37:09
5942190048,南安藥局,高雄市彌陀區漯底里樂安路５３號,(07)6191802,2,100,2020/02/13 16:37:09
5942190128,柏青藥師藥局,高雄市彌陀區中正路彌靖里中正路１９７號,(07)6107542,14,72,2020/02/13 16:37:09
5942191152,禾安藥局,高雄市彌陀區中正路１００號1樓,(07)6108870,0,136,2020/02/13 16:37:09
5942191198,平順藥局,高雄市彌陀區中正路２７８號一樓,(07)6100498,6,142,2020/02/13 16:37:09
5942200030,順成藥局,高雄市梓官區梓官路城隍巷３１號,(07)6172407,100,70,2020/02/13 16:37:09
5942201171,郭順忠藥局,高雄市梓官區大舍南路２６號,(07)6194418,8,148,2020/02/13 16:37:09
5942201199,安麗兒藥局梓官店,高雄市梓官區嘉展路４７９號,(07)6106189,0,14,2020/02/13 16:37:09
5942211122,永昇藥局,高雄市六龜區太平路８５號,(07)6895522,88,180,2020/02/13 16:37:09
5942220023,維康藥局,高雄市甲仙區西安里中正路２２號,(07)6752585,0,188,2020/02/13 16:37:09
5942220032,文殊堂藥局,高雄市甲仙區西安里文化路２２號,(07)6752176,214,244,2020/02/13 16:37:09
5942221173,永富藥局,高雄市甲仙區和安街３０號,(07)6754383,932,348,2020/02/13 16:37:09
5942230065,明峰藥局,高雄市杉林區上平村山仙路１７４號,(07)6772778,32,229,2020/02/13 16:37:09
5942240025,蔡藥局,高雄市內門區內門里內門路６４號,(07)6671131,0,202,2020/02/13 16:37:09
5942240043,光輝藥局,高雄市內門區鄉觀亭里南屏路２３０號,(07)6671106,24,120,2020/02/13 16:37:09
5943010049,統和藥局,屏東縣屏東市德豐街６３號,(08)7379898,18,130,2020/02/13 16:37:09
5943010076,大茂藥局,屏東縣屏東市逢甲路８５號,(08)7323293,0,147,2020/02/13 16:37:09
5943010101,正欣藥局,屏東縣屏東市前進里清進巷１０７號,(08)7524138,33,144,2020/02/13 16:37:09
5943010156,新東洋藥局,屏東縣屏東市民生路２３８號,(08)7323388,0,136,2020/02/13 16:37:09
5943010192,立眾藥局,屏東縣屏東市勝利路１９０－４號,(08)7665443,216,334,2020/02/13 16:37:09
5943010254,大和藥局,屏東市太平里中正路１６７－１號,(08)7328052,0,124,2020/02/13 16:37:09
5943010263,進東藥局,屏東市平和里民權路４３－３號,(08)7333446,0,190,2020/02/13 16:37:09
5943010272,新東海藥局,屏東市長春里民生路１１６號,(08)7224861,0,94,2020/02/13 16:37:09
5943010281,應安藥局,屏東縣屏東市必信里民族路３０５－７號,(08)7327128,66,190,2020/02/13 16:37:09
5943010343,名石藥局,屏東縣屏東市大連路６０－１０號,(08)7363184,181,276,2020/02/13 16:37:09
5943010398,銘展藥局,屏東縣屏東市大連里建豐路２５４號,(08)7371713,0,186,2020/02/13 16:37:09
5943010432,億泰藥局,屏東市勝利里自由路５８２號,(08)7324005,146,204,2020/02/13 16:37:09
5943010478,信成藥局,屏東縣屏東市大武路９５號,(08)7538647,0,158,2020/02/13 16:37:09
5943010496,惠恩藥局,屏東縣屏東市空翔里勝利路２０２號,(08)7664830,64,68,2020/02/13 16:37:09
5943010629,有宏藥局,屏東縣屏東市中正里中正路６８８巷１１號,(08)7365564,150,212,2020/02/13 16:37:09
5943010665,中美藥局,屏東市扶風里林森路４５號,(08)7348697,4,166,2020/02/13 16:37:09
5943010683,弘盛藥局,屏東縣屏東市海豐街２９－１號,(08)7367470,0,136,2020/02/13 16:37:09
5943010763,一生藥局,屏東縣屏東市民族路４９２號,(08)7665353,8,190,2020/02/13 16:37:09
5943010996,景生藥局,屏東縣屏東市勝利路２４０號之２,(08)7654641,0,38,2020/02/13 16:37:09
5943011037,正源藥局,屏東縣屏東市龍華路１８４號,(08)7558891,0,102,2020/02/13 16:37:09
5943011055,振東中西藥局,屏東縣屏東市崇蘭里１００之６號,(08)7656522,136,162,2020/02/13 16:37:09
5943011135,昱昇藥師藥局,屏東市北勢里中正路３７３－１號,(08)7377471,1,158,2020/02/13 16:37:09
5943011279,馥生中西藥局,屏東縣屏東市大武里大武路５４號,(08)7536611,0,148,2020/02/13 16:37:09
5943012427,寶慷藥局,屏東縣屏東市中正路三九八號,(08)7350558,85,154,2020/02/13 16:37:09
5943012445,家安藥師藥局,屏東縣屏東市廣東路７４７號,(08)7354236,1,100,2020/02/13 16:37:09
5943012570,和信藥局,屏東縣屏東市棒球路８９號,(08)7515918,219,194,2020/02/13 16:37:09
5943012605,中正藥局,屏東縣屏東市中正路１９１號,(08)7339012,212,254,2020/02/13 16:37:09
5943012614,杏林藥局,屏東縣屏東市復興路１３８號,(08)7530233,158,196,2020/02/13 16:37:09
5943012641,桃源藥局,屏東縣屏東市廣東路８１７號一樓,(08)7325686,2,134,2020/02/13 16:37:09
5943012687,禾康藥局,屏東縣屏東市中正路４６０號,(08)7375818,244,182,2020/02/13 16:37:09
5943012758,晉榮藥局,屏東縣屏東市大連路６之１號,(08)7380908,228,848,2020/02/13 16:37:09
5943012801,瑞光藥局,屏東縣屏東市瑞光路二段２５０號,(08)7380002,322,268,2020/02/13 16:37:09
5943012874,明美藥局,屏東縣屏東市復興路２３９號,(08)7515620,36,186,2020/02/13 16:37:09
5943012892,立健藥局,屏東縣屏東市勝利里廣東路９６２號,(08)7328039,0,136,2020/02/13 16:37:09
5943012909,三和藥局,屏東縣屏東市中華路８號,(08)7322519,4,62,2020/02/13 16:37:09
5943012972,泰好藥師社區藥局,屏東縣屏東市大武路１１８號,(08)7523007,0,80,2020/02/13 16:37:09
5943012981,信康生活藥局,屏東縣屏東市永大路２３３號,(08)7519477,46,31,2020/02/13 16:37:09
5943013040,新東京藥局,屏東縣屏東市棒球路４７號,(08)7515817,4,48,2020/02/13 16:37:09
5943013068,陽生藥局,屏東縣屏東市逢甲路２６號,(08)7322413,0,88,2020/02/13 16:37:09
5943013148,杏芳藥局,屏東縣屏東市豐田建豐路１６７號,(08)7364643,248,138,2020/02/13 16:37:09
5943013166,名正生活美藥局,屏東縣屏東市復興南路１段９９號,(08)7524395,0,106,2020/02/13 16:37:09
5943013175,廷美藥局,屏東縣屏東市崇禮里民族路１３２號,(08)7327138,4,176,2020/02/13 16:37:09
5943013184,統合藥局林森店,屏東縣屏東市林森路２５之４９號,(08)7233370,43,166,2020/02/13 16:37:09
5943013200,東生藥局,屏東縣屏東市華盛街１６－３號,(08)7521389,0,128,2020/02/13 16:37:09
5943013237,美加康藥局,屏東縣屏東市廣東南路６５號,(08)7512530,0,100,2020/02/13 16:37:09
5943013291,朝煬藥局,屏東縣屏東市廣東路１５３２號,(08)7322388,56,162,2020/02/13 16:37:09
5943013308,佳美屏基健保藥局,屏東縣屏東市華山里大連路６０之６號,(08)7373766,1,108,2020/02/13 16:37:09
5943013317,心安藥局,屏東縣屏東市自由路４６３號２樓,(08)7343603,546,244,2020/02/13 16:37:09
5943013362,福安新藥局,屏東縣屏東市華山里大連路４０－１５號,(08)7377999,0,90,2020/02/13 16:37:09
5943013424,永昇藥局,屏東縣屏東市民生路１８之１１號,(08)7210069,56,118,2020/02/13 16:37:09
5943013479,吉康美妝保健藥局,屏東縣屏東市永福路２０號,(08)7330803,116,182,2020/02/13 16:37:09
5943013488,弘英藥局,屏東縣屏東市中正路７０２－１１號,(08)7366898,18,150,2020/02/13 16:37:09
5943013497,明正藥局,屏東縣屏東市自由路３８１號,(08)7384391,226,250,2020/02/13 16:37:09
5943013577,佳欣藥局,屏東縣屏東市莊敬街一段９４號,(08)7367992,302,202,2020/02/13 16:37:09
5943013620,增健康藥局,屏東縣屏東市自由路５７９號,(08)7666630,116,220,2020/02/13 16:37:09
5943013639,屏東啄木鳥藥局,屏東縣屏東市民生路７９－２４號,(08)7210684,14,10,2020/02/13 16:37:09
5943013648,信安藥局,屏東縣屏東市金泉里漢口街１１號,(08)7322332,0,242,2020/02/13 16:37:09
5943013746,柏吉藥師藥局,屏東縣屏東市勝利路３２２巷１３號,(08)7668255,202,220,2020/02/13 16:37:09
5943013808,真心藥局,屏東縣屏東市廣東路１０１８號,(08)7334355,46,188,2020/02/13 16:37:09
5943013817,永泰藥師藥局,屏東縣屏東市龍華路１５２號,(08)7531880,0,26,2020/02/13 16:37:09
5943013835,大林崇大藥局,屏東縣屏東市崇武里華盛街７－５號１樓,(08)7517979,50,128,2020/02/13 16:37:09
5943013853,復順藥局,屏東縣屏東市公園東路８４－２號,(08)7215662,0,156,2020/02/13 16:37:09
5943013862,博美藥局,屏東縣屏東市大連里豐榮街６１號,(08)7366917,1,155,2020/02/13 16:37:09
5943013871,人和藥局,屏東縣屏東市林森路５４－１號,(08)7663883,24,188,2020/02/13 16:37:09
5943013880,一二藥局,屏東縣屏東市廣東路１０９４號,(08)7324688,8,76,2020/02/13 16:37:09
5943013899,尚正藥局,屏東縣屏東市端正里中正路１１５之４號,(08)7665899,372,252,2020/02/13 16:37:09
5943013915,怡安生活藥粧藥局,屏東縣屏東市大連里瑞光路２段１３８號１樓,(08)7377162,123,176,2020/02/13 16:37:09
5943013924,喜樂社區藥局,屏東縣屏東市公裕街１６２號,(08)7666552,274,228,2020/02/13 16:37:09
5943013951,大林藥師藥局,屏東縣屏東市平和里仁愛路５９號１樓,(08)7320680,73,165,2020/02/13 16:37:09
5943013979,彥芳藥局,屏東縣屏東市自由路３６４－３號,(08)7385559,144,290,2020/02/13 16:37:09
5943014001,康乃爾藥局,屏東縣屏東市大豐路９－１號,(08)7550506,259,190,2020/02/13 16:37:09
5943014029,台大藥師藥局,屏東縣屏東市光復路１４０－３、１４２號,(08)7330587,42,206,2020/02/13 16:37:09
5943014038,冠綸藥局,屏東縣屏東市華正路２５５號１樓,(08)7365488,0,132,2020/02/13 16:37:09
5943014047,自由藥局,屏東縣屏東市自由路４００號,(08)7386682,147,216,2020/02/13 16:37:09
5943014074,大林崇蘭藥局,屏東縣屏東市大同北路９８號,(08)7323738,0,62,2020/02/13 16:37:09
5943014092,屏東藥局,屏東縣屏東市自由路６３１號,(08)7323331,416,240,2020/02/13 16:37:09
5943014109,維康藥局,屏東縣屏東市中華路６１－１號,(08)7346888,117,194,2020/02/13 16:37:09
5943014118,信康加藥局,屏東縣屏東市建豐路２０８號,(08)7382158,0,36,2020/02/13 16:37:09
5943014127,惠生藥局,屏東縣屏東市歸仁路６３－１３號,(08)7223889,0,160,2020/02/13 16:37:09
5943014145,廣東藥局,屏東縣屏東市廣東路６８２－２．６８４號,(08)7362210,270,276,2020/02/13 16:37:09
5943014163,寬懷藥局,屏東縣屏東市中山路４０號,(08)7333555,0,152,2020/02/13 16:37:09
5943020036,長庚中西藥局,屏東縣潮州鎮三共里朝昇路２３５號,(08)7896626,0,170,2020/02/13 16:37:09
5943020063,大安藥局,屏東縣潮州鎮永春里光春路７１號,(08)7884500,2,174,2020/02/13 16:37:09
5943020090,晉源藥師藥局,屏東縣潮州鎮新興路６５之１號,(08)7886819,246,196,2020/02/13 16:37:09
5943020125,信安西藥局,屏東縣潮州鎮同榮里中山路７０號,(08)7882176,7,72,2020/02/13 16:37:09
5943020134,東隆藥局,屏東縣潮州鎮同榮里建基路１１７號,(08)7882810,146,256,2020/02/13 16:37:09
5943020161,惠安藥局,屏東縣潮州鎮新榮里新生路３１號,(08)7882368,1,196,2020/02/13 16:37:09
5943020170,一心藥局,屏東縣潮州鎮育英路１７－１號,(08)7889789,0,138,2020/02/13 16:37:09
5943020232,健惠藥局,屏東縣潮州鎮大同路４９號,(08)7894797,0,174,2020/02/13 16:37:09
5943020241,健銘藥局,屏東縣潮州鎮新生里新生路１４７號,(08)7897631,0,120,2020/02/13 16:37:09
5943020358,民安藥局,屏東縣潮州鎮同榮里西市路３８號,(08)7885763,185,266,2020/02/13 16:37:09
5943020367,安欣藥師藥局,屏東縣潮州鎮延平路一六八號,(08)7805759,0,195,2020/02/13 16:37:09
5943021426,日得藥局,屏東縣潮州鎮延平路１７６號,(08)7885685,245,238,2020/02/13 16:37:09
5943021444,泰和藥局,屏東縣潮州鎮四維路２９５．２９５－１號,(08)7861278,0,124,2020/02/13 16:37:09
5943021453,杏安藥局,屏東縣潮州鎮永坤路１５１號,(08)7892779,0,134,2020/02/13 16:37:09
5943021480,芳林藥局,屏東縣潮州鎮三和里中正路１９９號,(08)7801919,0,76,2020/02/13 16:37:09
5943021506,潮州啄木鳥藥局,屏東縣潮州鎮介壽路７６號,(08)7890466,0,62,2020/02/13 16:37:09
5943021515,鈺康藥局,屏東縣潮州鎮四維路２１３號,(08)7800921,14,182,2020/02/13 16:37:09
5943021588,成昌藥局,屏東縣潮州鎮永春里光春路９６號１樓,(08)7801199,16,126,2020/02/13 16:37:09
5943021604,葉錦霖藥局,屏東縣潮州鎮新榮里中山五巷３－４號,(08)7885629,42,216,2020/02/13 16:37:09
5943021631,健鑫藥局,屏東縣潮州鎮萬年路１４１號,(08)7862685,44,228,2020/02/13 16:37:09
5943021695,立康藥局,屏東縣潮州鎮介壽路７７號１樓,(08)7800995,184,106,2020/02/13 16:37:09
5943021720,潮州藥局,屏東縣潮州鎮介壽路１－１號,(08)7894000,154,172,2020/02/13 16:37:09
5943021739,新生西藥局,屏東縣潮州鎮中洲路１９８號,(08)7886022,47,152,2020/02/13 16:37:09
5943021757,潮美藥局,屏東縣潮州鎮蓬榮街２６號,(08)7895388,275,262,2020/02/13 16:37:09
5943021766,欣正宗藥局,屏東縣潮州鎮新生路３６號,(08)7892250,0,134,2020/02/13 16:37:09
5943030032,振康藥師藥局,屏東縣東港鎮光復路二段１０１號,(08)8352520,0,48,2020/02/13 16:37:09
5943030103,保生藥局,屏東縣東港鎮中山路５６號,(08)8322818,0,32,2020/02/13 16:37:09
5943030112,怡仁藥局,屏東縣東港鎮頂中里中正路１０７號,(08)8322159,0,72,2020/02/13 16:37:09
5943031324,嘉祐藥局,屏東縣東港鎮中正路一段６８號,(08)8310209,208,44,2020/02/13 16:37:09
5943031468,保生藥局中正店,屏東縣東港鎮興東里中正路一段１３０號,(08)8328178,0,56,2020/02/13 16:37:09
5943031495,東華藥局,屏東縣東港鎮中正路８３號,(08)8322616,0,40,2020/02/13 16:37:09
5943031575,祐德健保藥局,屏東縣東港鎮中山路１號,(08)8325995,1,136,2020/02/13 16:37:09
5943031619,健人藥局,屏東縣東港鎮中正路１４２號,(08)8333828,8,106,2020/02/13 16:37:09
5943031673,嘉蓮藥局,屏東縣東港鎮東隆街４０之２號,(08)8350620,0,86,2020/02/13 16:37:09
5943031708,東港好厝邊藥局,屏東縣東港鎮成功路２５２號１樓,(08)8338233,2,92,2020/02/13 16:37:09
5943031735,愛樂活藥局,屏東縣東港鎮長春一路１１３－１號,(08)8312388,98,112,2020/02/13 16:37:09
5943031744,建和藥局,屏東縣東港鎮東隆里東隆街４２－１號,(08)8339637,92,162,2020/02/13 16:37:09
5943031753,東港啄木鳥藥局,屏東縣東港鎮興東二街１６號,(08)8327125,0,22,2020/02/13 16:37:09
5943031762,冠德藥局,屏東縣東港鎮朝隆路８６號１樓,(08)8351179,214,56,2020/02/13 16:37:09
5943031771,東港藥局,屏東縣東港鎮中正路２５７˙２５７－１號,(08)8325133,226,166,2020/02/13 16:37:09
5943031780,東港丁丁藥局,屏東縣東港鎮長春一路９７號,(08)8336068,0,15,2020/02/13 16:37:09
5943031799,欣大眾藥局,屏東縣東港鎮中正路一段９２號,(08)8351177,123,134,2020/02/13 16:37:09
5943031806,旭安藥局,屏東縣東港鎮光復路一段１８０號１樓,(08)8310552,0,120,2020/02/13 16:37:09
5943040047,聖鑫藥局,屏東縣恆春鎮中正路７３號,(08)8891132,14,48,2020/02/13 16:37:09
5943040074,育誠藥局,屏東縣恆春鎮西門路１０號,(08)8892782,0,82,2020/02/13 16:37:09
5943041222,安田藥師藥局,屏東縣恆春鎮中正路２２９號,(08)8891829,14,18,2020/02/13 16:37:09
5943041320,南門大藥局,屏東縣恆春鎮中正路８４號,(08)8894335,80,84,2020/02/13 16:37:09
5943041348,恆春啄木鳥藥局,屏東縣恆春鎮恒南路２８號,(08)8883990,0,66,2020/02/13 16:37:09
5943050025,博林藥局,屏東縣萬丹鄉社皮村大昌路４５８號,(08)7072876,23,46,2020/02/13 16:37:09
5943050105,萬丹藥局,屏東縣萬丹鄉萬安村和平西路５號,(08)7762889,2,10,2020/02/13 16:37:09
5943050150,成大藥局,屏東縣萬丹鄉萬全村萬榮街８３號１．２樓,(08)7771643,85,171,2020/02/13 16:37:09
5943050169,新萬安藥局,屏東縣萬丹鄉萬安村萬丹路一段１１３號,(08)7772035,76,128,2020/02/13 16:37:09
5943051175,黃藥師藥局,屏東縣萬丹鄉社中村社皮路三段４２８．４３０號,(08)7075529,0,18,2020/02/13 16:37:09
5943051282,建霖藥局,屏東縣萬丹鄉萬惠村萬丹路一段６號１F,(08)7777299,8,98,2020/02/13 16:37:09
5943051291,張藥局,屏東縣萬丹鄉社中村社皮路三段２３２號,(08)7077289,0,150,2020/02/13 16:37:09
5943051308,丹榮藥局,屏東縣萬丹鄉丹榮路６２７號,(08)7760458,16,24,2020/02/13 16:37:09
5943051326,進德藥局,屏東縣萬丹鄉萬安村萬丹路１段１５８號,(08)7772046,0,106,2020/02/13 16:37:09
5943051399,杏林婦嬰藥局,屏東縣萬丹鄉萬安村萬丹路一段１５５號１樓,(08)7777791,3,70,2020/02/13 16:37:09
5943051406,萬壽健保藥局,屏東縣萬丹鄉萬壽路二段２７５號,(08)7760422,20,118,2020/02/13 16:37:09
5943051415,好藥多藥局,屏東縣萬丹鄉水泉村萬新路１３８８號,(08)7770055,0,2,2020/02/13 16:37:09
5943060030,睦昌藥局,屏東縣長治鄉崑崙路１８８之１５號,(08)7622433,110,200,2020/02/13 16:37:09
5943060049,忠安中西藥局,屏東縣長治鄉中山路１０號,(08)7621326,0,38,2020/02/13 16:37:09
5943060058,臺灣人藥師藥局,屏東縣長治鄉崙上村崑崙路１８８－１０號,(08)7625315,0,154,2020/02/13 16:37:09
5943060067,長興藥師藥局,屏東縣長治鄉長興路３０６號,(08)7382328,0,91,2020/02/13 16:37:09
5943061082,佑安藥局,屏東縣長治鄉新潭村長興路２４之１號,(08)7383958,4,118,2020/02/13 16:37:09
5943061091,瑞安藥局,屏東縣長治鄉瑞源路１１號,(08)7237236,6,178,2020/02/13 16:37:09
5943061135,宏大藥師藥局潭頭店,屏東縣長治鄉潭頭路１５５號,(08)7369957,0,113,2020/02/13 16:37:09
5943061144,繁華藥局,屏東縣長治鄉繁華路２６９號,(08)7626055,0,160,2020/02/13 16:37:09
5943070027,泰安藥局,屏東縣麟洛鄉麟頂村民生路２６號,(08)7221543,0,116,2020/02/13 16:37:09
5943071088,立登藥局,屏東縣麟洛鄉中山路２５６之１號,(08)7213590,0,72,2020/02/13 16:37:09
5943071168,麟洛藥局,屏東縣麟洛鄉麟趾村中山路３９１－３９３號,(08)7222617,0,92,2020/02/13 16:37:09
5943081100,東寧藥局,屏東縣九如鄉東寧村東寧路１８０號,(08)7394122,42,188,2020/02/13 16:37:09
5943081137,九如藥局,屏東縣九如鄉東寧村九如路二段２３０號,(08)7397777,56,120,2020/02/13 16:37:09
5943081146,穎昇藥局,屏東縣九如鄉九如路二段１３１號,(08)7393672,0,56,2020/02/13 16:37:09
5943081155,信昌藥局,屏東縣九如鄉九如路２段１１９號,(08)7397337,142,150,2020/02/13 16:37:09
5943090029,亞洲藥局,屏東縣里港鄉永春路８號,(08)7752938,45,116,2020/02/13 16:37:09
5943091151,祥安藥局,屏東縣里港鄉玉田村玉田路６３－２號,(08)7757652,2,34,2020/02/13 16:37:09
5943091160,里港寶康藥局,屏東縣里港鄉仁和路２４號,(08)7721189,0,30,2020/02/13 16:37:09
5943091179,里港全心藥局,屏東縣里港鄉永春村中山路９４號,(08)7757222,0,102,2020/02/13 16:37:09
5943100011,宏大藥局,屏東縣鹽埔鄉新二村彭厝路３８－５號,(08)7935513,0,82,2020/02/13 16:37:09
5943100516,益通藥局,屏東縣鹽埔鄉新二村維新路７４之８號,(08)7932241,14,160,2020/02/13 16:37:09
5943101107,安利藥局,屏東縣鹽埔鄉塩中村勝利路７１號,(08)7938969,0,62,2020/02/13 16:37:09
5943101125,聯豐藥局,屏東縣鹽埔鄉新二村維新路７２之１號,(08)7930808,2,116,2020/02/13 16:37:09
5943110035,永效藥局,屏東縣高樹鄉司馬村長美路８３號,(08)7960295,160,240,2020/02/13 16:37:09
5943110044,宏順藥局,屏東縣高樹鄉長榮村南昌路２－２號,(08)7962136,1,212,2020/02/13 16:37:09
5943110053,葉藥局,屏東縣高樹鄉高樹村南興路４９－７及４９－８號,(08)7967883,0,70,2020/02/13 16:37:09
5943110062,永昌藥局,屏東縣高樹鄉產業路１６３號,(08)7956087,18,147,2020/02/13 16:37:09
5943111158,武康健保藥局,屏東縣高樹鄉高樹村南興路９７號,(08)7965826,0,150,2020/02/13 16:37:09
5943111167,必佳藥局,屏東縣高樹鄉高樹村南興路６０－６號,(08)7967927,185,220,2020/02/13 16:37:09
5943120022,何藥局,屏東縣萬巒鄉佳佐村民生路１２９號,(08)7836888,66,162,2020/02/13 16:37:09
5943125125,昕妙春藥局,屏東縣萬巒鄉新置村新隆路４８號,(08)7850153,192,194,2020/02/13 16:37:09
5943125161,國信藥局,屏東縣萬巒鄉萬全村褒忠路７０號（Ｂ棟）,(08)7813689,36,134,2020/02/13 16:37:09
5943125189,寶合康藥局,屏東縣萬巒鄉佳和村佳興路３６－８號,(08)7831017,67,123,2020/02/13 16:37:09
5943125198,李藥局,屏東縣萬巒鄉褒忠路１１４號,(08)7810625,0,160,2020/02/13 16:37:09
5943125205,萬巒健保藥局,屏東縣萬巒鄉褒忠路７７號,(08)7815919,18,123,2020/02/13 16:37:09
5943130055,和安藥局,屏東縣內埔鄉東勢村嘉應路２７－１號,(08)7792647,0,146,2020/02/13 16:37:09
5943130064,長生藥局,屏東縣內埔鄉仁和路７號,(08)7792121,0,132,2020/02/13 16:37:09
5943130082,健林藥局,屏東縣內埔鄉中興路１５７號,(08)7790635,2,60,2020/02/13 16:37:09
5943130260,內埔藥師藥局,屏東縣內埔鄉東寧村南寧路２號,(08)7788919,28,32,2020/02/13 16:37:09
5943131365,內埔藥師藥局文化店,屏東縣內埔鄉內埔村文化路３８２號,(08)7693929,42,102,2020/02/13 16:37:09
5943131392,內田藥局,屏東縣內埔鄉內田村廣濟路２５５號,(08)7692222,46,210,2020/02/13 16:37:09
5943131427,佳安藥局,屏東縣內埔鄉內田村廣濟路１４３號,(08)7782938,8,132,2020/02/13 16:37:09
5943131436,東東藥局,屏東縣內埔鄉內田村廣濟路４９號,(08)7780183,0,160,2020/02/13 16:37:09
5943131481,禾韻藥局,屏東縣內埔鄉龍泉村東川路３５號,(08)7700378,0,86,2020/02/13 16:37:09
5943131516,新榮安藥局,屏東縣內埔鄉勝光路７１號１樓,(08)7799086,0,58,2020/02/13 16:37:09
5943131534,內埔啄木鳥藥局,屏東縣內埔鄉光明路４７１號,(08)7787078,4,99,2020/02/13 16:37:09
5943140015,新健安藥局,屏東縣竹田鄉竹田村自強路６６－３號,(08)7710789,213,168,2020/02/13 16:37:09
5943140060,富田藥局,屏東縣竹田鄉中正路１３３－１號,(08)7711858,6,158,2020/02/13 16:37:09
5943151027,安泰藥局新埤店,屏東縣新埤鄉新華路１６３號,(08)7973793,0,236,2020/02/13 16:37:09
5943151054,永聖藥局,屏東縣新埤鄉中正路７７號,(08)7972379,25,220,2020/02/13 16:37:09
5943160026,吉村藥局,屏東縣枋寮鄉安樂村中山路８５號,(08)8781593,0,62,2020/02/13 16:37:09
5943160035,隆山藥局,屏東縣枋寮鄉安樂村中山路１１５－２號,(08)8785700,8,82,2020/02/13 16:37:09
5943161078,水底寮健人藥師藥局,屏東縣枋寮鄉中華路２６５號,(08)8716828,0,84,2020/02/13 16:37:09
5943161121,永明藥局,屏東縣枋寮鄉安樂村中山路１１９－１號,(08)8781481,0,104,2020/02/13 16:37:09
5943161130,新鴻藥局,屏東縣枋寮鄉中山路３１１號,(08)8783321,4,130,2020/02/13 16:37:09
5943170059,吉利藥局,屏東縣新園鄉仙吉村仙吉路１３７號,(08)8681290,0,82,2020/02/13 16:37:09
5943170077,健安藥局,屏東縣新園鄉中洲村南興路１７０號,(08)8322649,0,220,2020/02/13 16:37:09
5943170095,長安中西藥局,屏東縣新園鄉中洲村南興路１９４號,(08)8336986,0,84,2020/02/13 16:37:09
5943171163,郁達藥局,屏東縣新園鄉仙吉村仙吉路二十七之二號,(08)8681258,11,77,2020/02/13 16:37:09
5943171181,大眾藥師藥局〈新園店〉,屏東縣新園鄉烏龍村南興路３００之１號,(08)8338386,28,102,2020/02/13 16:37:09
5943181070,佳恩藥局,屏東縣崁頂鄉興農路４８號,(08)8635257,0,126,2020/02/13 16:37:09
5943190033,陽昇藥局,屏東縣林邊鄉林邊村忠孝路３１－２號,(08)8751347,0,88,2020/02/13 16:37:09
5943190042,永清堂藥局,屏東縣林邊鄉永樂村榮農路５巷７－３號,(08)8755138,1,74,2020/02/13 16:37:09
5943190088,壽泰健康藥局,屏東縣林邊鄉仁和村中山路１９１號,(08)8752366,0,108,2020/02/13 16:37:09
5943191101,和成健康藥局,屏東縣林邊鄉中林路一二三號,(08)8752028,2,102,2020/02/13 16:37:09
5943200016,萬隆發藥局,屏東縣南州鄉仁里村三民路３９號,(08)8642176,2,112,2020/02/13 16:37:09
5943200052,源明藥局,屏東縣南州鄉三民路１４８號,(08)8642276,0,150,2020/02/13 16:37:09
5943201095,南州健人藥師藥局,屏東縣南州鄉三民路１４９號,(08)8646828,2,126,2020/02/13 16:37:09
5943210021,耀勝藥局,屏東縣佳冬鄉羌園村羌光路３－２號,(08)8663296,0,176,2020/02/13 16:37:09
5943210076,德馨藥局,屏東縣佳冬鄉石光村中山路１８５之３號,(08)8661492,0,48,2020/02/13 16:37:09
5943221051,明德藥局,屏東縣琉球鄉本福村中山路１５１號,(08)8611278,4,86,2020/02/13 16:37:09
5943221131,美美藥局,屏東縣琉球鄉中山路７５之３號,(08)8612191,11,83,2020/02/13 16:37:09
5943231048,車城藥局,屏東縣車城鄉福興村中山路４２號,(08)8825329,192,266,2020/02/13 16:37:09
5943251068,莊淳溢藥局,屏東縣枋山鄉善餘村德隆路35-1號,(08)8771836,540,246,2020/02/13 16:37:09
5943310553,康健藥局,屏東縣春日鄉春日村春日路１８-１號,(08)8782098,41,146,2020/02/13 16:37:09
5944010025,大智藥局,澎湖縣馬公市陽明里大智街２６號,(06)9262151,0,204,2020/02/13 16:37:09
5944010043,新見安藥局,澎湖縣馬公市光明里光復路９５號,(06)9277346,38,14,2020/02/13 16:37:09
5944010061,敏松藥局,澎湖縣馬公市民生路２５－９號,(06)9273241,0,90,2020/02/13 16:37:09
5944010070,合珍藥局,為澎湖縣馬公市鎖港里３８７－１號,(06)9953082,0,14,2020/02/13 16:37:09
5944010089,宏安藥局,澎湖縣馬公市中華路５４號,(06)9273048,0,52,2020/02/13 16:37:09
5944011326,益立康藥局,澎湖縣馬公市中華路２９３號,(06)9271017,1,192,2020/02/13 16:37:09
5944011335,振發藥局,澎湖縣馬公市中華路１９７號,(06)9274529,0,190,2020/02/13 16:37:09
5944011353,信成藥局,澎湖縣馬公市中華路８２－２號,(06)9276137,0,196,2020/02/13 16:37:09
5944011371,永安藥局,澎湖縣馬公市陽明路１１２號,(06)9265317,0,144,2020/02/13 16:37:09
5944011406,陽明金福藥局,澎湖縣馬公市陽明路５０號,(06)9260855,0,93,2020/02/13 16:37:09
5944011424,宏淇藥局,澎湖縣馬公市大勇街５０號,(06)9260782,0,152,2020/02/13 16:37:09
5944011433,東文藥局,澎湖縣馬公市東文里文山路６６號,(06)9221433,2,50,2020/02/13 16:37:09
5944011442,澎躍藥局,澎湖縣馬公市朝陽里文昌街５０－５號６樓,(06)9277343,0,267,2020/02/13 16:37:09
5944020558,全民藥局,澎湖縣湖西鄉湖西村１５０－３號,(06)9920403,0,82,2020/02/13 16:37:09
5944040014,金福藥局,澎湖縣西嶼鄉池東村４３之２號,(06)9984048,0,128,2020/02/13 16:37:09
5945010038,德生藥局,花蓮縣花蓮市中山路３２９號,(03)8322676,0,98,2020/02/13 16:37:09
5945010047,邱藥局,花蓮縣花蓮市忠孝街４８號,(03)8324573,0,154,2020/02/13 16:37:09
5945010056,健安藥局,花蓮縣花蓮市中山路５３７號,(03)8323031,1,96,2020/02/13 16:37:09
5945010118,永昇藥局,花蓮縣花蓮市化道路２１２之１號,(03)8225887,4,154,2020/02/13 16:37:09
5945010136,保康藥局,花蓮縣花蓮市建國路２段３４０號,(03)8579760,4,96,2020/02/13 16:37:09
5945010154,郭藥局,花蓮縣花蓮市中美路９５號之３,(03)8230761,52,154,2020/02/13 16:37:09
5945010252,吉康藥局,花蓮縣花蓮市中正路３６０號,(03)8331208,0,76,2020/02/13 16:37:09
5945010289,易生藥局,花蓮縣花蓮市中正路４４３號,(03)8322927,0,118,2020/02/13 16:37:09
5945011311,祥悅藥局,花蓮縣花蓮市和平路５４９號,(03)8323808,312,266,2020/02/13 16:37:09
5945011366,康復藥局,花蓮縣花蓮市中和街２０１號,(03)8323658,196,248,2020/02/13 16:37:09
5945011428,博愛藥局,花蓮縣花蓮市南京街２７６號,(03)8323335,84,242,2020/02/13 16:37:09
5945011517,宏卿藥局,花蓮縣花蓮市林森路４１９號,(03)8328152,200,50,2020/02/13 16:37:09
5945011526,奧爾思藥局,花蓮縣花蓮市博愛街２１５號,(03)8325573,366,294,2020/02/13 16:37:09
5945011759,康馨藥局,花蓮縣花蓮市鎮國街１３號,(03)8325988,214,202,2020/02/13 16:37:09
5945011795,晉嘉藥局,花蓮縣花蓮市明禮路７１之８號,(03)8347329,96,116,2020/02/13 16:37:09
5945012069,華康藥局,花蓮縣花蓮市建國路１９６號,(03)8328366,131,180,2020/02/13 16:37:09
5945012087,信康藥局,花蓮縣花蓮市中華路２９５號,(03)8320358,36,176,2020/02/13 16:37:09
5945012096,林森藥局,花蓮縣花蓮市林森路３０９之１號B１,(03)8336321,12,160,2020/02/13 16:37:09
5945012112,金英寶藥局,花蓮縣花蓮市國富十街９８號１樓,(03)8569596,0,136,2020/02/13 16:37:09
5945012185,惠生藥局,花蓮縣花蓮市新港街４９號,(03)8336836,168,190,2020/02/13 16:37:09
5945012210,維格藥局,花蓮縣花蓮市富國路４８號,(03)8562335,45,164,2020/02/13 16:37:09
5945012229,富康大藥局,花蓮縣花蓮市中美路７３－２號一樓,(03)8227396,1,66,2020/02/13 16:37:09
5945012247,和信藥局,花蓮市中福路１３３號,(03)8330916,8,184,2020/02/13 16:37:09
5945012256,惠好藥局,花蓮市國聯四路７７號,(03)8338911,4,8,2020/02/13 16:37:09
5945012318,祥康藥局,花蓮縣花蓮市中美路８７－２號,(03)8230595,144,60,2020/02/13 16:37:09
5945012434,博文藥局,花蓮縣花蓮市光復街２２號,(03)8345657,0,172,2020/02/13 16:37:09
5945012498,安安藥局,花蓮縣花蓮市中山路１４２－８號,(03)8334514,1,116,2020/02/13 16:37:09
5945012630,三光藥局,花蓮縣花蓮市中華路２５１－３號１樓,(03)8333605,180,306,2020/02/13 16:37:09
5945012649,活泉藥局,花蓮縣花蓮市中正路１７６號,(03)8316633,32,158,2020/02/13 16:37:09
5945012658,花蓮丁丁藥局,花蓮縣花蓮市中山路５５３號,(03)8360312,78,56,2020/02/13 16:37:09
5945012685,慈田藥局,花蓮縣花蓮市中華路１８８號,(03)8316889,52,152,2020/02/13 16:37:09
5945012701,人仁藥局,花蓮縣花蓮市博愛街１８４－１號,(03)8332267,108,168,2020/02/13 16:37:09
5945012738,安邦健康藥局,花蓮縣花蓮市中美路６３－３號,(03)8341177,0,182,2020/02/13 16:37:09
5945012783,益康大藥局,花蓮縣花蓮市國富里富國路１４６號１樓,(03)8564099,35,74,2020/02/13 16:37:09
5945012809,千登健保藥局,花蓮縣花蓮市中央路三段６５３號,(03)8571970,2,104,2020/02/13 16:37:09
5945012836,全心藥局,花蓮縣花蓮市永興路１號,(03)8223488,0,107,2020/02/13 16:37:09
5945012863,承祐藥局,花蓮縣花蓮市建國路２６６號,(03)8338261,0,92,2020/02/13 16:37:09
5945012872,宇康藥局,花蓮縣花蓮市中華路３９７號,(03)8357790,102,164,2020/02/13 16:37:09
5945012890,達榮藥局,花蓮縣花蓮市中福路１９４號,(03)8316020,0,76,2020/02/13 16:37:09
5945012934,小甜甜藥局,花蓮縣花蓮市林森路２５８－２號１樓,(03)8355562,24,224,2020/02/13 16:37:09
5945012970,東大藥局,花蓮縣花蓮市富吉路４號,(03)8463231,0,104,2020/02/13 16:37:09
5945013002,杏家藥局,花蓮縣花蓮市明禮路５號１樓,(03)8323367,292,256,2020/02/13 16:37:09
5945013011,國泰藥局,花蓮縣花蓮市中華路４５９－１號,(03)8530959,0,76,2020/02/13 16:37:09
5945013039,金喜藥局,花蓮縣花蓮市中山路７３３號,(03)8466829,0,96,2020/02/13 16:37:09
5945013048,幸福花蓮藥局,花蓮縣花蓮市中正路１７９號,(03)8361412,0,76,2020/02/13 16:37:09
5945013057,富強健康藥局,花蓮縣花蓮市國裕里２２鄰富強路１２８號,(03)8571839,0,138,2020/02/13 16:37:09
5945013066,藍天藥局,花蓮縣花蓮市林森路４２１號,(03)8328152,122,238,2020/02/13 16:37:09
5945013084,中正藥局,花蓮縣花蓮市中正路２９８號,(03)8346990,198,50,2020/02/13 16:37:09
5945013100,華安藥局,花蓮縣花蓮市中美路７７－１號,(03)8222013,257,156,2020/02/13 16:37:09
5945013119,北國泰藥局,花蓮縣花蓮市府前路５７８號,(03)8236256,0,164,2020/02/13 16:37:09
5945013128,佑全花蓮中山藥局,花蓮縣花蓮市中山路３２６號１、２樓,(03)8360199,0,96,2020/02/13 16:37:09
5945013137,柏陞藥局,花蓮縣花蓮市和平路４９８號,(03)8315339,202,222,2020/02/13 16:37:09
5945013146,佳成藥局,花蓮縣花蓮市中美路６３－２號,(03)8336171,64,168,2020/02/13 16:37:09
5945021040,人和藥局,花蓮縣鳳林鎮中正路２００號,(03)8762712,216,146,2020/02/13 16:37:09
5945021059,家恩藥局,花蓮縣鳳林鎮中和路２００號之１,(03)8760469,0,140,2020/02/13 16:37:09
5945021086,安康鳳林藥局,花蓮縣鳳林鎮仁愛街１０號１樓,(03)8762227,0,108,2020/02/13 16:37:09
5945030076,仁仁藥局,花蓮縣玉里鎮光復路１５２號,(03)8886566,290,272,2020/02/13 16:37:09
5945030094,德興藥局,花蓮縣玉里鎮國武里中山路２段５８號,(03)8889408,0,124,2020/02/13 16:37:09
5945031199,仁德藥局,花蓮縣玉里鎮中華路１４０號,(03)8882333,58,248,2020/02/13 16:37:09
5945031224,東玉藥局,花蓮縣玉里鎮大同路４５－２號,(03)8884617,198,150,2020/02/13 16:37:09
5945031260,里安藥局,花蓮縣玉里鎮復興街３０號,(038)883737,166,236,2020/02/13 16:37:09
5945031279,錦玉藥局,花蓮縣玉里鎮民生街４４巷３１號,(03)8880648,229,47,2020/02/13 16:37:09
5945031297,莊藥局,花蓮縣玉里鎮中城里２７鄰成功街９５號,(03)8882328,0,158,2020/02/13 16:37:09
5945040036,黃藥局,花蓮縣新城鄉北埔村北埔路２０３號,(03)8267211,0,8,2020/02/13 16:37:09
5945041051,麗康藥局,花蓮縣新城鄉北埔路１２７號,(03)8262836,0,128,2020/02/13 16:37:09
5945041060,佳安藥局,花蓮縣新城鄉北埔村北埔路５０號,(03)8261608,158,200,2020/02/13 16:37:09
5945050069,富一藥局,花蓮縣吉安鄉宜昌村中華路２段２０１號,(03)8531432,0,76,2020/02/13 16:37:09
5945050176,永和藥局,花蓮縣吉安鄉北昌村建國路１段１４５號,(03)8573247,0,104,2020/02/13 16:37:09
5945051208,祥安藥局,花蓮縣吉安鄉南昌村吉興路１段８９號,(03)8549719,0,110,2020/02/13 16:37:09
5945051226,仁里藥局,花蓮縣吉安鄉中正路１段１６３號,(03)8512569,16,86,2020/02/13 16:37:09
5945051271,小叮噹藥局,花蓮縣吉安鄉建國路１段６３號１樓,(03)8576886,148,115,2020/02/13 16:37:09
5945051388,荃安藥局,花蓮縣吉安鄉建國路二段２７７－１號,(03)8579317,0,104,2020/02/13 16:37:09
5945051413,永安藥局,花蓮縣吉安鄉吉安路２段１３４號,(03)8547952,18,174,2020/02/13 16:37:09
5945051422,甜膠囊藥局,花蓮縣吉安鄉建國路二段２２３之１號,(03)8460699,8,114,2020/02/13 16:37:09
5945051520,洄瀾藥局,花蓮縣吉安鄉中山路三段２７９號,(03)8525217,43,214,2020/02/13 16:37:09
5945051539,和安藥局,花蓮縣吉安鄉永安村吉安路一段３２號,(03)8570032,13,106,2020/02/13 16:37:09
5945051575,宜康藥局,花蓮縣吉安鄉中華路二段１３４號,(03)8512980,6,134,2020/02/13 16:37:09
5945051584,安欣藥局,花蓮縣吉安鄉建國路一段７９號,(03)8563186,0,68,2020/02/13 16:37:09
5945051593,明德藥局,花蓮縣吉安鄉中山路二段１７１號,(03)8513102,0,144,2020/02/13 16:37:09
5945051619,仁愛藥局,花蓮縣吉安鄉慶豐村中山路三段２８０號,(03)8511635,0,58,2020/02/13 16:37:09
5945051646,花蓮建國藥局,花蓮縣吉安鄉建國路１段１３７－１號,(03)8461699,84,156,2020/02/13 16:37:09
5945051664,吉安丁丁藥局,花蓮縣吉安鄉中華路二段１１號,(03)8536772,62,48,2020/02/13 16:37:09
5945051673,上善藥局,花蓮縣吉安鄉吉安路二段３９號,(03)8535618,0,84,2020/02/13 16:37:09
5945051682,享寧藥局,花蓮縣吉安鄉中正路一段２號１樓,(03)8526532,11,128,2020/02/13 16:37:09
5945051691,安康藥局,花蓮縣吉安鄉中山路三段３８４號,(03)8513951,0,134,2020/02/13 16:37:09
5945051717,宜美藥局,花蓮縣吉安鄉中山路２段１號,(03)8524680,18,172,2020/02/13 16:37:09
5945061106,志成藥局,花蓮縣壽豐鄉志學村中正路３７號,(03)8661303,2,182,2020/02/13 16:37:09
5945061179,東崋藥局,花蓮縣壽豐鄉志學村中山路３段２０號,(03)8662255,0,112,2020/02/13 16:37:09
5945061188,壽豐藥局,花蓮縣壽豐鄉壽豐路二段７４號,(03)8650872,0,202,2020/02/13 16:37:09
5945061197,禾豐藥局,花蓮縣壽豐鄉豐山村中山路２３７號,(03)8652068,22,126,2020/02/13 16:37:09
5945061204,益昌藥局,花蓮縣壽豐鄉壽豐村中山路５段１１３號,(03)8653718,0,176,2020/02/13 16:37:09
5945070516,平安藥局,花蓮縣光復鄉光華里忠孝路９８號,(03)8700765,178,226,2020/02/13 16:37:09
5945070534,菩濟藥局,花蓮縣光復鄉敦厚路６號,(03)8705968,118,226,2020/02/13 16:37:09
5945070561,合康藥局,花蓮縣光復鄉中正路一段８５號１樓,(03)8700306,0,118,2020/02/13 16:37:09
5945070589,快樂藥局,花蓮縣光復鄉中正路一段５９號,(03)8700668,236,290,2020/02/13 16:37:09
5945091088,立健藥局,花蓮縣瑞穗鄉中華路９２號,(03)8870184,14,82,2020/02/13 16:37:09
5945091113,瑞安藥局,花蓮縣瑞穗鄉中山路１段６號,(03)8876616,0,14,2020/02/13 16:37:09
5946010194,陳藥局,台東縣台東市光明路１４３號,(089)310659,0,26,2020/02/13 16:37:09
5946010229,晃成藥局,台東縣台東市更生路４９４號,(089)336981,58,96,2020/02/13 16:37:09
5946010256,健康大藥局,９５０台東市新生路４８９號,(089)347049,0,12,2020/02/13 16:37:09
5946011459,賀順藥局,台東縣台東市更生路５６號,(089)345223,42,86,2020/02/13 16:37:09
5946011477,杏林藥局,台東縣台東市中正里光明路１２６號,(089)328674,0,188,2020/02/13 16:37:09
5946011486,大東藥局,台東縣台東市中山路２３８號,(089)349747,45,91,2020/02/13 16:37:09
5946011566,正德藥局,台東縣台東市更生路１９９號２樓,(089)334181,54,190,2020/02/13 16:37:09
5946011593,松泰藥師藥局,台東縣台東市中華路１段２４２號,(089)334845,50,104,2020/02/13 16:37:09
5946011673,大華藥局,台東縣台東市中華路一段３９８號,(089)326128,248,98,2020/02/13 16:37:09
5946011691,宜康藥局,台東縣台東市更生路６８５號,(089)227061,2,138,2020/02/13 16:37:09
5946011753,日安藥局,台東縣台東市大順路１９號,(089)516116,0,47,2020/02/13 16:37:09
5946011771,詠康藥局,台東縣台東市更生路１１３號,(089)361950,0,50,2020/02/13 16:37:09
5946011780,禾安藥局,台東縣台東市正氣北路１４５號,(089)347999,0,20,2020/02/13 16:37:09
5946011824,東農藥局,臺東縣台東市新生路２２７號,(089)353195,0,109,2020/02/13 16:37:09
5946011842,康泰藥局,臺東縣台東市博愛路３６０號,(089)349889,16,148,2020/02/13 16:37:09
5946011851,合興大藥局,臺東縣台東市四維路３段４０號,(089)220995,2,82,2020/02/13 16:37:09
5946011931,中華藥局,臺東縣台東市中華路二段３４５號,(089)322389,0,35,2020/02/13 16:37:09
5946011968,晶采藥局,臺東縣台東市中正路３３２號,(089)343388,28,116,2020/02/13 16:37:09
5946012018,強生幸福藥局,臺東縣台東市更生路７３１號,(089)235131,0,130,2020/02/13 16:37:09
5946012063,采宏健保藥局,臺東縣台東市中正路２１１號,(089)330197,28,105,2020/02/13 16:37:09
5946012072,聯美藥局,臺東縣台東市開封街５９５號,(089)330529,2,130,2020/02/13 16:37:09
5946012107,甫原中西人合藥局,臺東縣台東市光明路１２０號,(089)328166,0,18,2020/02/13 16:37:09
5946012116,永盛藥局,臺東縣台東市中山路２６７之１號,(089)345767,0,70,2020/02/13 16:37:09
5946012125,強生藥師藥局,臺東縣台東市更生路７６６號,(089)226867,1,90,2020/02/13 16:37:09
5946012170,維康藥局台東馬偕店,臺東縣台東市長沙街１９６號,(089)354750,0,28,2020/02/13 16:37:09
5946012198,豐田藥局,臺東縣台東市中興路四段４９５之１號１樓,(089)384057,14,102,2020/02/13 16:37:09
5946012205,欣華藥局,臺東縣臺東市更生路７３號,(089)320676,0,178,2020/02/13 16:37:09
5946012214,采宏健康藥局,臺東縣台東市民生里更生路１２６號,(089)330192,152,192,2020/02/13 16:37:09
5946012232,大正藥局,臺東縣臺東市中興路２段４３４號,(089)239775,5,103,2020/02/13 16:37:09
5946012241,精湛藥局,臺東縣臺東市中正路３４４號,(089)356119,168,211,2020/02/13 16:37:09
5946012287,安心藥局,臺東縣台東市新生路８５號２樓,(089)348337,243,206,2020/02/13 16:37:09
5946012312,仁愛藥局,臺東縣臺東市光明路４０號,(089)350360,12,158,2020/02/13 16:37:09
5946020047,成功健康藥局,臺東縣成功鎮中山路１７號,(089)853332,0,50,2020/02/13 16:37:09
5946020056,順華藥局,臺東縣成功鎮中華路１３６號１樓、２樓(１４舖),(089)851273,0,90,2020/02/13 16:37:09
5946030025,大豐藥局,台東縣關山鎮中華路３８號,(089)810502,3,92,2020/02/13 16:37:09
5946030034,宏順藥局,台東縣關山鎮中華路１６號,(089)813536,0,142,2020/02/13 16:37:09
5946041028,安康藥局,台東縣卑南鄉太平里和平路１１１之６號,(089)383729,0,140,2020/02/13 16:37:09
5946061093,仁和藥局,台東縣太麻里鄉泰和村外環路２１８號,(089)781523,308,212,2020/02/13 16:37:09
5946061128,三杏藥局,臺東縣太麻里鄉太麻里街２６３號,(089)783373,0,111,2020/02/13 16:37:09
5946080552,伯安健康藥局,臺東縣長濱鄉長濱村１０鄰長濱路１０５號,(089)832519,68,186,2020/02/13 16:37:09
5946091108,鹿野藥局,台東縣鹿野鄉中華路２段１４６號１樓,(089)552027,228,256,2020/02/13 16:37:09
5946091135,平安藥局,臺東縣鹿野鄉中華路二段５號,(089)550688,4,118,2020/02/13 16:37:09
5946101065,上和藥局,台東縣池上鄉忠孝路８６號,(089)864171,0,122,2020/02/13 16:37:09
5990010515,大賀藥局,金門縣金城鎮北門里民生路３號,(082)327678,5,5,2020/02/13 16:37:09
5990010524,康總藥局,金門縣金城鎮西門里莒光路１５６號,(082)316053,0,68,2020/02/13 16:37:09
5990010542,大愛藥局,金門縣金城鎮東門里民族路１６號,(082)312266,0,34,2020/02/13 16:37:09
5990010631,大森藥局,金門縣金城鎮民生路２８、３０號１、２樓,(82)325100,2,0,2020/02/13 16:37:09
5990010668,百泰藥局,金門縣金城鎮西海路１段１號,(082)312832,0,38,2020/02/13 16:37:09
5990010677,沛禾藥局,金門縣金城鎮民權路１４０號,(082)323520,0,2,2020/02/13 16:37:09
5990020020,大金藥局,金門縣金沙鎮汶沙里五福街１號,(082)355382,2,0,2020/02/13 16:37:09
5990030062,大山藥局,金門縣金湖鎮新市里中正路２號、２－２號,(082)333290,2,0,2020/02/13 16:37:09
